1.052144150798424960e+01 4.766196920163143780e-01
2.173778649470683888e+00 4.890156245569944105e+01
7.017653010316305284e+00 8.679767411934955490e-01
6.970355375866691183e+00 1.895788313700033534e+00
5.722576517138934449e+00 2.135095782597916880e+00
3.882293598607126306e+00 9.819228312567904737e+00
8.807845197724995856e+00 6.384542907305958970e-01
3.414962532348234880e+00 2.034988281498138463e+01
3.402751698472902930e+00 2.635546907431285035e+01
3.517481712732057453e+00 1.615476755980392198e+01
3.538202396751601420e+00 1.035236921809790900e+01
9.824387048313113269e+00 5.108215358236416481e-01
3.538202396751601420e+00 1.035236921809790900e+01
3.402751698472902930e+00 2.635546907431285035e+01
3.108452316209396216e+00 3.179923056812791771e+01
5.722576517138934449e+00 2.135095782597916880e+00
4.950643546401439110e+00 3.871987433464991302e+00
1.052144150798424960e+01 4.766196920163143780e-01
9.824387048313113269e+00 5.108215358236416481e-01
2.283552655571897905e+00 4.480273640573949478e+01
2.181277373065323655e+00 4.864168269576101267e+01
2.283552655571897905e+00 4.480273640573949478e+01
3.517481712732057453e+00 1.615476755980392198e+01
3.495774174447012328e+00 1.919802946981857872e+01
2.725690904468679232e+00 4.003943847215710150e+01
2.310655397418450274e+00 4.218735105999622448e+01
7.017653010316305284e+00 8.679767411934955490e-01
4.282349340271386140e+00 7.632566807709426193e+00
4.282349340271386140e+00 7.632566807709426193e+00
4.373867094732441174e+00 5.608124789797437337e+00
4.282349340271386140e+00 7.632566807709426193e+00
2.555228250351829544e+00 4.154458865856667416e+01
4.466198939506490717e+00 5.426227803793086224e+00
5.722576517138934449e+00 2.135095782597916880e+00
4.950643546401439110e+00 3.871987433464991302e+00
8.807845197724995856e+00 6.384542907305958970e-01
3.402751698472902930e+00 2.635546907431285035e+01
2.725690904468679232e+00 4.003943847215710150e+01
4.950643546401439110e+00 3.871987433464991302e+00
2.569490201226096282e+00 4.033348213056491716e+01
8.807845197724995856e+00 6.384542907305958970e-01
8.807845197724995856e+00 6.384542907305958970e-01
4.950643546401439110e+00 3.871987433464991302e+00
3.414962532348234880e+00 2.034988281498138463e+01
3.495336050178180720e+00 1.928272476677339498e+01
6.970355375866691183e+00 1.895788313700033534e+00
2.569490201226096282e+00 4.033348213056491716e+01
2.725690904468679232e+00 4.003943847215710150e+01
6.970355375866691183e+00 1.895788313700033534e+00
2.428817551488394066e+00 4.186628400448721976e+01
4.282349340271386140e+00 7.632566807709426193e+00
4.373867094732441174e+00 5.608124789797437337e+00
3.108452316209396216e+00 3.179923056812791771e+01
4.282349340271386140e+00 7.632566807709426193e+00
4.282349340271386140e+00 7.632566807709426193e+00
3.414962532348234880e+00 2.034988281498138463e+01
3.495336050178180720e+00 1.928272476677339498e+01
2.378059365748319109e+00 4.208717865282923043e+01
2.310655397418450274e+00 4.218735105999622448e+01
2.569490201226096282e+00 4.033348213056491716e+01
2.555228250351829544e+00 4.154458865856667416e+01
2.428817551488394066e+00 4.186628400448721976e+01
3.414962532348234880e+00 2.034988281498138463e+01
2.428817551488394066e+00 4.186628400448721976e+01
2.725690904468679232e+00 4.003943847215710150e+01
7.017653010316305284e+00 8.679767411934955490e-01
6.970355375866691183e+00 1.895788313700033534e+00
2.173778649470683888e+00 4.890156245569944105e+01
6.970355375866691183e+00 1.895788313700033534e+00
2.428817551488394066e+00 4.186628400448721976e+01
2.378059365748319109e+00 4.208717865282923043e+01
2.310655397418450274e+00 4.218735105999622448e+01
8.807845197724995856e+00 6.384542907305958970e-01
9.824387048313113269e+00 5.108215358236416481e-01
3.495774174447012328e+00 1.919802946981857872e+01
3.517481712732057453e+00 1.615476755980392198e+01
2.310655397418450274e+00 4.218735105999622448e+01
2.378059365748319109e+00 4.208717865282923043e+01
3.108452316209396216e+00 3.179923056812791771e+01
3.495774174447012328e+00 1.919802946981857872e+01
3.495336050178180720e+00 1.928272476677339498e+01
2.555228250351829544e+00 4.154458865856667416e+01
3.402751698472902930e+00 2.635546907431285035e+01
2.173778649470683888e+00 4.890156245569944105e+01
2.181277373065323655e+00 4.864168269576101267e+01
9.824387048313113269e+00 5.108215358236416481e-01
3.495774174447012328e+00 1.919802946981857872e+01
3.495336050178180720e+00 1.928272476677339498e+01
3.108452316209396216e+00 3.179923056812791771e+01
3.495336050178180720e+00 1.928272476677339498e+01
2.378059365748319109e+00 4.208717865282923043e+01
3.495336050178180720e+00 1.928272476677339498e+01
5.722576517138934449e+00 2.135095782597916880e+00
2.173778649470683888e+00 4.890156245569944105e+01
4.950643546401439110e+00 3.871987433464991302e+00
2.569490201226096282e+00 4.033348213056491716e+01
4.950643546401439110e+00 3.871987433464991302e+00
3.402751698472902930e+00 2.635546907431285035e+01
6.970355375866691183e+00 1.895788313700033534e+00
2.725690904468679232e+00 4.003943847215710150e+01
6.970355375866691183e+00 1.895788313700033534e+00
2.181277373065323655e+00 4.864168269576101267e+01
7.017653010316305284e+00 8.679767411934955490e-01
3.495774174447012328e+00 1.919802946981857872e+01
3.108452316209396216e+00 3.179923056812791771e+01
3.402751698472902930e+00 2.635546907431285035e+01
3.125587986759226666e+00 3.179863649135489467e+01
1.052144150798424960e+01 4.766196920163143780e-01
2.173778649470683888e+00 4.890156245569944105e+01
2.310655397418450274e+00 4.218735105999622448e+01
3.517481712732057453e+00 1.615476755980392198e+01
2.378059365748319109e+00 4.208717865282923043e+01
7.017653010316305284e+00 8.679767411934955490e-01
9.824387048313113269e+00 5.108215358236416481e-01
3.414962532348234880e+00 2.034988281498138463e+01
2.428817551488394066e+00 4.186628400448721976e+01
2.283552655571897905e+00 4.480273640573949478e+01
2.310655397418450274e+00 4.218735105999622448e+01
6.970355375866691183e+00 1.895788313700033534e+00
6.970355375866691183e+00 1.895788313700033534e+00
4.282349340271386140e+00 7.632566807709426193e+00
4.950643546401439110e+00 3.871987433464991302e+00
3.108452316209396216e+00 3.179923056812791771e+01
3.402751698472902930e+00 2.635546907431285035e+01
3.495774174447012328e+00 1.919802946981857872e+01
2.725690904468679232e+00 4.003943847215710150e+01
6.970355375866691183e+00 1.895788313700033534e+00
2.310655397418450274e+00 4.218735105999622448e+01
2.310655397418450274e+00 4.218735105999622448e+01
3.108452316209396216e+00 3.179923056812791771e+01
6.970355375866691183e+00 1.895788313700033534e+00
2.725690904468679232e+00 4.003943847215710150e+01
2.725690904468679232e+00 4.003943847215710150e+01
2.725690904468679232e+00 4.003943847215710150e+01
3.402751698472902930e+00 2.635546907431285035e+01
2.725690904468679232e+00 4.003943847215710150e+01
2.310655397418450274e+00 4.218735105999622448e+01
2.725690904468679232e+00 4.003943847215710150e+01
3.495336050178180720e+00 1.928272476677339498e+01
3.108452316209396216e+00 3.179923056812791771e+01
4.282349340271386140e+00 7.632566807709426193e+00
4.282349340271386140e+00 7.632566807709426193e+00
2.569490201226096282e+00 4.033348213056491716e+01
2.555228250351829544e+00 4.154458865856667416e+01
8.807845197724995856e+00 6.384542907305958970e-01
3.495336050178180720e+00 1.928272476677339498e+01
4.282349340271386140e+00 7.632566807709426193e+00
6.970355375866691183e+00 1.895788313700033534e+00
2.725690904468679232e+00 4.003943847215710150e+01
3.402751698472902930e+00 2.635546907431285035e+01
2.181277373065323655e+00 4.864168269576101267e+01
3.108452316209396216e+00 3.179923056812791771e+01
2.378059365748319109e+00 4.208717865282923043e+01
2.310655397418450274e+00 4.218735105999622448e+01
2.725690904468679232e+00 4.003943847215710150e+01
3.108452316209396216e+00 3.179923056812791771e+01
2.725690904468679232e+00 4.003943847215710150e+01
2.310655397418450274e+00 4.218735105999622448e+01
9.824387048313113269e+00 5.108215358236416481e-01
2.725690904468679232e+00 4.003943847215710150e+01
9.824387048313113269e+00 5.108215358236416481e-01
3.402751698472902930e+00 2.635546907431285035e+01
2.725690904468679232e+00 4.003943847215710150e+01
6.970355375866691183e+00 1.895788313700033534e+00
4.282349340271386140e+00 7.632566807709426193e+00
2.725690904468679232e+00 4.003943847215710150e+01
8.807845197724995856e+00 6.384542907305958970e-01
5.722576517138934449e+00 2.135095782597916880e+00
4.282349340271386140e+00 7.632566807709426193e+00
2.725690904468679232e+00 4.003943847215710150e+01
2.725690904468679232e+00 4.003943847215710150e+01
4.282349340271386140e+00 7.632566807709426193e+00
2.725690904468679232e+00 4.003943847215710150e+01
2.310655397418450274e+00 4.218735105999622448e+01
2.725690904468679232e+00 4.003943847215710150e+01
3.495774174447012328e+00 1.919802946981857872e+01
2.310655397418450274e+00 4.218735105999622448e+01
3.402751698472902930e+00 2.635546907431285035e+01
2.173778649470683888e+00 4.890156245569944105e+01
3.414962532348234880e+00 2.034988281498138463e+01
2.569490201226096282e+00 4.033348213056491716e+01
3.495336050178180720e+00 1.928272476677339498e+01
9.824387048313113269e+00 5.108215358236416481e-01
9.824387048313113269e+00 5.108215358236416481e-01
9.824387048313113269e+00 5.108215358236416481e-01
2.725690904468679232e+00 4.003943847215710150e+01
3.402751698472902930e+00 2.635546907431285035e+01
2.310655397418450274e+00 4.218735105999622448e+01
4.950643546401439110e+00 3.871987433464991302e+00
2.428817551488394066e+00 4.186628400448721976e+01
3.402751698472902930e+00 2.635546907431285035e+01
9.824387048313113269e+00 5.108215358236416481e-01
4.282349340271386140e+00 7.632566807709426193e+00
4.950643546401439110e+00 3.871987433464991302e+00
4.950643546401439110e+00 3.871987433464991302e+00
3.495774174447012328e+00 1.919802946981857872e+01
3.108452316209396216e+00 3.179923056812791771e+01
2.181277373065323655e+00 4.864168269576101267e+01
9.824387048313113269e+00 5.108215358236416481e-01
6.970355375866691183e+00 1.895788313700033534e+00
4.950643546401439110e+00 3.871987433464991302e+00
2.428817551488394066e+00 4.186628400448721976e+01
2.725690904468679232e+00 4.003943847215710150e+01
2.569490201226096282e+00 4.033348213056491716e+01
4.282349340271386140e+00 7.632566807709426193e+00
1.052144150798424960e+01 4.766196920163143780e-01
3.495774174447012328e+00 1.919802946981857872e+01
2.428817551488394066e+00 4.186628400448721976e+01
3.402751698472902930e+00 2.635546907431285035e+01
3.402751698472902930e+00 2.635546907431285035e+01
2.569490201226096282e+00 4.033348213056491716e+01
6.970355375866691183e+00 1.895788313700033534e+00
2.725690904468679232e+00 4.003943847215710150e+01
4.282349340271386140e+00 7.632566807709426193e+00
6.970355375866691183e+00 1.895788313700033534e+00
2.725690904468679232e+00 4.003943847215710150e+01
4.282349340271386140e+00 7.632566807709426193e+00
2.725690904468679232e+00 4.003943847215710150e+01
9.824387048313113269e+00 5.108215358236416481e-01
3.402751698472902930e+00 2.635546907431285035e+01
2.725690904468679232e+00 4.003943847215710150e+01
2.725690904468679232e+00 4.003943847215710150e+01
4.282349340271386140e+00 7.632566807709426193e+00
3.495774174447012328e+00 1.919802946981857872e+01
2.428817551488394066e+00 4.186628400448721976e+01
2.428817551488394066e+00 4.186628400448721976e+01
2.725690904468679232e+00 4.003943847215710150e+01
4.282349340271386140e+00 7.632566807709426193e+00
5.722576517138934449e+00 2.135095782597916880e+00
6.970355375866691183e+00 1.895788313700033534e+00
2.310655397418450274e+00 4.218735105999622448e+01
9.824387048313113269e+00 5.108215358236416481e-01
3.495774174447012328e+00 1.919802946981857872e+01
2.310655397418450274e+00 4.218735105999622448e+01
4.950643546401439110e+00 3.871987433464991302e+00
2.283552655571897905e+00 4.480273640573949478e+01
2.725690904468679232e+00 4.003943847215710150e+01
4.282349340271386140e+00 7.632566807709426193e+00
3.495336050178180720e+00 1.928272476677339498e+01
4.950643546401439110e+00 3.871987433464991302e+00
4.950643546401439110e+00 3.871987433464991302e+00
3.402751698472902930e+00 2.635546907431285035e+01
2.725690904468679232e+00 4.003943847215710150e+01
2.310655397418450274e+00 4.218735105999622448e+01
2.725690904468679232e+00 4.003943847215710150e+01
2.725690904468679232e+00 4.003943847215710150e+01
9.824387048313113269e+00 5.108215358236416481e-01
2.310655397418450274e+00 4.218735105999622448e+01
4.950643546401439110e+00 3.871987433464991302e+00
9.824387048313113269e+00 5.108215358236416481e-01
3.402751698472902930e+00 2.635546907431285035e+01
2.173778649470683888e+00 4.890156245569944105e+01
4.282349340271386140e+00 7.632566807709426193e+00
2.725690904468679232e+00 4.003943847215710150e+01
6.970355375866691183e+00 1.895788313700033534e+00
9.824387048313113269e+00 5.108215358236416481e-01
3.108452316209396216e+00 3.179923056812791771e+01
3.108452316209396216e+00 3.179923056812791771e+01
3.495336050178180720e+00 1.928272476677339498e+01
2.428817551488394066e+00 4.186628400448721976e+01
2.569490201226096282e+00 4.033348213056491716e+01
2.725690904468679232e+00 4.003943847215710150e+01
2.725690904468679232e+00 4.003943847215710150e+01
3.108452316209396216e+00 3.179923056812791771e+01
3.402751698472902930e+00 2.635546907431285035e+01
2.725690904468679232e+00 4.003943847215710150e+01
2.725690904468679232e+00 4.003943847215710150e+01
4.282349340271386140e+00 7.632566807709426193e+00
2.428817551488394066e+00 4.186628400448721976e+01
2.555228250351829544e+00 4.154458865856667416e+01
2.310655397418450274e+00 4.218735105999622448e+01
2.428817551488394066e+00 4.186628400448721976e+01
3.402751698472902930e+00 2.635546907431285035e+01
2.725690904468679232e+00 4.003943847215710150e+01
6.970355375866691183e+00 1.895788313700033534e+00
5.722576517138934449e+00 2.135095782597916880e+00
2.725690904468679232e+00 4.003943847215710150e+01
3.402751698472902930e+00 2.635546907431285035e+01
2.725690904468679232e+00 4.003943847215710150e+01
2.310655397418450274e+00 4.218735105999622448e+01
2.310655397418450274e+00 4.218735105999622448e+01
3.108452316209396216e+00 3.179923056812791771e+01
4.282349340271386140e+00 7.632566807709426193e+00
7.017653010316305284e+00 8.679767411934955490e-01
9.824387048313113269e+00 5.108215358236416481e-01
3.402751698472902930e+00 2.635546907431285035e+01
2.173778649470683888e+00 4.890156245569944105e+01
3.414962532348234880e+00 2.034988281498138463e+01
3.402751698472902930e+00 2.635546907431285035e+01
3.108452316209396216e+00 3.179923056812791771e+01
2.725690904468679232e+00 4.003943847215710150e+01
4.950643546401439110e+00 3.871987433464991302e+00
3.517481712732057453e+00 1.615476755980392198e+01
2.725690904468679232e+00 4.003943847215710150e+01
2.310655397418450274e+00 4.218735105999622448e+01
2.725690904468679232e+00 4.003943847215710150e+01
2.725690904468679232e+00 4.003943847215710150e+01
2.725690904468679232e+00 4.003943847215710150e+01
3.495774174447012328e+00 1.919802946981857872e+01
9.824387048313113269e+00 5.108215358236416481e-01
2.725690904468679232e+00 4.003943847215710150e+01
2.725690904468679232e+00 4.003943847215710150e+01
6.970355375866691183e+00 1.895788313700033534e+00
6.970355375866691183e+00 1.895788313700033534e+00
9.824387048313113269e+00 5.108215358236416481e-01
2.725690904468679232e+00 4.003943847215710150e+01
2.725690904468679232e+00 4.003943847215710150e+01
3.402751698472902930e+00 2.635546907431285035e+01
2.725690904468679232e+00 4.003943847215710150e+01
2.310655397418450274e+00 4.218735105999622448e+01
3.517481712732057453e+00 1.615476755980392198e+01
2.310655397418450274e+00 4.218735105999622448e+01
2.310655397418450274e+00 4.218735105999622448e+01
7.017653010316305284e+00 8.679767411934955490e-01
2.725690904468679232e+00 4.003943847215710150e+01
2.428817551488394066e+00 4.186628400448721976e+01
3.402751698472902930e+00 2.635546907431285035e+01
2.310655397418450274e+00 4.218735105999622448e+01
3.402751698472902930e+00 2.635546907431285035e+01
4.282349340271386140e+00 7.632566807709426193e+00
2.569490201226096282e+00 4.033348213056491716e+01
6.970355375866691183e+00 1.895788313700033534e+00
2.725690904468679232e+00 4.003943847215710150e+01
6.970355375866691183e+00 1.895788313700033534e+00
2.173778649470683888e+00 4.890156245569944105e+01
3.402751698472902930e+00 2.635546907431285035e+01
3.402751698472902930e+00 2.635546907431285035e+01
6.970355375866691183e+00 1.895788313700033534e+00
4.282349340271386140e+00 7.632566807709426193e+00
2.725690904468679232e+00 4.003943847215710150e+01
6.970355375866691183e+00 1.895788313700033534e+00
3.402751698472902930e+00 2.635546907431285035e+01
2.725690904468679232e+00 4.003943847215710150e+01
9.824387048313113269e+00 5.108215358236416481e-01
2.725690904468679232e+00 4.003943847215710150e+01
3.414962532348234880e+00 2.034988281498138463e+01
3.402751698472902930e+00 2.635546907431285035e+01
2.725690904468679232e+00 4.003943847215710150e+01
6.970355375866691183e+00 1.895788313700033534e+00
2.173778649470683888e+00 4.890156245569944105e+01
2.725690904468679232e+00 4.003943847215710150e+01
2.725690904468679232e+00 4.003943847215710150e+01
2.725690904468679232e+00 4.003943847215710150e+01
4.282349340271386140e+00 7.632566807709426193e+00
3.495336050178180720e+00 1.928272476677339498e+01
4.950643546401439110e+00 3.871987433464991302e+00
2.725690904468679232e+00 4.003943847215710150e+01
2.725690904468679232e+00 4.003943847215710150e+01
2.725690904468679232e+00 4.003943847215710150e+01
2.725690904468679232e+00 4.003943847215710150e+01
4.282349340271386140e+00 7.632566807709426193e+00
2.725690904468679232e+00 4.003943847215710150e+01
2.725690904468679232e+00 4.003943847215710150e+01
6.970355375866691183e+00 1.895788313700033534e+00
3.108452316209396216e+00 3.179923056812791771e+01
2.725690904468679232e+00 4.003943847215710150e+01
2.725690904468679232e+00 4.003943847215710150e+01
2.725690904468679232e+00 4.003943847215710150e+01
9.824387048313113269e+00 5.108215358236416481e-01
4.282349340271386140e+00 7.632566807709426193e+00
9.824387048313113269e+00 5.108215358236416481e-01
3.402751698472902930e+00 2.635546907431285035e+01
3.402751698472902930e+00 2.635546907431285035e+01
9.824387048313113269e+00 5.108215358236416481e-01
2.725690904468679232e+00 4.003943847215710150e+01
3.517481712732057453e+00 1.615476755980392198e+01
3.402751698472902930e+00 2.635546907431285035e+01
4.950643546401439110e+00 3.871987433464991302e+00
2.725690904468679232e+00 4.003943847215710150e+01
2.428817551488394066e+00 4.186628400448721976e+01
3.108452316209396216e+00 3.179923056812791771e+01
4.282349340271386140e+00 7.632566807709426193e+00
4.950643546401439110e+00 3.871987433464991302e+00
6.970355375866691183e+00 1.895788313700033534e+00
5.722576517138934449e+00 2.135095782597916880e+00
6.970355375866691183e+00 1.895788313700033534e+00
2.569490201226096282e+00 4.033348213056491716e+01
4.282349340271386140e+00 7.632566807709426193e+00
2.725690904468679232e+00 4.003943847215710150e+01
6.970355375866691183e+00 1.895788313700033534e+00
2.725690904468679232e+00 4.003943847215710150e+01
2.725690904468679232e+00 4.003943847215710150e+01
9.824387048313113269e+00 5.108215358236416481e-01
2.173778649470683888e+00 4.890156245569944105e+01
2.569490201226096282e+00 4.033348213056491716e+01
6.970355375866691183e+00 1.895788313700033534e+00
3.495336050178180720e+00 1.928272476677339498e+01
2.725690904468679232e+00 4.003943847215710150e+01
3.414962532348234880e+00 2.034988281498138463e+01
3.108452316209396216e+00 3.179923056812791771e+01
6.970355375866691183e+00 1.895788313700033534e+00
4.282349340271386140e+00 7.632566807709426193e+00
3.402751698472902930e+00 2.635546907431285035e+01
2.173778649470683888e+00 4.890156245569944105e+01
7.017653010316305284e+00 8.679767411934955490e-01
2.725690904468679232e+00 4.003943847215710150e+01
2.725690904468679232e+00 4.003943847215710150e+01
2.310655397418450274e+00 4.218735105999622448e+01
3.402751698472902930e+00 2.635546907431285035e+01
6.970355375866691183e+00 1.895788313700033534e+00
2.725690904468679232e+00 4.003943847215710150e+01
2.725690904468679232e+00 4.003943847215710150e+01
4.950643546401439110e+00 3.871987433464991302e+00
3.402751698472902930e+00 2.635546907431285035e+01
2.725690904468679232e+00 4.003943847215710150e+01
2.725690904468679232e+00 4.003943847215710150e+01
2.725690904468679232e+00 4.003943847215710150e+01
2.310655397418450274e+00 4.218735105999622448e+01
2.310655397418450274e+00 4.218735105999622448e+01
2.310655397418450274e+00 4.218735105999622448e+01
4.950643546401439110e+00 3.871987433464991302e+00
2.310655397418450274e+00 4.218735105999622448e+01
2.283552655571897905e+00 4.480273640573949478e+01
4.950643546401439110e+00 3.871987433464991302e+00
3.402751698472902930e+00 2.635546907431285035e+01
2.725690904468679232e+00 4.003943847215710150e+01
2.310655397418450274e+00 4.218735105999622448e+01
2.310655397418450274e+00 4.218735105999622448e+01
2.725690904468679232e+00 4.003943847215710150e+01
3.402751698472902930e+00 2.635546907431285035e+01
6.970355375866691183e+00 1.895788313700033534e+00
4.282349340271386140e+00 7.632566807709426193e+00
2.725690904468679232e+00 4.003943847215710150e+01
3.495336050178180720e+00 1.928272476677339498e+01
6.970355375866691183e+00 1.895788313700033534e+00
2.725690904468679232e+00 4.003943847215710150e+01
9.824387048313113269e+00 5.108215358236416481e-01
2.310655397418450274e+00 4.218735105999622448e+01
9.824387048313113269e+00 5.108215358236416481e-01
4.282349340271386140e+00 7.632566807709426193e+00
2.725690904468679232e+00 4.003943847215710150e+01
3.402751698472902930e+00 2.635546907431285035e+01
6.970355375866691183e+00 1.895788313700033534e+00
3.402751698472902930e+00 2.635546907431285035e+01
2.725690904468679232e+00 4.003943847215710150e+01
2.310655397418450274e+00 4.218735105999622448e+01
2.310655397418450274e+00 4.218735105999622448e+01
2.310655397418450274e+00 4.218735105999622448e+01
2.725690904468679232e+00 4.003943847215710150e+01
2.725690904468679232e+00 4.003943847215710150e+01
2.310655397418450274e+00 4.218735105999622448e+01
3.402751698472902930e+00 2.635546907431285035e+01
3.402751698472902930e+00 2.635546907431285035e+01
3.402751698472902930e+00 2.635546907431285035e+01
2.428817551488394066e+00 4.186628400448721976e+01
2.428817551488394066e+00 4.186628400448721976e+01
4.282349340271386140e+00 7.632566807709426193e+00
2.310655397418450274e+00 4.218735105999622448e+01
9.824387048313113269e+00 5.108215358236416481e-01
2.725690904468679232e+00 4.003943847215710150e+01
2.725690904468679232e+00 4.003943847215710150e+01
3.495774174447012328e+00 1.919802946981857872e+01
2.378059365748319109e+00 4.208717865282923043e+01
4.950643546401439110e+00 3.871987433464991302e+00
3.495774174447012328e+00 1.919802946981857872e+01
2.725690904468679232e+00 4.003943847215710150e+01
4.282349340271386140e+00 7.632566807709426193e+00
6.970355375866691183e+00 1.895788313700033534e+00
2.181277373065323655e+00 4.864168269576101267e+01
2.310655397418450274e+00 4.218735105999622448e+01
3.108452316209396216e+00 3.179923056812791771e+01
3.402751698472902930e+00 2.635546907431285035e+01
5.722576517138934449e+00 2.135095782597916880e+00
2.725690904468679232e+00 4.003943847215710150e+01
3.108452316209396216e+00 3.179923056812791771e+01
2.725690904468679232e+00 4.003943847215710150e+01
2.310655397418450274e+00 4.218735105999622448e+01
9.824387048313113269e+00 5.108215358236416481e-01
2.725690904468679232e+00 4.003943847215710150e+01
9.824387048313113269e+00 5.108215358236416481e-01
3.402751698472902930e+00 2.635546907431285035e+01
2.725690904468679232e+00 4.003943847215710150e+01
6.970355375866691183e+00 1.895788313700033534e+00
4.282349340271386140e+00 7.632566807709426193e+00
2.725690904468679232e+00 4.003943847215710150e+01
8.807845197724995856e+00 6.384542907305958970e-01
2.310655397418450274e+00 4.218735105999622448e+01
4.282349340271386140e+00 7.632566807709426193e+00
2.725690904468679232e+00 4.003943847215710150e+01
2.725690904468679232e+00 4.003943847215710150e+01
4.282349340271386140e+00 7.632566807709426193e+00
2.725690904468679232e+00 4.003943847215710150e+01
2.310655397418450274e+00 4.218735105999622448e+01
2.725690904468679232e+00 4.003943847215710150e+01
3.495774174447012328e+00 1.919802946981857872e+01
2.310655397418450274e+00 4.218735105999622448e+01
3.402751698472902930e+00 2.635546907431285035e+01
2.173778649470683888e+00 4.890156245569944105e+01
3.414962532348234880e+00 2.034988281498138463e+01
2.555228250351829544e+00 4.154458865856667416e+01
2.310655397418450274e+00 4.218735105999622448e+01
2.310655397418450274e+00 4.218735105999622448e+01
3.108452316209396216e+00 3.179923056812791771e+01
6.970355375866691183e+00 1.895788313700033534e+00
2.725690904468679232e+00 4.003943847215710150e+01
2.725690904468679232e+00 4.003943847215710150e+01
2.725690904468679232e+00 4.003943847215710150e+01
3.402751698472902930e+00 2.635546907431285035e+01
2.725690904468679232e+00 4.003943847215710150e+01
2.725690904468679232e+00 4.003943847215710150e+01
3.108452316209396216e+00 3.179923056812791771e+01
4.282349340271386140e+00 7.632566807709426193e+00
4.282349340271386140e+00 7.632566807709426193e+00
2.569490201226096282e+00 4.033348213056491716e+01
2.569490201226096282e+00 4.033348213056491716e+01
8.807845197724995856e+00 6.384542907305958970e-01
3.495336050178180720e+00 1.928272476677339498e+01
4.282349340271386140e+00 7.632566807709426193e+00
6.970355375866691183e+00 1.895788313700033534e+00
2.725690904468679232e+00 4.003943847215710150e+01
3.402751698472902930e+00 2.635546907431285035e+01
2.181277373065323655e+00 4.864168269576101267e+01
3.108452316209396216e+00 3.179923056812791771e+01
2.378059365748319109e+00 4.208717865282923043e+01
2.725690904468679232e+00 4.003943847215710150e+01
2.569490201226096282e+00 4.033348213056491716e+01
4.282349340271386140e+00 7.632566807709426193e+00
1.052144150798424960e+01 4.766196920163143780e-01
3.495774174447012328e+00 1.919802946981857872e+01
2.428817551488394066e+00 4.186628400448721976e+01
3.402751698472902930e+00 2.635546907431285035e+01
3.402751698472902930e+00 2.635546907431285035e+01
6.970355375866691183e+00 1.895788313700033534e+00
2.725690904468679232e+00 4.003943847215710150e+01
4.282349340271386140e+00 7.632566807709426193e+00
2.725690904468679232e+00 4.003943847215710150e+01
4.282349340271386140e+00 7.632566807709426193e+00
2.725690904468679232e+00 4.003943847215710150e+01
9.824387048313113269e+00 5.108215358236416481e-01
3.402751698472902930e+00 2.635546907431285035e+01
2.725690904468679232e+00 4.003943847215710150e+01
2.725690904468679232e+00 4.003943847215710150e+01
4.282349340271386140e+00 7.632566807709426193e+00
2.428817551488394066e+00 4.186628400448721976e+01
2.428817551488394066e+00 4.186628400448721976e+01
2.725690904468679232e+00 4.003943847215710150e+01
4.282349340271386140e+00 7.632566807709426193e+00
5.722576517138934449e+00 2.135095782597916880e+00
3.402751698472902930e+00 2.635546907431285035e+01
3.495336050178180720e+00 1.928272476677339498e+01
9.824387048313113269e+00 5.108215358236416481e-01
9.824387048313113269e+00 5.108215358236416481e-01
9.824387048313113269e+00 5.108215358236416481e-01
2.725690904468679232e+00 4.003943847215710150e+01
3.402751698472902930e+00 2.635546907431285035e+01
2.310655397418450274e+00 4.218735105999622448e+01
4.950643546401439110e+00 3.871987433464991302e+00
2.428817551488394066e+00 4.186628400448721976e+01
6.970355375866691183e+00 1.895788313700033534e+00
9.824387048313113269e+00 5.108215358236416481e-01
4.282349340271386140e+00 7.632566807709426193e+00
4.950643546401439110e+00 3.871987433464991302e+00
4.950643546401439110e+00 3.871987433464991302e+00
3.495774174447012328e+00 1.919802946981857872e+01
3.108452316209396216e+00 3.179923056812791771e+01
2.181277373065323655e+00 4.864168269576101267e+01
9.824387048313113269e+00 5.108215358236416481e-01
6.970355375866691183e+00 1.895788313700033534e+00
4.950643546401439110e+00 3.871987433464991302e+00
4.373867094732441174e+00 5.608124789797437337e+00
4.950643546401439110e+00 3.871987433464991302e+00
2.569490201226096282e+00 4.033348213056491716e+01
8.807845197724995856e+00 6.384542907305958970e-01
4.950643546401439110e+00 3.871987433464991302e+00
3.414962532348234880e+00 2.034988281498138463e+01
3.495336050178180720e+00 1.928272476677339498e+01
2.569490201226096282e+00 4.033348213056491716e+01
2.725690904468679232e+00 4.003943847215710150e+01
6.970355375866691183e+00 1.895788313700033534e+00
2.428817551488394066e+00 4.186628400448721976e+01
4.282349340271386140e+00 7.632566807709426193e+00
2.725690904468679232e+00 4.003943847215710150e+01
3.108452316209396216e+00 3.179923056812791771e+01
4.282349340271386140e+00 7.632566807709426193e+00
4.282349340271386140e+00 7.632566807709426193e+00
3.495336050178180720e+00 1.928272476677339498e+01
2.378059365748319109e+00 4.208717865282923043e+01
2.310655397418450274e+00 4.218735105999622448e+01
2.569490201226096282e+00 4.033348213056491716e+01
2.428817551488394066e+00 4.186628400448721976e+01
3.414962532348234880e+00 2.034988281498138463e+01
2.428817551488394066e+00 4.186628400448721976e+01
7.017653010316305284e+00 8.679767411934955490e-01
2.173778649470683888e+00 4.890156245569944105e+01
2.428817551488394066e+00 4.186628400448721976e+01
2.181277373065323655e+00 4.864168269576101267e+01
2.173778649470683888e+00 4.890156245569944105e+01
6.970355375866691183e+00 1.895788313700033534e+00
5.722576517138934449e+00 2.135095782597916880e+00
3.882293598607126306e+00 9.819228312567904737e+00
3.414962532348234880e+00 2.034988281498138463e+01
3.402751698472902930e+00 2.635546907431285035e+01
3.517481712732057453e+00 1.615476755980392198e+01
3.402751698472902930e+00 2.635546907431285035e+01
3.108452316209396216e+00 3.179923056812791771e+01
5.722576517138934449e+00 2.135095782597916880e+00
4.950643546401439110e+00 3.871987433464991302e+00
9.824387048313113269e+00 5.108215358236416481e-01
2.283552655571897905e+00 4.480273640573949478e+01
2.378059365748319109e+00 4.208717865282923043e+01
2.283552655571897905e+00 4.480273640573949478e+01
3.495774174447012328e+00 1.919802946981857872e+01
2.725690904468679232e+00 4.003943847215710150e+01
2.310655397418450274e+00 4.218735105999622448e+01
7.017653010316305284e+00 8.679767411934955490e-01
4.373867094732441174e+00 5.608124789797437337e+00
4.282349340271386140e+00 7.632566807709426193e+00
2.555228250351829544e+00 4.154458865856667416e+01
4.466198939506490717e+00 5.426227803793086224e+00
5.722576517138934449e+00 2.135095782597916880e+00
3.402751698472902930e+00 2.635546907431285035e+01
2.378059365748319109e+00 4.208717865282923043e+01
3.402751698472902930e+00 2.635546907431285035e+01
2.725690904468679232e+00 4.003943847215710150e+01
6.970355375866691183e+00 1.895788313700033534e+00
2.181277373065323655e+00 4.864168269576101267e+01
7.017653010316305284e+00 8.679767411934955490e-01
3.495774174447012328e+00 1.919802946981857872e+01
3.108452316209396216e+00 3.179923056812791771e+01
3.402751698472902930e+00 2.635546907431285035e+01
3.125587986759226666e+00 3.179863649135489467e+01
1.052144150798424960e+01 4.766196920163143780e-01
2.173778649470683888e+00 4.890156245569944105e+01
2.310655397418450274e+00 4.218735105999622448e+01
3.517481712732057453e+00 1.615476755980392198e+01
2.569490201226096282e+00 4.033348213056491716e+01
7.017653010316305284e+00 8.679767411934955490e-01
3.414962532348234880e+00 2.034988281498138463e+01
2.428817551488394066e+00 4.186628400448721976e+01
2.283552655571897905e+00 4.480273640573949478e+01
2.310655397418450274e+00 4.218735105999622448e+01
6.970355375866691183e+00 1.895788313700033534e+00
4.282349340271386140e+00 7.632566807709426193e+00
4.950643546401439110e+00 3.871987433464991302e+00
3.108452316209396216e+00 3.179923056812791771e+01
3.402751698472902930e+00 2.635546907431285035e+01
3.495774174447012328e+00 1.919802946981857872e+01
2.725690904468679232e+00 4.003943847215710150e+01
2.173778649470683888e+00 4.890156245569944105e+01
2.310655397418450274e+00 4.218735105999622448e+01
8.807845197724995856e+00 6.384542907305958970e-01
9.824387048313113269e+00 5.108215358236416481e-01
3.495774174447012328e+00 1.919802946981857872e+01
3.517481712732057453e+00 1.615476755980392198e+01
2.310655397418450274e+00 4.218735105999622448e+01
2.378059365748319109e+00 4.208717865282923043e+01
3.108452316209396216e+00 3.179923056812791771e+01
3.495774174447012328e+00 1.919802946981857872e+01
3.495336050178180720e+00 1.928272476677339498e+01
2.555228250351829544e+00 4.154458865856667416e+01
3.402751698472902930e+00 2.635546907431285035e+01
6.970355375866691183e+00 1.895788313700033534e+00
2.181277373065323655e+00 4.864168269576101267e+01
9.824387048313113269e+00 5.108215358236416481e-01
3.495336050178180720e+00 1.928272476677339498e+01
3.108452316209396216e+00 3.179923056812791771e+01
2.378059365748319109e+00 4.208717865282923043e+01
3.495336050178180720e+00 1.928272476677339498e+01
5.722576517138934449e+00 2.135095782597916880e+00
2.173778649470683888e+00 4.890156245569944105e+01
2.725690904468679232e+00 4.003943847215710150e+01
6.970355375866691183e+00 1.895788313700033534e+00
2.569490201226096282e+00 4.033348213056491716e+01
2.725690904468679232e+00 4.003943847215710150e+01
6.970355375866691183e+00 1.895788313700033534e+00
2.725690904468679232e+00 4.003943847215710150e+01
2.725690904468679232e+00 4.003943847215710150e+01
9.824387048313113269e+00 5.108215358236416481e-01
2.569490201226096282e+00 4.033348213056491716e+01
6.970355375866691183e+00 1.895788313700033534e+00
3.495336050178180720e+00 1.928272476677339498e+01
5.722576517138934449e+00 2.135095782597916880e+00
3.414962532348234880e+00 2.034988281498138463e+01
3.108452316209396216e+00 3.179923056812791771e+01
6.970355375866691183e+00 1.895788313700033534e+00
4.282349340271386140e+00 7.632566807709426193e+00
3.402751698472902930e+00 2.635546907431285035e+01
2.173778649470683888e+00 4.890156245569944105e+01
7.017653010316305284e+00 8.679767411934955490e-01
2.725690904468679232e+00 4.003943847215710150e+01
2.725690904468679232e+00 4.003943847215710150e+01
2.310655397418450274e+00 4.218735105999622448e+01
3.402751698472902930e+00 2.635546907431285035e+01
2.725690904468679232e+00 4.003943847215710150e+01
2.725690904468679232e+00 4.003943847215710150e+01
3.402751698472902930e+00 2.635546907431285035e+01
2.725690904468679232e+00 4.003943847215710150e+01
2.725690904468679232e+00 4.003943847215710150e+01
2.725690904468679232e+00 4.003943847215710150e+01
2.725690904468679232e+00 4.003943847215710150e+01
4.282349340271386140e+00 7.632566807709426193e+00
2.725690904468679232e+00 4.003943847215710150e+01
2.725690904468679232e+00 4.003943847215710150e+01
6.970355375866691183e+00 1.895788313700033534e+00
3.108452316209396216e+00 3.179923056812791771e+01
2.725690904468679232e+00 4.003943847215710150e+01
2.725690904468679232e+00 4.003943847215710150e+01
2.725690904468679232e+00 4.003943847215710150e+01
9.824387048313113269e+00 5.108215358236416481e-01
4.282349340271386140e+00 7.632566807709426193e+00
4.950643546401439110e+00 3.871987433464991302e+00
3.402751698472902930e+00 2.635546907431285035e+01
9.824387048313113269e+00 5.108215358236416481e-01
2.725690904468679232e+00 4.003943847215710150e+01
3.517481712732057453e+00 1.615476755980392198e+01
3.402751698472902930e+00 2.635546907431285035e+01
4.950643546401439110e+00 3.871987433464991302e+00
2.725690904468679232e+00 4.003943847215710150e+01
2.428817551488394066e+00 4.186628400448721976e+01
3.108452316209396216e+00 3.179923056812791771e+01
4.282349340271386140e+00 7.632566807709426193e+00
4.950643546401439110e+00 3.871987433464991302e+00
6.970355375866691183e+00 1.895788313700033534e+00
4.282349340271386140e+00 7.632566807709426193e+00
3.402751698472902930e+00 2.635546907431285035e+01
6.970355375866691183e+00 1.895788313700033534e+00
2.725690904468679232e+00 4.003943847215710150e+01
2.310655397418450274e+00 4.218735105999622448e+01
2.310655397418450274e+00 4.218735105999622448e+01
2.310655397418450274e+00 4.218735105999622448e+01
2.725690904468679232e+00 4.003943847215710150e+01
2.725690904468679232e+00 4.003943847215710150e+01
2.310655397418450274e+00 4.218735105999622448e+01
3.402751698472902930e+00 2.635546907431285035e+01
3.402751698472902930e+00 2.635546907431285035e+01
3.402751698472902930e+00 2.635546907431285035e+01
2.428817551488394066e+00 4.186628400448721976e+01
2.725690904468679232e+00 4.003943847215710150e+01
2.310655397418450274e+00 4.218735105999622448e+01
9.824387048313113269e+00 5.108215358236416481e-01
2.725690904468679232e+00 4.003943847215710150e+01
2.725690904468679232e+00 4.003943847215710150e+01
2.378059365748319109e+00 4.208717865282923043e+01
2.725690904468679232e+00 4.003943847215710150e+01
4.282349340271386140e+00 7.632566807709426193e+00
6.970355375866691183e+00 1.895788313700033534e+00
2.181277373065323655e+00 4.864168269576101267e+01
2.310655397418450274e+00 4.218735105999622448e+01
3.108452316209396216e+00 3.179923056812791771e+01
3.402751698472902930e+00 2.635546907431285035e+01
2.725690904468679232e+00 4.003943847215710150e+01
3.402751698472902930e+00 2.635546907431285035e+01
2.725690904468679232e+00 4.003943847215710150e+01
2.725690904468679232e+00 4.003943847215710150e+01
2.725690904468679232e+00 4.003943847215710150e+01
2.310655397418450274e+00 4.218735105999622448e+01
2.310655397418450274e+00 4.218735105999622448e+01
2.310655397418450274e+00 4.218735105999622448e+01
4.950643546401439110e+00 3.871987433464991302e+00
2.310655397418450274e+00 4.218735105999622448e+01
2.283552655571897905e+00 4.480273640573949478e+01
4.950643546401439110e+00 3.871987433464991302e+00
3.402751698472902930e+00 2.635546907431285035e+01
4.950643546401439110e+00 3.871987433464991302e+00
2.310655397418450274e+00 4.218735105999622448e+01
2.725690904468679232e+00 4.003943847215710150e+01
3.402751698472902930e+00 2.635546907431285035e+01
6.970355375866691183e+00 1.895788313700033534e+00
2.725690904468679232e+00 4.003943847215710150e+01
3.495336050178180720e+00 1.928272476677339498e+01
6.970355375866691183e+00 1.895788313700033534e+00
2.725690904468679232e+00 4.003943847215710150e+01
9.824387048313113269e+00 5.108215358236416481e-01
2.310655397418450274e+00 4.218735105999622448e+01
9.824387048313113269e+00 5.108215358236416481e-01
4.282349340271386140e+00 7.632566807709426193e+00
5.722576517138934449e+00 2.135095782597916880e+00
2.428817551488394066e+00 4.186628400448721976e+01
2.725690904468679232e+00 4.003943847215710150e+01
3.108452316209396216e+00 3.179923056812791771e+01
2.725690904468679232e+00 4.003943847215710150e+01
2.725690904468679232e+00 4.003943847215710150e+01
4.282349340271386140e+00 7.632566807709426193e+00
2.428817551488394066e+00 4.186628400448721976e+01
2.555228250351829544e+00 4.154458865856667416e+01
2.310655397418450274e+00 4.218735105999622448e+01
2.428817551488394066e+00 4.186628400448721976e+01
3.402751698472902930e+00 2.635546907431285035e+01
2.725690904468679232e+00 4.003943847215710150e+01
6.970355375866691183e+00 1.895788313700033534e+00
3.108452316209396216e+00 3.179923056812791771e+01
2.725690904468679232e+00 4.003943847215710150e+01
3.402751698472902930e+00 2.635546907431285035e+01
2.725690904468679232e+00 4.003943847215710150e+01
2.310655397418450274e+00 4.218735105999622448e+01
2.310655397418450274e+00 4.218735105999622448e+01
3.108452316209396216e+00 3.179923056812791771e+01
4.282349340271386140e+00 7.632566807709426193e+00
7.017653010316305284e+00 8.679767411934955490e-01
9.824387048313113269e+00 5.108215358236416481e-01
3.402751698472902930e+00 2.635546907431285035e+01
2.173778649470683888e+00 4.890156245569944105e+01
2.310655397418450274e+00 4.218735105999622448e+01
2.310655397418450274e+00 4.218735105999622448e+01
9.824387048313113269e+00 5.108215358236416481e-01
3.495774174447012328e+00 1.919802946981857872e+01
2.310655397418450274e+00 4.218735105999622448e+01
4.950643546401439110e+00 3.871987433464991302e+00
2.283552655571897905e+00 4.480273640573949478e+01
4.282349340271386140e+00 7.632566807709426193e+00
3.495336050178180720e+00 1.928272476677339498e+01
4.950643546401439110e+00 3.871987433464991302e+00
4.950643546401439110e+00 3.871987433464991302e+00
3.402751698472902930e+00 2.635546907431285035e+01
2.725690904468679232e+00 4.003943847215710150e+01
3.414962532348234880e+00 2.034988281498138463e+01
2.725690904468679232e+00 4.003943847215710150e+01
2.725690904468679232e+00 4.003943847215710150e+01
9.824387048313113269e+00 5.108215358236416481e-01
2.310655397418450274e+00 4.218735105999622448e+01
4.950643546401439110e+00 3.871987433464991302e+00
9.824387048313113269e+00 5.108215358236416481e-01
3.402751698472902930e+00 2.635546907431285035e+01
2.173778649470683888e+00 4.890156245569944105e+01
4.282349340271386140e+00 7.632566807709426193e+00
2.725690904468679232e+00 4.003943847215710150e+01
6.970355375866691183e+00 1.895788313700033534e+00
9.824387048313113269e+00 5.108215358236416481e-01
2.725690904468679232e+00 4.003943847215710150e+01
3.402751698472902930e+00 2.635546907431285035e+01
2.310655397418450274e+00 4.218735105999622448e+01
3.402751698472902930e+00 2.635546907431285035e+01
4.282349340271386140e+00 7.632566807709426193e+00
2.569490201226096282e+00 4.033348213056491716e+01
6.970355375866691183e+00 1.895788313700033534e+00
2.725690904468679232e+00 4.003943847215710150e+01
6.970355375866691183e+00 1.895788313700033534e+00
2.173778649470683888e+00 4.890156245569944105e+01
3.402751698472902930e+00 2.635546907431285035e+01
3.402751698472902930e+00 2.635546907431285035e+01
6.970355375866691183e+00 1.895788313700033534e+00
2.428817551488394066e+00 4.186628400448721976e+01
6.970355375866691183e+00 1.895788313700033534e+00
3.402751698472902930e+00 2.635546907431285035e+01
2.725690904468679232e+00 4.003943847215710150e+01
9.824387048313113269e+00 5.108215358236416481e-01
2.725690904468679232e+00 4.003943847215710150e+01
3.414962532348234880e+00 2.034988281498138463e+01
2.725690904468679232e+00 4.003943847215710150e+01
6.970355375866691183e+00 1.895788313700033534e+00
2.173778649470683888e+00 4.890156245569944105e+01
2.725690904468679232e+00 4.003943847215710150e+01
2.725690904468679232e+00 4.003943847215710150e+01
4.282349340271386140e+00 7.632566807709426193e+00
9.824387048313113269e+00 5.108215358236416481e-01
3.402751698472902930e+00 2.635546907431285035e+01
3.108452316209396216e+00 3.179923056812791771e+01
2.725690904468679232e+00 4.003943847215710150e+01
4.950643546401439110e+00 3.871987433464991302e+00
3.517481712732057453e+00 1.615476755980392198e+01
2.725690904468679232e+00 4.003943847215710150e+01
2.310655397418450274e+00 4.218735105999622448e+01
2.725690904468679232e+00 4.003943847215710150e+01
2.725690904468679232e+00 4.003943847215710150e+01
2.725690904468679232e+00 4.003943847215710150e+01
3.495774174447012328e+00 1.919802946981857872e+01
5.722576517138934449e+00 2.135095782597916880e+00
2.725690904468679232e+00 4.003943847215710150e+01
2.725690904468679232e+00 4.003943847215710150e+01
6.970355375866691183e+00 1.895788313700033534e+00
9.824387048313113269e+00 5.108215358236416481e-01
2.725690904468679232e+00 4.003943847215710150e+01
3.402751698472902930e+00 2.635546907431285035e+01
2.725690904468679232e+00 4.003943847215710150e+01
2.310655397418450274e+00 4.218735105999622448e+01
3.517481712732057453e+00 1.615476755980392198e+01
2.310655397418450274e+00 4.218735105999622448e+01
2.310655397418450274e+00 4.218735105999622448e+01
7.017653010316305284e+00 8.679767411934955490e-01
2.988318525668769432e+00 3.413840339075098740e+01
3.517481712732057453e+00 1.615476755980392198e+01
3.495774174447012328e+00 1.919802946981857872e+01
2.378059365748319109e+00 4.208717865282923043e+01
2.173778649470683888e+00 4.890156245569944105e+01
3.402751698472902930e+00 2.635546907431285035e+01
4.282349340271386140e+00 7.632566807709426193e+00
2.569490201226096282e+00 4.033348213056491716e+01
2.310655397418450274e+00 4.218735105999622448e+01
2.555228250351829544e+00 4.154458865856667416e+01
6.970355375866691183e+00 1.895788313700033534e+00
3.108452316209396216e+00 3.179923056812791771e+01
4.695078443611910402e+00 5.046928232538464343e+00
3.517481712732057453e+00 1.615476755980392198e+01
6.970355375866691183e+00 1.895788313700033534e+00
2.310655397418450274e+00 4.218735105999622448e+01
2.725690904468679232e+00 4.003943847215710150e+01
5.722576517138934449e+00 2.135095782597916880e+00
3.495336050178180720e+00 1.928272476677339498e+01
2.725690904468679232e+00 4.003943847215710150e+01
3.108452316209396216e+00 3.179923056812791771e+01
2.310655397418450274e+00 4.218735105999622448e+01
2.428817551488394066e+00 4.186628400448721976e+01
4.950643546401439110e+00 3.871987433464991302e+00
2.725690904468679232e+00 4.003943847215710150e+01
4.950643546401439110e+00 3.871987433464991302e+00
2.725690904468679232e+00 4.003943847215710150e+01
8.807845197724995856e+00 6.384542907305958970e-01
2.310655397418450274e+00 4.218735105999622448e+01
2.428817551488394066e+00 4.186628400448721976e+01
3.402751698472902930e+00 2.635546907431285035e+01
2.310655397418450274e+00 4.218735105999622448e+01
6.970355375866691183e+00 1.895788313700033534e+00
2.725690904468679232e+00 4.003943847215710150e+01
3.402751698472902930e+00 2.635546907431285035e+01
2.310655397418450274e+00 4.218735105999622448e+01
2.725690904468679232e+00 4.003943847215710150e+01
2.725690904468679232e+00 4.003943847215710150e+01
2.725690904468679232e+00 4.003943847215710150e+01
2.725690904468679232e+00 4.003943847215710150e+01
2.428817551488394066e+00 4.186628400448721976e+01
2.725690904468679232e+00 4.003943847215710150e+01
3.108452316209396216e+00 3.179923056812791771e+01
2.310655397418450274e+00 4.218735105999622448e+01
3.402751698472902930e+00 2.635546907431285035e+01
9.824387048313113269e+00 5.108215358236416481e-01
3.495774174447012328e+00 1.919802946981857872e+01
2.428817551488394066e+00 4.186628400448721976e+01
3.495774174447012328e+00 1.919802946981857872e+01
6.970355375866691183e+00 1.895788313700033534e+00
2.725690904468679232e+00 4.003943847215710150e+01
2.310655397418450274e+00 4.218735105999622448e+01
3.108452316209396216e+00 3.179923056812791771e+01
2.725690904468679232e+00 4.003943847215710150e+01
6.970355375866691183e+00 1.895788313700033534e+00
2.428817551488394066e+00 4.186628400448721976e+01
2.725690904468679232e+00 4.003943847215710150e+01
2.725690904468679232e+00 4.003943847215710150e+01
3.108452316209396216e+00 3.179923056812791771e+01
2.310655397418450274e+00 4.218735105999622448e+01
2.725690904468679232e+00 4.003943847215710150e+01
4.950643546401439110e+00 3.871987433464991302e+00
2.310655397418450274e+00 4.218735105999622448e+01
3.402751698472902930e+00 2.635546907431285035e+01
2.569490201226096282e+00 4.033348213056491716e+01
8.050293861486107261e+00 6.769510562885612259e-01
3.402751698472902930e+00 2.635546907431285035e+01
2.310655397418450274e+00 4.218735105999622448e+01
5.722576517138934449e+00 2.135095782597916880e+00
2.428817551488394066e+00 4.186628400448721976e+01
2.725690904468679232e+00 4.003943847215710150e+01
3.402751698472902930e+00 2.635546907431285035e+01
3.495774174447012328e+00 1.919802946981857872e+01
3.495336050178180720e+00 1.928272476677339498e+01
2.725690904468679232e+00 4.003943847215710150e+01
2.378059365748319109e+00 4.208717865282923043e+01
3.402751698472902930e+00 2.635546907431285035e+01
4.373867094732441174e+00 5.608124789797437337e+00
3.402751698472902930e+00 2.635546907431285035e+01
2.173778649470683888e+00 4.890156245569944105e+01
2.569490201226096282e+00 4.033348213056491716e+01
2.428817551488394066e+00 4.186628400448721976e+01
6.970355375866691183e+00 1.895788313700033534e+00
4.373867094732441174e+00 5.608124789797437337e+00
2.181277373065323655e+00 4.864168269576101267e+01
4.282349340271386140e+00 7.632566807709426193e+00
2.725690904468679232e+00 4.003943847215710150e+01
5.722576517138934449e+00 2.135095782597916880e+00
2.310655397418450274e+00 4.218735105999622448e+01
4.950643546401439110e+00 3.871987433464991302e+00
2.725690904468679232e+00 4.003943847215710150e+01
3.108452316209396216e+00 3.179923056812791771e+01
4.282349340271386140e+00 7.632566807709426193e+00
2.310655397418450274e+00 4.218735105999622448e+01
3.402751698472902930e+00 2.635546907431285035e+01
4.950643546401439110e+00 3.871987433464991302e+00
2.173778649470683888e+00 4.890156245569944105e+01
3.517481712732057453e+00 1.615476755980392198e+01
2.725690904468679232e+00 4.003943847215710150e+01
4.950643546401439110e+00 3.871987433464991302e+00
3.495774174447012328e+00 1.919802946981857872e+01
4.950643546401439110e+00 3.871987433464991302e+00
3.402751698472902930e+00 2.635546907431285035e+01
5.722576517138934449e+00 2.135095782597916880e+00
4.950643546401439110e+00 3.871987433464991302e+00
3.495336050178180720e+00 1.928272476677339498e+01
3.517481712732057453e+00 1.615476755980392198e+01
2.378059365748319109e+00 4.208717865282923043e+01
3.495336050178180720e+00 1.928272476677339498e+01
2.173778649470683888e+00 4.890156245569944105e+01
4.950643546401439110e+00 3.871987433464991302e+00
3.495774174447012328e+00 1.919802946981857872e+01
2.310655397418450274e+00 4.218735105999622448e+01
9.824387048313113269e+00 5.108215358236416481e-01
4.282349340271386140e+00 7.632566807709426193e+00
2.181277373065323655e+00 4.864168269576101267e+01
1.052144150798424960e+01 4.766196920163143780e-01
4.282349340271386140e+00 7.632566807709426193e+00
5.722576517138934449e+00 2.135095782597916880e+00
9.824387048313113269e+00 5.108215358236416481e-01
4.950643546401439110e+00 3.871987433464991302e+00
2.173778649470683888e+00 4.890156245569944105e+01
9.824387048313113269e+00 5.108215358236416481e-01
2.725690904468679232e+00 4.003943847215710150e+01
3.402751698472902930e+00 2.635546907431285035e+01
2.310655397418450274e+00 4.218735105999622448e+01
2.428817551488394066e+00 4.186628400448721976e+01
3.402751698472902930e+00 2.635546907431285035e+01
3.402751698472902930e+00 2.635546907431285035e+01
3.402751698472902930e+00 2.635546907431285035e+01
6.970355375866691183e+00 1.895788313700033534e+00
