9.169859830092615127e-03 1.984815402642261170e-05 1.030888992944005650e-03 5.870817007370111537e-05 1.224254124977461734e-04
9.167985818542957396e-03 1.985141051145840736e-05 1.030898455478137339e-03 5.870656568644675133e-05 1.224207274696287632e-04
9.161955953818410811e-03 1.968486058482426168e-05 1.055101164402654813e-03 5.852424247041336692e-05 1.222325553509448417e-04
9.170341605980920213e-03 1.984274834120759560e-05 1.030898422315182535e-03 5.870437692673746781e-05 1.224107037362036582e-04
1.043135145133885708e-02 1.846768443601467071e-05 9.845715532590263233e-04 5.111586204324081411e-05 1.498431563341809608e-04
9.248553379969074936e-03 1.991964697951384755e-05 1.028329154455164506e-03 5.907096022128184972e-05 1.225973327883689973e-04
9.213890532098589770e-03 1.977065334350739320e-05 1.030252963143962969e-03 5.889746414905120661e-05 1.228736437963076742e-04
9.289907747246157338e-03 1.981146430516763076e-05 1.196716984088344680e-03 6.230623817841784821e-05 1.220729868561150073e-04
8.501226871280647204e-03 1.703570270224573195e-05 1.359978742723670295e-03 6.967243500123313394e-05 1.113247174332798647e-04
8.483496782907358827e-03 1.699335249554862065e-05 1.378166903687877681e-03 7.025724991280150097e-05 1.108942989875413078e-04
9.072835671226162774e-03 2.835464040286115911e-05 1.062390127266009876e-03 6.052790277069110009e-05 1.216026697671676495e-04
9.768047699155492369e-03 2.050384483647798716e-05 1.337958516689964237e-03 6.718541024485222355e-05 1.222026139528655094e-04
9.085524111451888721e-03 2.074605688659360151e-05 1.086273597458495884e-03 5.982559028953574759e-05 1.223603549564873400e-04
1.102048924947377634e-02 3.058763702621320949e-05 1.672740845554784644e-03 1.194051661134823167e-04 1.321989813079434703e-04
8.556148316635665135e-03 1.691217610400363988e-05 1.448645881460240660e-03 7.267791325811000041e-05 1.094649410607434177e-04
8.015958927617330282e-03 1.696533720602329476e-05 1.423854045283692166e-03 7.128040780362071495e-05 1.114117811836584041e-04
8.541316908383327078e-03 1.691566462267466120e-05 1.413201096526800872e-03 7.154476976984135248e-05 1.096989538174999638e-04
1.569027706349640852e-02 3.826552918158088640e-05 2.762692774144650480e-03 1.812343464156334900e-04 1.353042951087893926e-04
8.004773667550412267e-03 1.690080143834318425e-05 1.439036744040117152e-03 7.180371206914814230e-05 1.111217967568200619e-04
7.991487011738074298e-03 1.688364096412228399e-05 1.451146245012764147e-03 7.226599723256005216e-05 1.108858578127078085e-04
8.031261637215866486e-03 1.686496080921683188e-05 1.447159669017038328e-03 7.215742683210593547e-05 1.108373023050958692e-04
8.013216909697258583e-03 1.684766646715875015e-05 1.459148842677942355e-03 7.256604432263563209e-05 1.106744739754841910e-04
8.035940125017815641e-03 1.683354824530623232e-05 1.463029017863342121e-03 7.271774031192118333e-05 1.105654044086829967e-04
8.065597341170236897e-03 1.684099268626162998e-05 1.457820905795264611e-03 7.259979845205909556e-05 1.104983581883019336e-04
8.072472862276424549e-03 1.681844852862022764e-05 1.504577053725516438e-03 7.411076514314057166e-05 1.103014859141259661e-04
8.197207978775348722e-03 1.707774160903190142e-05 1.431784629597740660e-03 7.205738747296773776e-05 1.105763387076311085e-04
8.180866216951349426e-03 1.678206208566164053e-05 1.481868433482771497e-03 7.348878367463974708e-05 1.099560651252943063e-04
8.246480587522583144e-03 1.706641474443403652e-05 1.436867506956997741e-03 7.228081058333231390e-05 1.103420530241723416e-04
8.940279319853290316e-03 1.761937838045881673e-05 1.401400312307313819e-03 7.202602640811352067e-05 1.099346632605706603e-04
9.189303633180238504e-03 1.811343417330390468e-05 1.413370121696531489e-03 7.297932979476522109e-05 1.104545004870336627e-04
9.163633038216722343e-03 1.736685284677294547e-05 1.426080107195717723e-03 7.252254789019358988e-05 1.086874018224288034e-04
8.298457241421792682e-03 1.678066272495210400e-05 1.517568253817213730e-03 7.474587702671664816e-05 1.095679500916111281e-04
8.386285567512663866e-03 1.707540794326498551e-05 1.446377380713465086e-03 7.271910485255855382e-05 1.098211574522397002e-04
8.368021610882068681e-03 1.689109893981720681e-05 1.479884630763212165e-03 7.362980861278046259e-05 1.095900104924599954e-04
8.514892797054000526e-03 1.713295448687595529e-05 1.447910766139637578e-03 7.288432014433277181e-05 1.095435582363812790e-04
9.189941990700275370e-03 1.757613628257190675e-05 1.434564108380224868e-03 7.298848258853795148e-05 1.088449984415314822e-04
8.520120404133265865e-03 1.697010616613758618e-05 1.476766967426733140e-03 7.365327712180867628e-05 1.092603028596754022e-04
8.649164684937689015e-03 1.752551420896497470e-05 1.452792940535766299e-03 7.341410318140188438e-05 1.098631564581022943e-04
8.635450013699721289e-03 1.711657037343453186e-05 1.470210810998855751e-03 7.355777433627692973e-05 1.093978535737830354e-04
9.430467935994399711e-03 1.821369405081857689e-05 1.452865368060745959e-03 7.429849946860778891e-05 1.092876129065385092e-04
8.664996399040647210e-03 1.720130013919641480e-05 1.469847512666936718e-03 7.362570352503988811e-05 1.093670909987227020e-04
8.789894630364671405e-03 1.761787238404428723e-05 1.465002877534590320e-03 7.386868121650310641e-05 1.097371422014964106e-04
8.828497761770881871e-03 1.764615391247713729e-05 1.467510530863061621e-03 7.396456040266710034e-05 1.096856867280910909e-04
9.686551507254474377e-03 1.871460243324414303e-05 1.495053071531960787e-03 7.616696605183712011e-05 1.093675623524984961e-04
8.931840614434950754e-03 1.767793467990258803e-05 1.467525895689844248e-03 7.402253612836082631e-05 1.094272579257147838e-04
9.017820838749576046e-03 1.765017764944305047e-05 1.477775646651608528e-03 7.422646108947805830e-05 1.093903880235848694e-04
9.045419365842532339e-03 1.776264027505908698e-05 1.479485425242018249e-03 7.436665478700762695e-05 1.096004945620078231e-04
9.717279242217180882e-03 1.945527308273421014e-05 1.551811309133232196e-03 7.758724426802838560e-05 1.133150044990040561e-04
9.340950808069115735e-03 1.836292460223545745e-05 1.490770933735138240e-03 7.532227206842176859e-05 1.095561310292110876e-04
9.527823611673707713e-03 1.881615649510600172e-05 1.525954711103532768e-03 7.693779210076552490e-05 1.103280553563715233e-04
9.455455312454537700e-03 1.834876171562329313e-05 1.493079661545610197e-03 7.545885597236045076e-05 1.093674230592640921e-04
1.010375559693393356e-02 1.986135934402787333e-05 1.556758483398065817e-03 7.760194430891698180e-05 1.132435306522858387e-04
9.481112408351668325e-03 1.842119216198373873e-05 1.501743639891269574e-03 7.560542773164340396e-05 1.099018868450587919e-04
9.501037660621859671e-03 1.847190677586268932e-05 1.503107145476727290e-03 7.574010712988806665e-05 1.098700708320829732e-04
9.533946326246477490e-03 1.846329788463379183e-05 1.501310920376914279e-03 7.570941606462550458e-05 1.096296538293537939e-04
9.948359634521774034e-03 1.888982377881695188e-05 1.512578724222150232e-03 7.659366154219400731e-05 1.091307365619601806e-04
9.723772802336650561e-03 1.872349207032914493e-05 1.512999069575471150e-03 7.632051288295549428e-05 1.096365307016066484e-04
9.907052166745859700e-03 1.880452862680113434e-05 1.510384753733906918e-03 7.631452455709748089e-05 1.092524157131327173e-04
9.810619945727802951e-03 1.882054699325251085e-05 1.517585520965306165e-03 7.636073326825952806e-05 1.100259819145601227e-04
9.857362817419388842e-03 1.903925727875232048e-05 1.533389869236982542e-03 7.727668964784640887e-05 1.099469067490333688e-04
1.126036050128699333e-02 2.103675193600000682e-05 1.697343117618613445e-03 8.499423039664023567e-05 1.097226137087252548e-04
1.101831917153958847e-02 2.045376517775526618e-05 1.624208003574714775e-03 8.181719535264758464e-05 1.093522429876819427e-04
1.132682186984836428e-02 2.108727476656563997e-05 1.697236654450377542e-03 8.502472361270127109e-05 1.095673814335638280e-04
1.014831646813037919e-02 1.935539495479665092e-05 1.547200151418750462e-03 7.792575401357561325e-05 1.099087780035501390e-04
1.034616674361171947e-02 1.973965668790036233e-05 1.578149748022382578e-03 7.946398545710688902e-05 1.098401509106640569e-04
1.035605825110658997e-02 1.961972833343976228e-05 1.557973834960811469e-03 7.825070193122492766e-05 1.103410609539872252e-04
1.040615863093160773e-02 1.970791260998551957e-05 1.564657830491283713e-03 7.857535845932445097e-05 1.103249392739646462e-04
1.163187719489489416e-02 2.135657271018085774e-05 1.710970928256966327e-03 8.543183141895789373e-05 1.099146772703804082e-04
1.057427511300808309e-02 1.996701140147005306e-05 1.585516543064140020e-03 7.971691317941649070e-05 1.099605812716275896e-04
1.186563141219263394e-02 2.155511441644139848e-05 1.708518335894972876e-03 8.545904467631816950e-05 1.095034511972683072e-04
1.199976486128312425e-02 2.168655052700074859e-05 1.711813818580074347e-03 8.557395832738897725e-05 1.095342629139033069e-04
1.108553564242667142e-02 2.074498866177562284e-05 1.648985524978131877e-03 8.256753120261775178e-05 1.100729618562509642e-04
1.106188175834512712e-02 2.055821841383365209e-05 1.613949274055312237e-03 8.093003833112584326e-05 1.101623553894272712e-04
1.237455301113650138e-02 2.360106304021580519e-05 1.837041270473094637e-03 9.018360458262738362e-05 1.137203938284666259e-04
1.136137317395750565e-02 2.103891489756232612e-05 1.654983704228165211e-03 8.278716744361941371e-05 1.102562247824795047e-04
1.295517438386004430e-02 2.433523067068981097e-05 1.938364547691601636e-03 9.423525246605112503e-05 1.138272200904889852e-04
1.173567983194058993e-02 2.155663786472778481e-05 1.682484050408625774e-03 8.369255971313117372e-05 1.106635049536023495e-04
1.324338330505282768e-02 2.457292253599727534e-05 1.942005231909365312e-03 9.449861398429442534e-05 1.139672565886127448e-04
1.222759458992109770e-02 2.237219369772416931e-05 1.742283699245432025e-03 8.649412869692663954e-05 1.105336114915143864e-04
1.282492183383592867e-02 2.305237392735768730e-05 1.826969441055170153e-03 9.011930562013891941e-05 1.104053363061543498e-04
1.295238594823296639e-02 2.324569333943831385e-05 1.830090914180712396e-03 9.021887880976974287e-05 1.106171754377631818e-04
1.499397339083680288e-02 2.574388032835718524e-05 2.047263853875364633e-03 9.940704451892446824e-05 1.104171547898140875e-04
1.523102686287610558e-02 2.732177227207216306e-05 2.204024346041490341e-03 1.049650016767812000e-04 1.141873450338686598e-04
1.614746214724710124e-02 2.734180799219380016e-05 2.120259651234530918e-03 1.023193535657197187e-04 1.106563086181428608e-04
1.550111776382310722e-02 2.663475654846940264e-05 2.102819945953795892e-03 1.014604862829036549e-04 1.110625556313451481e-04
1.700492298500520458e-02 2.911461362661997812e-05 2.377060121314968771e-03 1.123760021372787940e-04 1.121688596926818303e-04
1.817102887743480763e-02 3.086681153914081188e-05 2.435493173356318396e-03 1.145497918432610224e-04 1.118913093839348427e-04
