8.000000000000000444e-01 7.309999999999999831e-01 6.159999999999999920e-01 5.600000000000000533e-01 4.000000000000000222e-01 -2.000000000000000111e-01 -5.000000000000000278e-02 2.000000000000000111e-01 -2.000000000000000111e-01 2.000000000000000111e-01
8.000000000000000444e-01 7.319999999999999840e-01 6.159999999999999920e-01 5.600000000000000533e-01 4.000000000000000222e-01 -2.000000000000000111e-01 -5.000000000000000278e-02 2.000000000000000111e-01 -2.000000000000000111e-01 2.000000000000000111e-01
8.000000000000000444e-01 7.099999999999999645e-01 5.959999999999999742e-01 5.959999999999999742e-01 4.000000000000000222e-01 -2.000000000000000111e-01 -5.000000000000000278e-02 -2.000000000000000111e-01 2.000000000000000111e-01 2.000000000000000111e-01
8.000000000000000444e-01 7.299999999999999822e-01 6.159999999999999920e-01 5.600000000000000533e-01 4.000000000000000222e-01 -2.000000000000000111e-01 -5.000000000000000278e-02 2.000000000000000111e-01 -2.000000000000000111e-01 2.000000000000000111e-01
8.000000000000000444e-01 8.000000000000000444e-01 6.700000000000000400e-01 5.360000000000000320e-01 4.000000000000000222e-01 -2.000000000000000111e-01 2.000000000000000111e-01 -2.000000000000000111e-01 1.930000000000000049e-01 -2.000000000000000111e-01
8.000000000000000444e-01 7.169999999999999707e-01 6.229999999999999982e-01 5.480000000000000426e-01 4.000000000000000222e-01 -2.000000000000000111e-01 -5.000000000000000278e-02 2.000000000000000111e-01 -2.000000000000000111e-01 2.000000000000000111e-01
8.000000000000000444e-01 7.069999999999999618e-01 6.149999999999999911e-01 5.360000000000000320e-01 4.000000000000000222e-01 -2.000000000000000111e-01 -5.000000000000000278e-02 2.000000000000000111e-01 -2.000000000000000111e-01 2.000000000000000111e-01
8.000000000000000444e-01 7.169999999999999707e-01 5.669999999999999485e-01 5.480000000000000426e-01 4.000000000000000222e-01 -2.000000000000000111e-01 -5.000000000000000278e-02 -2.000000000000000111e-01 2.000000000000000111e-01 2.000000000000000111e-01
8.000000000000000444e-01 8.000000000000000444e-01 6.099999999999999867e-01 5.639999999999999458e-01 5.600000000000000533e-01 2.000000000000000111e-01 -2.000000000000000111e-01 2.000000000000000111e-01 -2.000000000000000111e-01 -5.000000000000000278e-02
8.000000000000000444e-01 8.000000000000000444e-01 6.049999999999999822e-01 5.689999999999999503e-01 5.649999999999999467e-01 2.000000000000000111e-01 -2.000000000000000111e-01 2.000000000000000111e-01 -2.000000000000000111e-01 -5.000000000000000278e-02
7.530000000000000027e-01 7.319999999999999840e-01 5.959999999999999742e-01 5.230000000000000204e-01 4.000000000000000222e-01 -5.299999999999999850e-02 -2.000000000000000111e-01 2.000000000000000111e-01 -2.000000000000000111e-01 2.000000000000000111e-01
8.000000000000000444e-01 7.039999999999999591e-01 5.729999999999999538e-01 5.240000000000000213e-01 4.000000000000000222e-01 -2.000000000000000111e-01 -5.000000000000000278e-02 -2.000000000000000111e-01 2.000000000000000111e-01 2.000000000000000111e-01
7.860000000000000320e-01 7.159999999999999698e-01 5.769999999999999574e-01 5.120000000000000107e-01 4.000000000000000222e-01 -2.000000000000000111e-01 -5.000000000000000278e-02 2.000000000000000111e-01 -2.000000000000000111e-01 2.000000000000000111e-01
8.000000000000000444e-01 7.239999999999999769e-01 6.550000000000000266e-01 5.480000000000000426e-01 4.600000000000000200e-01 -2.000000000000000111e-01 -5.000000000000000278e-02 -2.000000000000000111e-01 2.000000000000000111e-01 -2.000000000000000111e-01
8.000000000000000444e-01 8.000000000000000444e-01 5.939999999999999725e-01 5.939999999999999725e-01 5.899999999999999689e-01 -2.000000000000000111e-01 2.000000000000000111e-01 -2.000000000000000111e-01 2.000000000000000111e-01 -5.000000000000000278e-02
8.000000000000000444e-01 8.000000000000000444e-01 7.069999999999999618e-01 6.149999999999999911e-01 5.350000000000000311e-01 -2.000000000000000111e-01 2.000000000000000111e-01 -5.000000000000000278e-02 2.000000000000000111e-01 -2.000000000000000111e-01
8.000000000000000444e-01 8.000000000000000444e-01 6.109999999999999876e-01 5.979999999999999760e-01 5.979999999999999760e-01 2.000000000000000111e-01 -2.000000000000000111e-01 2.000000000000000111e-01 -2.000000000000000111e-01 -5.000000000000000278e-02
8.000000000000000444e-01 7.139999999999999680e-01 6.550000000000000266e-01 5.610000000000000542e-01 4.969999999999999973e-01 -2.000000000000000111e-01 -5.000000000000000278e-02 1.960000000000000075e-01 -2.000000000000000111e-01 2.000000000000000111e-01
8.000000000000000444e-01 8.000000000000000444e-01 7.039999999999999591e-01 6.109999999999999876e-01 5.430000000000000382e-01 -2.000000000000000111e-01 2.000000000000000111e-01 -5.000000000000000278e-02 2.000000000000000111e-01 -2.000000000000000111e-01
8.000000000000000444e-01 8.000000000000000444e-01 7.299999999999999822e-01 6.119999999999999885e-01 5.520000000000000462e-01 -2.000000000000000111e-01 2.000000000000000111e-01 -5.000000000000000278e-02 2.000000000000000111e-01 -2.000000000000000111e-01
8.000000000000000444e-01 8.000000000000000444e-01 7.049999999999999600e-01 6.119999999999999885e-01 5.530000000000000471e-01 -2.000000000000000111e-01 2.000000000000000111e-01 -5.000000000000000278e-02 2.000000000000000111e-01 -2.000000000000000111e-01
8.000000000000000444e-01 8.000000000000000444e-01 7.229999999999999760e-01 6.109999999999999876e-01 5.590000000000000524e-01 2.000000000000000111e-01 -2.000000000000000111e-01 -5.000000000000000278e-02 2.000000000000000111e-01 -2.000000000000000111e-01
8.000000000000000444e-01 8.000000000000000444e-01 7.139999999999999680e-01 6.099999999999999867e-01 5.620000000000000551e-01 2.000000000000000111e-01 -2.000000000000000111e-01 -5.000000000000000278e-02 2.000000000000000111e-01 -2.000000000000000111e-01
8.000000000000000444e-01 8.000000000000000444e-01 7.139999999999999680e-01 6.139999999999999902e-01 5.659999999999999476e-01 2.000000000000000111e-01 -2.000000000000000111e-01 -5.000000000000000278e-02 2.000000000000000111e-01 -2.000000000000000111e-01
8.000000000000000444e-01 8.000000000000000444e-01 7.039999999999999591e-01 5.959999999999999742e-01 5.659999999999999476e-01 2.000000000000000111e-01 -2.000000000000000111e-01 -5.000000000000000278e-02 2.000000000000000111e-01 -2.000000000000000111e-01
8.000000000000000444e-01 8.000000000000000444e-01 7.229999999999999760e-01 6.360000000000000098e-01 5.729999999999999538e-01 2.000000000000000111e-01 -2.000000000000000111e-01 -5.000000000000000278e-02 2.000000000000000111e-01 -2.000000000000000111e-01
8.000000000000000444e-01 8.000000000000000444e-01 6.939999999999999503e-01 6.069999999999999840e-01 5.829999999999999627e-01 -2.000000000000000111e-01 2.000000000000000111e-01 -5.000000000000000278e-02 2.000000000000000111e-01 -2.000000000000000111e-01
8.000000000000000444e-01 8.000000000000000444e-01 7.159999999999999698e-01 6.360000000000000098e-01 5.819999999999999618e-01 -2.000000000000000111e-01 2.000000000000000111e-01 -5.000000000000000278e-02 2.000000000000000111e-01 -2.000000000000000111e-01
8.000000000000000444e-01 8.000000000000000444e-01 6.550000000000000266e-01 6.189999999999999947e-01 6.179999999999999938e-01 -2.000000000000000111e-01 2.000000000000000111e-01 2.000000000000000111e-01 -5.000000000000000278e-02 -2.000000000000000111e-01
8.000000000000000444e-01 8.000000000000000444e-01 6.700000000000000400e-01 6.139999999999999902e-01 6.119999999999999885e-01 -2.000000000000000111e-01 2.000000000000000111e-01 2.000000000000000111e-01 -2.000000000000000111e-01 -5.000000000000000278e-02
8.000000000000000444e-01 8.000000000000000444e-01 6.550000000000000266e-01 6.350000000000000089e-01 6.270000000000000018e-01 -2.000000000000000111e-01 2.000000000000000111e-01 -2.000000000000000111e-01 2.000000000000000111e-01 -5.000000000000000278e-02
8.000000000000000444e-01 8.000000000000000444e-01 7.139999999999999680e-01 6.029999999999999805e-01 6.029999999999999805e-01 2.000000000000000111e-01 -2.000000000000000111e-01 -5.000000000000000278e-02 -2.000000000000000111e-01 2.000000000000000111e-01
8.000000000000000444e-01 8.000000000000000444e-01 7.039999999999999591e-01 6.360000000000000098e-01 6.019999999999999796e-01 -2.000000000000000111e-01 2.000000000000000111e-01 -5.000000000000000278e-02 2.000000000000000111e-01 -2.000000000000000111e-01
8.000000000000000444e-01 8.000000000000000444e-01 7.139999999999999680e-01 6.199999999999999956e-01 6.109999999999999876e-01 2.000000000000000111e-01 -2.000000000000000111e-01 -5.000000000000000278e-02 2.000000000000000111e-01 -2.000000000000000111e-01
8.000000000000000444e-01 8.000000000000000444e-01 6.939999999999999503e-01 6.380000000000000115e-01 6.139999999999999902e-01 2.000000000000000111e-01 -2.000000000000000111e-01 -5.000000000000000278e-02 2.000000000000000111e-01 -2.000000000000000111e-01
8.000000000000000444e-01 8.000000000000000444e-01 6.550000000000000266e-01 6.470000000000000195e-01 6.470000000000000195e-01 2.000000000000000111e-01 -2.000000000000000111e-01 -2.000000000000000111e-01 2.000000000000000111e-01 -5.000000000000000278e-02
8.000000000000000444e-01 8.000000000000000444e-01 7.039999999999999591e-01 6.239999999999999991e-01 6.239999999999999991e-01 -2.000000000000000111e-01 2.000000000000000111e-01 -5.000000000000000278e-02 -2.000000000000000111e-01 2.000000000000000111e-01
8.000000000000000444e-01 8.000000000000000444e-01 7.139999999999999680e-01 6.550000000000000266e-01 6.149999999999999911e-01 -2.000000000000000111e-01 2.000000000000000111e-01 -5.000000000000000278e-02 2.000000000000000111e-01 -2.000000000000000111e-01
8.000000000000000444e-01 8.000000000000000444e-01 7.039999999999999591e-01 6.320000000000000062e-01 6.320000000000000062e-01 2.000000000000000111e-01 -2.000000000000000111e-01 -5.099999999999999672e-02 -2.000000000000000111e-01 2.000000000000000111e-01
8.000000000000000444e-01 8.000000000000000444e-01 6.700000000000000400e-01 6.510000000000000231e-01 6.510000000000000231e-01 2.000000000000000111e-01 -2.000000000000000111e-01 2.000000000000000111e-01 -2.000000000000000111e-01 -5.000000000000000278e-02
8.000000000000000444e-01 8.000000000000000444e-01 7.139999999999999680e-01 6.360000000000000098e-01 6.340000000000000080e-01 -2.000000000000000111e-01 2.000000000000000111e-01 -5.000000000000000278e-02 2.000000000000000111e-01 -2.000000000000000111e-01
8.000000000000000444e-01 8.000000000000000444e-01 7.229999999999999760e-01 6.550000000000000266e-01 6.320000000000000062e-01 2.000000000000000111e-01 -2.000000000000000111e-01 -5.000000000000000278e-02 2.000000000000000111e-01 -2.000000000000000111e-01
8.000000000000000444e-01 8.000000000000000444e-01 7.239999999999999769e-01 6.550000000000000266e-01 6.360000000000000098e-01 2.000000000000000111e-01 -2.000000000000000111e-01 -5.000000000000000278e-02 2.000000000000000111e-01 -2.000000000000000111e-01
8.000000000000000444e-01 8.000000000000000444e-01 6.820000000000000506e-01 6.710000000000000409e-01 6.550000000000000266e-01 2.000000000000000111e-01 -2.000000000000000111e-01 2.000000000000000111e-01 -5.000000000000000278e-02 -2.000000000000000111e-01
8.000000000000000444e-01 8.000000000000000444e-01 7.139999999999999680e-01 6.550000000000000266e-01 6.430000000000000160e-01 -2.000000000000000111e-01 2.000000000000000111e-01 -5.000000000000000278e-02 2.000000000000000111e-01 -2.000000000000000111e-01
8.000000000000000444e-01 8.000000000000000444e-01 7.239999999999999769e-01 6.550000000000000266e-01 6.490000000000000213e-01 2.000000000000000111e-01 -2.000000000000000111e-01 -5.000000000000000278e-02 -2.000000000000000111e-01 2.000000000000000111e-01
8.000000000000000444e-01 8.000000000000000444e-01 7.299999999999999822e-01 6.550000000000000266e-01 6.530000000000000249e-01 2.000000000000000111e-01 -2.000000000000000111e-01 -5.000000000000000278e-02 -2.000000000000000111e-01 2.000000000000000111e-01
8.000000000000000444e-01 8.000000000000000444e-01 8.000000000000000444e-01 6.820000000000000506e-01 6.740000000000000435e-01 -2.000000000000000111e-01 -6.199999999999999956e-02 2.000000000000000111e-01 2.000000000000000111e-01 -2.000000000000000111e-01
8.000000000000000444e-01 7.990000000000000435e-01 7.169999999999999707e-01 6.700000000000000400e-01 6.570000000000000284e-01 2.000000000000000111e-01 -2.000000000000000111e-01 -5.099999999999999672e-02 2.000000000000000111e-01 -2.000000000000000111e-01
8.000000000000000444e-01 8.000000000000000444e-01 7.429999999999999938e-01 6.820000000000000506e-01 6.560000000000000275e-01 -2.000000000000000111e-01 2.000000000000000111e-01 -5.099999999999999672e-02 2.000000000000000111e-01 -2.000000000000000111e-01
8.000000000000000444e-01 8.000000000000000444e-01 7.159999999999999698e-01 6.700000000000000400e-01 6.640000000000000346e-01 -2.000000000000000111e-01 2.000000000000000111e-01 -5.000000000000000278e-02 2.000000000000000111e-01 -2.000000000000000111e-01
8.000000000000000444e-01 7.990000000000000435e-01 7.990000000000000435e-01 6.939999999999999503e-01 6.780000000000000471e-01 2.000000000000000111e-01 -6.199999999999999956e-02 -2.000000000000000111e-01 -2.000000000000000111e-01 2.000000000000000111e-01
8.000000000000000444e-01 8.000000000000000444e-01 7.389999999999999902e-01 6.700000000000000400e-01 6.680000000000000382e-01 2.000000000000000111e-01 -2.000000000000000111e-01 -5.099999999999999672e-02 -2.000000000000000111e-01 2.000000000000000111e-01
8.000000000000000444e-01 8.000000000000000444e-01 7.369999999999999885e-01 6.700000000000000400e-01 6.690000000000000391e-01 2.000000000000000111e-01 -2.000000000000000111e-01 -5.000000000000000278e-02 2.000000000000000111e-01 -2.000000000000000111e-01
8.000000000000000444e-01 8.000000000000000444e-01 7.299999999999999822e-01 6.700000000000000400e-01 6.700000000000000400e-01 2.000000000000000111e-01 -2.000000000000000111e-01 -5.000000000000000278e-02 -2.000000000000000111e-01 2.000000000000000111e-01
8.000000000000000444e-01 8.000000000000000444e-01 7.039999999999999591e-01 6.790000000000000480e-01 6.790000000000000480e-01 2.000000000000000111e-01 -2.000000000000000111e-01 -5.000000000000000278e-02 -2.000000000000000111e-01 2.000000000000000111e-01
8.000000000000000444e-01 8.000000000000000444e-01 7.299999999999999822e-01 6.750000000000000444e-01 6.750000000000000444e-01 -2.000000000000000111e-01 2.000000000000000111e-01 -5.000000000000000278e-02 2.000000000000000111e-01 -2.000000000000000111e-01
8.000000000000000444e-01 8.000000000000000444e-01 7.159999999999999698e-01 6.820000000000000506e-01 6.750000000000000444e-01 -2.000000000000000111e-01 2.000000000000000111e-01 -5.000000000000000278e-02 -2.000000000000000111e-01 2.000000000000000111e-01
8.000000000000000444e-01 8.000000000000000444e-01 7.429999999999999938e-01 6.820000000000000506e-01 6.730000000000000426e-01 2.000000000000000111e-01 -2.000000000000000111e-01 -5.099999999999999672e-02 -2.000000000000000111e-01 2.000000000000000111e-01
8.000000000000000444e-01 8.000000000000000444e-01 7.369999999999999885e-01 6.820000000000000506e-01 6.750000000000000444e-01 -2.000000000000000111e-01 2.000000000000000111e-01 -5.099999999999999672e-02 2.000000000000000111e-01 -2.000000000000000111e-01
8.000000000000000444e-01 8.000000000000000444e-01 7.139999999999999680e-01 6.939999999999999503e-01 6.800000000000000488e-01 2.000000000000000111e-01 -2.000000000000000111e-01 2.000000000000000111e-01 -5.099999999999999672e-02 -2.000000000000000111e-01
8.000000000000000444e-01 8.000000000000000444e-01 7.039999999999999591e-01 6.989999999999999547e-01 6.909999999999999476e-01 2.000000000000000111e-01 -2.000000000000000111e-01 2.000000000000000111e-01 -5.000000000000000278e-02 -2.000000000000000111e-01
8.000000000000000444e-01 8.000000000000000444e-01 7.139999999999999680e-01 6.939999999999999503e-01 6.830000000000000515e-01 -2.000000000000000111e-01 2.000000000000000111e-01 2.000000000000000111e-01 -5.000000000000000278e-02 -2.000000000000000111e-01
8.000000000000000444e-01 8.000000000000000444e-01 7.369999999999999885e-01 6.850000000000000533e-01 6.850000000000000533e-01 2.000000000000000111e-01 -2.000000000000000111e-01 -5.099999999999999672e-02 -2.000000000000000111e-01 2.000000000000000111e-01
8.000000000000000444e-01 8.000000000000000444e-01 7.309999999999999831e-01 6.939999999999999503e-01 6.820000000000000506e-01 2.000000000000000111e-01 -2.000000000000000111e-01 -5.000000000000000278e-02 2.000000000000000111e-01 -2.000000000000000111e-01
8.000000000000000444e-01 8.000000000000000444e-01 7.500000000000000000e-01 6.939999999999999503e-01 6.850000000000000533e-01 -2.000000000000000111e-01 2.000000000000000111e-01 -5.299999999999999850e-02 -2.000000000000000111e-01 2.000000000000000111e-01
8.000000000000000444e-01 8.000000000000000444e-01 7.489999999999999991e-01 6.939999999999999503e-01 6.870000000000000551e-01 -2.000000000000000111e-01 2.000000000000000111e-01 -5.299999999999999850e-02 -2.000000000000000111e-01 2.000000000000000111e-01
8.000000000000000444e-01 8.000000000000000444e-01 7.139999999999999680e-01 7.069999999999999618e-01 6.969999999999999529e-01 2.000000000000000111e-01 -2.000000000000000111e-01 2.000000000000000111e-01 -5.299999999999999850e-02 -2.000000000000000111e-01
8.000000000000000444e-01 8.000000000000000444e-01 7.369999999999999885e-01 6.939999999999999503e-01 6.919999999999999485e-01 2.000000000000000111e-01 -2.000000000000000111e-01 -5.099999999999999672e-02 2.000000000000000111e-01 -2.000000000000000111e-01
8.000000000000000444e-01 8.000000000000000444e-01 7.139999999999999680e-01 7.039999999999999591e-01 7.039999999999999591e-01 -2.000000000000000111e-01 2.000000000000000111e-01 2.000000000000000111e-01 -2.000000000000000111e-01 -5.000000000000000278e-02
8.000000000000000444e-01 8.000000000000000444e-01 7.139999999999999680e-01 7.079999999999999627e-01 7.079999999999999627e-01 -2.000000000000000111e-01 2.000000000000000111e-01 2.000000000000000111e-01 -2.000000000000000111e-01 -5.000000000000000278e-02
8.000000000000000444e-01 8.000000000000000444e-01 7.369999999999999885e-01 7.049999999999999600e-01 6.959999999999999520e-01 -2.000000000000000111e-01 2.000000000000000111e-01 -5.099999999999999672e-02 2.000000000000000111e-01 -2.000000000000000111e-01
8.000000000000000444e-01 8.000000000000000444e-01 7.429999999999999938e-01 7.039999999999999591e-01 6.979999999999999538e-01 -2.000000000000000111e-01 2.000000000000000111e-01 -5.199999999999999761e-02 -2.000000000000000111e-01 2.000000000000000111e-01
8.000000000000000444e-01 7.980000000000000426e-01 7.980000000000000426e-01 7.229999999999999760e-01 7.099999999999999645e-01 2.000000000000000111e-01 -6.099999999999999867e-02 -2.000000000000000111e-01 2.000000000000000111e-01 -2.000000000000000111e-01
8.000000000000000444e-01 8.000000000000000444e-01 7.429999999999999938e-01 7.049999999999999600e-01 7.049999999999999600e-01 2.000000000000000111e-01 -2.000000000000000111e-01 -5.099999999999999672e-02 2.000000000000000111e-01 -2.000000000000000111e-01
8.000000000000000444e-01 7.990000000000000435e-01 7.990000000000000435e-01 7.299999999999999822e-01 7.129999999999999671e-01 2.000000000000000111e-01 -6.300000000000000044e-02 -2.000000000000000111e-01 1.990000000000000102e-01 -2.000000000000000111e-01
8.000000000000000444e-01 8.000000000000000444e-01 7.550000000000000044e-01 7.139999999999999680e-01 7.069999999999999618e-01 -2.000000000000000111e-01 2.000000000000000111e-01 -5.399999999999999939e-02 -2.000000000000000111e-01 1.990000000000000102e-01
8.000000000000000444e-01 8.000000000000000444e-01 8.000000000000000444e-01 7.299999999999999822e-01 7.199999999999999734e-01 -2.000000000000000111e-01 -6.300000000000000044e-02 2.000000000000000111e-01 2.000000000000000111e-01 -2.000000000000000111e-01
8.000000000000000444e-01 7.990000000000000435e-01 7.489999999999999991e-01 7.149999999999999689e-01 7.149999999999999689e-01 2.000000000000000111e-01 -2.000000000000000111e-01 -5.299999999999999850e-02 -2.000000000000000111e-01 2.000000000000000111e-01
8.000000000000000444e-01 8.000000000000000444e-01 7.429999999999999938e-01 7.229999999999999760e-01 7.179999999999999716e-01 -2.000000000000000111e-01 2.000000000000000111e-01 -5.299999999999999850e-02 2.000000000000000111e-01 -2.000000000000000111e-01
8.000000000000000444e-01 8.000000000000000444e-01 7.489999999999999991e-01 7.229999999999999760e-01 7.209999999999999742e-01 -2.000000000000000111e-01 2.000000000000000111e-01 -5.299999999999999850e-02 2.000000000000000111e-01 -2.000000000000000111e-01
8.000000000000000444e-01 8.000000000000000444e-01 7.369999999999999885e-01 7.339999999999999858e-01 7.339999999999999858e-01 -2.000000000000000111e-01 2.000000000000000111e-01 2.000000000000000111e-01 -5.099999999999999672e-02 -2.000000000000000111e-01
8.000000000000000444e-01 8.000000000000000444e-01 8.000000000000000444e-01 7.429999999999999938e-01 7.329999999999999849e-01 2.000000000000000111e-01 -6.400000000000000133e-02 -2.000000000000000111e-01 1.980000000000000093e-01 -2.000000000000000111e-01
8.000000000000000444e-01 7.990000000000000435e-01 7.429999999999999938e-01 7.399999999999999911e-01 7.399999999999999911e-01 2.000000000000000111e-01 -2.000000000000000111e-01 -2.000000000000000111e-01 2.000000000000000111e-01 -5.299999999999999850e-02
8.000000000000000444e-01 8.000000000000000444e-01 7.550000000000000044e-01 7.389999999999999902e-01 7.389999999999999902e-01 2.000000000000000111e-01 -2.000000000000000111e-01 -5.399999999999999939e-02 2.000000000000000111e-01 -2.000000000000000111e-01
8.000000000000000444e-01 8.000000000000000444e-01 7.750000000000000222e-01 7.489999999999999991e-01 7.419999999999999929e-01 -2.000000000000000111e-01 2.000000000000000111e-01 -5.800000000000000294e-02 2.000000000000000111e-01 -2.000000000000000111e-01
8.000000000000000444e-01 8.000000000000000444e-01 7.690000000000000169e-01 7.510000000000000009e-01 7.510000000000000009e-01 2.000000000000000111e-01 -1.990000000000000102e-01 -5.700000000000000205e-02 1.980000000000000093e-01 -2.000000000000000111e-01
