-8.698480723197194564e+00 4.683247796890694303e+01
-8.698433834039366985e+00 4.697204429425337224e+01
-8.639848080448125245e+00 5.395890918354994170e+01
-8.698505658796946705e+00 4.669291141104941545e+01
-8.425102967107120477e+00 4.707768237288856028e+01
-8.690696327464101145e+00 4.491070765114267971e+01
-8.678368203170085948e+00 4.322843656912861121e+01
-8.480335687486205032e+00 4.348954356640143715e+01
-7.928953353718845243e+00 4.272330351906119716e+01
-7.919973965860625853e+00 4.197115710482394491e+01
-7.709103616770354606e+00 4.122653159035731818e+01
-8.279498226940440020e+00 4.046816818372411717e+01
-8.414958346018043045e+00 3.958246759140841675e+01
-7.272910165081597711e+00 3.879640093683144642e+01
-7.849013849506783380e+00 3.822799172015093916e+01
-7.899679112218169763e+00 3.681172353281918674e+01
-7.849952002134926055e+00 3.668212000485934254e+01
-6.380365542075379537e+00 3.595532475542150763e+01
-7.897020761552357548e+00 3.521929894495650615e+01
-7.890349007379382051e+00 3.438592123498608544e+01
-7.891574963863147829e+00 3.365247146662676414e+01
-7.883805874111533996e+00 3.290128996559482033e+01
-7.880906849098792577e+00 3.207077222598745436e+01
-7.877080274632477952e+00 3.134445632599185672e+01
-7.860588020383012520e+00 3.072595299143142356e+01
-7.846706794717678513e+00 2.997424928472439376e+01
-7.846703624116191378e+00 2.922423387487153690e+01
-7.830887181990861201e+00 2.831839303346311354e+01
-7.696150774404184602e+00 2.769529621722831081e+01
-7.642061993687419452e+00 2.677851581128199854e+01
-7.541582771058551238e+00 2.614918484735045823e+01
-7.781607745703105650e+00 2.540818628639905441e+01
-7.780445623668846622e+00 2.463313556564115103e+01
-7.761258409723351015e+00 2.391630683053789852e+01
-7.736353529317236521e+00 2.322426009576410166e+01
-7.503627781739101721e+00 2.243328155547474623e+01
-7.706994528035014724e+00 2.161436747688921045e+01
-7.677801226726497674e+00 2.096987827406714899e+01
-7.655619714921226837e+00 2.018036727062211000e+01
-7.434014628603252461e+00 1.946085479498606219e+01
-7.637261230899572872e+00 1.866436515982443467e+01
-7.593243788307328934e+00 1.790940177884231232e+01
-7.570291408026072588e+00 1.701273384819579348e+01
-7.321102103321435628e+00 1.615567020540302323e+01
-7.532513907662771402e+00 1.571925054346745476e+01
-7.463237934021324627e+00 1.487087225258399670e+01
-7.446756390362600619e+00 1.419086227097179531e+01
-7.072315609495653632e+00 1.344418920173505505e+01
-7.345603065205420279e+00 1.266799204559404757e+01
-7.279311047244195088e+00 1.186820316846590195e+01
-7.306339459107589640e+00 1.163170069617167535e+01
-6.843616598184538269e+00 1.137026093033406582e+01
-7.247766002024105703e+00 1.106639042206348478e+01
-7.248041316406870216e+00 1.071035732158179421e+01
-7.243665465072857579e+00 1.045852450917358567e+01
-7.113285410672266273e+00 1.016844828470003215e+01
-7.165701045707255190e+00 9.795739258032108765e+00
-7.099832480680968949e+00 9.537990476516290173e+00
-7.093010966193460831e+00 9.266248115591416479e+00
-7.114211578842839501e+00 8.908608536587756532e+00
-6.760161387898354413e+00 8.690470879393853210e+00
-6.755762366634393778e+00 8.315148579132644713e+00
-6.729418296411858513e+00 8.099279756267607766e+00
-6.982895865661664203e+00 7.764855034459920979e+00
-6.946420988416811326e+00 7.474739356531395096e+00
-6.859879391753000988e+00 7.161447651485692845e+00
-6.845200402852976929e+00 6.886924451029591054e+00
-6.542288906738665588e+00 6.577051070925270082e+00
-6.821437525323784001e+00 6.272663123617475911e+00
-6.447636829094536282e+00 5.936775541199798667e+00
-6.381882154665647455e+00 5.646116891866442167e+00
-6.655605663340781852e+00 5.368168389805148877e+00
-6.608362013387599987e+00 5.077735007752033347e+00
-6.090540568878351380e+00 4.756470232710245938e+00
-6.518256918476057926e+00 4.457962506088234633e+00
-5.933354556637856270e+00 4.171967263102169809e+00
-6.326084989130730918e+00 3.899463201268368984e+00
-5.828922250389796389e+00 3.554849640110359310e+00
-6.192020702104080954e+00 3.291294404019003750e+00
-6.045192695572024988e+00 2.982617109341764383e+00
-5.980906717627207492e+00 2.669196970789744938e+00
-5.429422628580317323e+00 2.359599125647341644e+00
-5.243604686455264563e+00 2.099926494690420142e+00
-5.066184856201706666e+00 1.781937104439514030e+00
-5.232558316567955892e+00 1.479480202833997060e+00
-4.866089452392491133e+00 1.193166646591122815e+00
-4.490811304026358641e+00 8.886699604890636595e-01
