0.000000000000000000e+00 2.909052655300335299e+00 2.088354417924165674e+01 1.017113195048305130e+01 1.286874918388190281e+01
0.000000000000000000e+00 2.867146462757912850e+00 2.106501669713050617e+01 1.017113195048305130e+01 1.286874918388190281e+01
0.000000000000000000e+00 6.565624386972237048e+00 2.070253283255943089e+01 8.960362428829916903e-02 2.660114833972997772e+01
0.000000000000000000e+00 2.950958847842757304e+00 2.070207142884170537e+01 1.017113195048305130e+01 1.286874918388190281e+01
0.000000000000000000e+00 3.481718842816772068e-03 1.609983274943968468e+01 2.441703604897775293e+01 6.557331855628306450e+00
0.000000000000000000e+00 4.980234536858852756e+00 1.707241830384961645e+01 1.360160207004238409e+01 9.256452740391830858e+00
0.000000000000000000e+00 6.783466282967316019e+00 1.670963578935404925e+01 1.316871342831714031e+01 6.566621068490108293e+00
0.000000000000000000e+00 4.980234536858852756e+00 2.723631403369660120e+01 2.027974611469105515e+00 9.245020384376880784e+00
0.000000000000000000e+00 1.236100170092583857e-03 3.456054961446166374e+01 7.690704450985222707e+00 4.708133534442228707e-01
0.000000000000000000e+00 1.236100170092583857e-03 3.546804030462657664e+01 6.030968001129971334e+00 4.709126988973072470e-01
1.127919247343549980e+00 8.826667170096776927e-01 2.477391413264141207e+01 9.935829557547792845e+00 4.506201935814883264e+00
0.000000000000000000e+00 7.001308178962394102e+00 2.378812338344332744e+01 5.142285330938118904e+00 4.536451290380274060e+00
1.480196115519106514e-01 4.205373003084932115e+00 2.523985681791587865e+01 6.782698135695905073e+00 3.206520023159787680e+00
0.000000000000000000e+00 3.824066033583956692e+00 9.949133326596850679e+00 1.951736318769166800e+01 5.505838388958967933e+00
0.000000000000000000e+00 3.481718842816772068e-03 3.741556409923651927e+01 8.958154494275424873e-02 7.193643571288548255e-01
0.000000000000000000e+00 3.481718842816772068e-03 6.763880025687188713e+00 1.670963578935404925e+01 1.333472599893513433e+01
0.000000000000000000e+00 1.236100170092583857e-03 3.437905147642867831e+01 2.212209782251458812e+00 8.962264600911568069e-02
0.000000000000000000e+00 5.159340568337979605e+00 8.508726171544481076e+00 1.711402630971117134e+01 5.173231705827871174e+00
0.000000000000000000e+00 3.481718842816772068e-03 6.981721921682266796e+00 1.689119413819001636e+01 1.134290116624140587e+01
0.000000000000000000e+00 3.481718842816772068e-03 2.939655437196924570e+00 2.142806398097362575e+01 1.001472009797272378e+01
0.000000000000000000e+00 3.481718842816772068e-03 6.909107956350575286e+00 1.689117426407865707e+01 9.848707527354719105e+00
0.000000000000000000e+00 1.236100170092583857e-03 3.874107329958082158e+00 2.033924649911322646e+01 8.686700036353419918e+00
0.000000000000000000e+00 1.236100170092583857e-03 5.159340568337979605e+00 1.888746596525817978e+01 8.022729592221207184e+00
0.000000000000000000e+00 1.236100170092583857e-03 5.159340568337979605e+00 1.816147341312625940e+01 8.022406244357528138e+00
0.000000000000000000e+00 1.236100170092583857e-03 7.001308178962394102e+00 1.961366620868474442e+01 4.109742503614193687e+00
0.000000000000000000e+00 1.236100170092583857e-03 3.874107329958082158e+00 1.460785723598517372e+01 1.149104861861104609e+01
0.000000000000000000e+00 3.481718842816772068e-03 9.379695200950530776e+00 1.580239352127163244e+01 4.038663433806556569e+00
0.000000000000000000e+00 3.481718842816772068e-03 5.023833048082628316e+00 1.343351289022345618e+01 9.857565376314212813e+00
0.000000000000000000e+00 3.481718842816772068e-03 2.090992105779382371e+01 6.588440762479214285e+00 1.934526781124562000e-01
0.000000000000000000e+00 3.481718842816772068e-03 1.609983274943968468e+01 1.021649748757199028e+01 4.587038554275066904e-01
0.000000000000000000e+00 3.481718842816772068e-03 2.090992105779382371e+01 3.727025178822266138e+00 1.508756891891549268e+00
0.000000000000000000e+00 1.236100170092583857e-03 5.159340568337979605e+00 2.015795293148905643e+01 8.965668640192761552e-02
0.000000000000000000e+00 3.481718842816772068e-03 6.981721921682266796e+00 1.142032930946149705e+01 6.227602615654571849e+00
0.000000000000000000e+00 1.236100170092583857e-03 5.159340568337979605e+00 1.707248458492836818e+01 1.683245577101460944e+00
0.000000000000000000e+00 1.236100170092583857e-03 9.403529713496901365e+00 9.407087064921455521e+00 4.412407217175652541e+00
0.000000000000000000e+00 1.236100170092583857e-03 2.094877823266805450e+01 1.432006164756938205e+00 5.126105787966012822e-02
0.000000000000000000e+00 3.481718842816772068e-03 6.981721921682266796e+00 1.453171834376125382e+01 9.744549260287402315e-02
0.000000000000000000e+00 3.481718842816772068e-03 5.143237069068711698e+00 8.508726171544481076e+00 7.314433314611141768e+00
0.000000000000000000e+00 1.236100170092583857e-03 7.001308178962394102e+00 1.308002161357180526e+01 9.780137791781966239e-02
0.000000000000000000e+00 1.236100170092583857e-03 1.613319947484064443e+01 3.236536366575385237e+00 8.988285339993766498e-02
0.000000000000000000e+00 3.481718842816772068e-03 5.143237069068711698e+00 1.309798417331374587e+01 4.196621985991581538e-01
0.000000000000000000e+00 1.236100170092583857e-03 3.874107329958082158e+00 9.805093380663684854e+00 4.228964968050451745e+00
0.000000000000000000e+00 1.236100170092583857e-03 3.824066033583956692e+00 9.949133326596850679e+00 3.238298387844892989e+00
0.000000000000000000e+00 1.236100170092583857e-03 1.244417386243930679e+01 1.395460867027419782e+00 2.314799375766202427e+00
0.000000000000000000e+00 3.481718842816772068e-03 5.143237069068711698e+00 8.508726171544481076e+00 2.063805584011445760e+00
0.000000000000000000e+00 1.236100170092583857e-03 3.824066033583956692e+00 9.949133326596850679e+00 1.096436792233094870e+00
0.000000000000000000e+00 1.236100170092583857e-03 2.950958847842757304e+00 1.081336927577353713e+01 4.252980471854081457e-01
0.000000000000000000e+00 3.481718842816772068e-03 5.286673890768242784e-04 1.241582870335524369e+01 1.024350112147918157e+00
0.000000000000000000e+00 1.068425802021475898e-02 4.920629690314405558e+00 5.822162039292406277e+00 1.914516057967019513e+00
0.000000000000000000e+00 3.481718842816772068e-03 1.661985460458400343e+00 6.416771291624995932e+00 3.785964697539688562e+00
0.000000000000000000e+00 3.481718842816772068e-03 5.023833048082628316e+00 5.698281767536411913e+00 9.061041617098181122e-01
0.000000000000000000e+00 1.068425802021475898e-02 5.939867268847531410e-04 9.315309604374455432e+00 2.043673081212510567e+00
0.000000000000000000e+00 1.236100170092583857e-03 2.157353676477057114e+00 8.543259117616660347e+00 3.645415277996751358e-01
0.000000000000000000e+00 1.236100170092583857e-03 2.227604954069376753e+00 8.295706317244793127e+00 1.858099500975316509e-01
0.000000000000000000e+00 1.236100170092583857e-03 2.950958847842757304e+00 7.429905718005975324e+00 7.642384315476055678e-02
0.000000000000000000e+00 1.236100170092583857e-03 7.001308178962394102e+00 3.100678013819518242e+00 6.522599174802831690e-02
0.000000000000000000e+00 3.481718842816772068e-03 2.939655437196924570e+00 6.811387793206804098e+00 4.121430878556395228e-02
0.000000000000000000e+00 3.481718842816772068e-03 5.023833048082628316e+00 3.579671910619500075e+00 9.310037989713453310e-01
0.000000000000000000e+00 1.236100170092583857e-03 1.669829754905312047e+00 6.416771291624995932e+00 1.178410968891015154e+00
0.000000000000000000e+00 3.481718842816772068e-03 2.218130470814705824e+00 5.786349819742151013e+00 9.006465271880833567e-01
0.000000000000000000e+00 1.236100170092583857e-03 5.159340568337979605e+00 1.789627594919379172e+00 1.740266615966402641e+00
0.000000000000000000e+00 1.236100170092583857e-03 7.001308178962394102e+00 4.649840290238484997e-01 8.476202709763102083e-01
0.000000000000000000e+00 3.481718842816772068e-03 5.143237069068711698e+00 1.789627594919379172e+00 1.162933373436700668e+00
0.000000000000000000e+00 1.236100170092583857e-03 2.227604954069376753e+00 5.471089833679400272e+00 6.492414654105156668e-02
0.000000000000000000e+00 1.236100170092583857e-03 2.909052655300335299e+00 3.274946235319925680e+00 1.289504365741040770e+00
0.000000000000000000e+00 3.481718842816772068e-03 1.203477201905460259e+00 4.953987373863555810e+00 1.000501356873859882e+00
0.000000000000000000e+00 3.481718842816772068e-03 1.227475483763832864e+00 4.865639215590915612e+00 7.903280328320255732e-01
0.000000000000000000e+00 1.236100170092583857e-03 5.159340568337979605e+00 5.266634425465143154e-01 8.898109598706837042e-01
0.000000000000000000e+00 1.236100170092583857e-03 2.227604954069376753e+00 3.805184323846124705e+00 2.386377455318814678e-01
0.000000000000000000e+00 3.481718842816772068e-03 5.143237069068711698e+00 7.445053385415932867e-01 4.555141474667664253e-02
0.000000000000000000e+00 3.481718842816772068e-03 5.143237069068711698e+00 4.540494772148213620e-01 4.534862674009217803e-02
0.000000000000000000e+00 3.481718842816772068e-03 2.218130470814705824e+00 2.328195968432905438e+00 8.183602317147206096e-01
0.000000000000000000e+00 3.481718842816772068e-03 1.661985460458400343e+00 2.836532894825568363e+00 5.757349336252476357e-01
0.000000000000000000e+00 1.998726587120269391e-02 5.847218217443178427e-04 3.774186676634677440e+00 9.617115683826213957e-01
0.000000000000000000e+00 1.236100170092583857e-03 1.669829754905312047e+00 2.763811697615966789e+00 2.308495339686299566e-02
0.000000000000000000e+00 1.068425802021475898e-02 6.065284933233980325e-04 2.909120856875195837e+00 1.251555619713436318e+00
0.000000000000000000e+00 3.481718842816772068e-03 8.990808040089799391e-01 2.451603644165396556e+00 5.452970342511760382e-01
0.000000000000000000e+00 3.481718842816772068e-03 5.398324461470801810e-04 2.939655437196924570e+00 6.111726516244709861e-01
0.000000000000000000e+00 1.068425802021475898e-02 1.209989345784435510e+00 2.033667891363623692e+00 3.695290885073025666e-02
0.000000000000000000e+00 3.481718842816772068e-03 1.661985460458400343e+00 1.004062546895760022e+00 3.130873831447875677e-01
0.000000000000000000e+00 3.481718842816772068e-03 1.227475483763832864e+00 1.304258416517433128e+00 1.339813516656621351e-01
0.000000000000000000e+00 3.481718842816772068e-03 2.218130470814705824e+00 1.353427646059560119e-01 2.644171383863083962e-03
0.000000000000000000e+00 1.236100170092583857e-03 5.511200478352291541e-04 1.669829754905312047e+00 4.283095195671801636e-01
0.000000000000000000e+00 1.068425802021475898e-02 1.640795197947251260e+00 1.225050478675836219e-01 7.952600604464524214e-03
0.000000000000000000e+00 1.236100170092583857e-03 9.044521973396896231e-01 5.642584294653003596e-01 9.533475858914610898e-03
0.000000000000000000e+00 3.481718842816772068e-03 3.106826868746688231e-01 6.255246956061575325e-01 2.534775452674797314e-01
0.000000000000000000e+00 1.236100170092583857e-03 4.477381815751507732e-01 4.335388000415605347e-01 6.156878702259795631e-03
