1.480736948781434137e+01 3.471675828409527753e+01
2.401136367573906938e+01 5.927727104831873733e-02
2.401136367573906938e+01 5.927727104831873733e-02
2.304701920276833960e+01 6.857199697654194070e-02
1.505889395035122647e+01 1.395050963122106680e+01
1.504685300282175930e+01 1.641003930374660058e+01
2.227468570349961396e+01 9.663386780273389154e-02
2.281490142421060696e+01 8.716486367226668197e-02
1.495143146662048039e+01 1.972408590220979363e+01
1.494578541430518648e+01 2.154401554723648005e+01
1.495143146662048039e+01 1.972408590220979363e+01
2.178888326044487300e+01 1.059904485098786403e-01
1.482239735016938376e+01 3.310279201279158912e+01
1.480736948781434137e+01 3.471675828409527753e+01
1.489790673073959226e+01 2.502050663093929472e+01
1.489294878592059312e+01 2.656607659135151067e+01
1.493578535931592199e+01 2.166644254413630577e+01
1.493455514868185752e+01 2.286121304112277031e+01
1.486641702940005771e+01 2.892079869426934735e+01
2.112703583140148211e+01 1.471248139338769689e-01
2.082287251113859838e+01 1.577148252897539737e-01
1.493578535931592199e+01 2.166644254413630577e+01
1.493578535931592199e+01 2.166644254413630577e+01
2.151035297092500898e+01 1.166269648777856355e-01
2.178888326044487300e+01 1.059904485098786403e-01
1.501285340740771090e+01 1.664500770067215996e+01
1.548168347644343612e+01 7.119062737887720260e+00
1.499408609382061641e+01 1.763206515711343059e+01
2.081525702282307932e+01 1.591340677846022622e-01
2.056295733711827367e+01 1.811834240592899992e-01
1.513311340562132301e+01 1.238884057071317635e+01
1.513311340562132301e+01 1.238884057071317635e+01
1.486038928354659916e+01 2.979564403533266770e+01
2.281490142421060696e+01 8.716486367226668197e-02
2.304701920276833960e+01 6.857199697654194070e-02
1.552185093651053904e+01 6.249418118963900426e+00
1.497409511080426370e+01 1.864107309928259326e+01
1.532376639285894626e+01 9.357476549315791203e+00
2.112703583140148211e+01 1.471248139338769689e-01
2.134726351057652138e+01 1.471094216746699213e-01
1.533378545325815345e+01 8.540602177891601698e+00
1.519845824884508545e+01 1.087697000422162397e+01
1.517657339301417352e+01 1.159995376952120516e+01
1.532376639285894626e+01 9.357476549315791203e+00
1.993100986258754048e+01 2.423625349875279389e-01
1.532376639285894626e+01 9.357476549315791203e+00
1.532376639285894626e+01 9.357476549315791203e+00
1.484281984048748981e+01 3.143006423239533120e+01
1.484714637444002783e+01 3.078146861823054437e+01
2.033411422515434097e+01 1.829059698872522455e-01
2.050610451758111097e+01 1.826395947175035173e-01
1.484281984048748981e+01 3.143006423239533120e+01
1.482749419671985791e+01 3.217763899253798598e+01
1.482749419671985791e+01 3.217763899253798598e+01
2.016958769859899547e+01 1.909931531574935171e-01
2.033411422515434097e+01 1.829059698872522455e-01
1.838472662226110543e+01 5.085459905293792104e-01
1.482730016850254451e+01 3.276770969005835354e+01
1.573499610222499712e+01 4.595484128793092538e+00
1.490548833770334269e+01 2.447451499038736245e+01
1.593681649500070385e+01 3.551949807453342878e+00
1.765427946317174346e+01 7.272092194298460655e-01
1.489790673073959226e+01 2.502050663093929472e+01
1.490548833770334269e+01 2.447451499038736245e+01
1.490741860610780023e+01 2.393094568741646100e+01
1.716830510788594211e+01 1.113543871812467945e+00
1.529398506943601888e+01 9.506776674230192015e+00
1.779340068577903367e+01 7.039747312561901449e-01
1.509628853254255532e+01 1.368363881125299741e+01
1.947555107180813394e+01 2.642911475167737945e-01
1.727234609246150399e+01 9.913513381448536554e-01
1.960805232440882406e+01 2.580497893754875038e-01
1.974127802592646930e+01 2.549765987139803181e-01
1.521828476452450829e+01 1.031105612243846004e+01
1.521456064692672427e+01 1.079658644520479704e+01
1.509628853254255532e+01 1.368363881125299741e+01
2.281490142421060696e+01 8.716486367226668197e-02
1.499408609382061641e+01 1.763206515711343059e+01
1.497564899333838540e+01 1.803583266601561874e+01
1.568815562006281006e+01 5.434677252716509699e+00
1.561188178498015766e+01 5.786527461890640822e+00
1.559364627482452192e+01 5.957300682251648993e+00
1.553823909397436509e+01 6.206876644906254903e+00
1.662685612742721375e+01 1.884520221084891256e+00
1.651527993859754062e+01 1.922395725645513309e+00
1.515717424937846758e+01 1.205055419610188849e+01
1.517657339301417352e+01 1.159995376952120516e+01
1.559364627482452192e+01 5.957300682251648993e+00
1.515717424937846758e+01 1.205055419610188849e+01
1.521828476452450829e+01 1.031105612243846004e+01
1.488461232969580195e+01 2.697921513152951789e+01
1.489294878592059312e+01 2.656607659135151067e+01
1.497564899333838540e+01 1.803583266601561874e+01
1.706471870752181275e+01 1.167612928384527793e+00
1.497457343426022724e+01 1.845540782298350635e+01
1.585127630251377084e+01 4.115944217031834995e+00
1.524428662635355991e+01 9.969444111093283212e+00
1.806729550007042917e+01 6.070897268708841388e-01
1.548168347644343612e+01 7.119062737887720260e+00
1.544726027879260144e+01 7.402906139423188314e+00
1.796404624627788493e+01 6.333485894668285932e-01
1.492839072495324260e+01 2.323171761961953052e+01
1.505889395035122647e+01 1.395050963122106680e+01
1.509628853254255532e+01 1.368363881125299741e+01
1.505889395035122647e+01 1.395050963122106680e+01
1.486641702940005771e+01 2.892079869426934735e+01
1.509628853254255532e+01 1.368363881125299741e+01
1.947555107180813394e+01 2.642911475167737945e-01
1.854629041437523895e+01 4.645654273990040828e-01
1.844596108530267387e+01 4.972036609506206850e-01
1.735527753514459803e+01 9.309039679219671681e-01
1.603095921628416676e+01 3.267450159553870748e+00
1.983237415060062503e+01 2.484540789230932079e-01
1.854629041437523895e+01 4.645654273990040828e-01
1.517657339301417352e+01 1.159995376952120516e+01
1.716394706710813978e+01 1.120853656955876687e+00
1.524428662635355991e+01 9.969444111093283212e+00
1.484714637444002783e+01 3.078146861823054437e+01
1.535448552656047028e+01 7.811872028057699424e+00
1.491844183697285331e+01 2.359213969899746033e+01
1.906248673445995934e+01 3.590218809455692495e-01
1.915116384944260020e+01 3.298939870939376906e-01
1.501285340740771090e+01 1.664500770067215996e+01
1.744080095555848686e+01 8.903897076893342311e-01
1.643520221178271612e+01 2.299185152410357702e+00
1.492839072495324260e+01 2.323171761961953052e+01
1.702888904985054097e+01 1.335381240902782318e+00
1.542587673799591386e+01 7.725385056508788928e+00
1.535448552656047028e+01 7.811872028057699424e+00
2.142187626670955680e+01 1.377696972436887046e-01
1.915116384944260020e+01 3.298939870939376906e-01
1.482239735016938376e+01 3.310279201279158912e+01
1.863977178878237595e+01 4.449058932956476142e-01
1.974127802592646930e+01 2.549765987139803181e-01
1.571054149197816230e+01 4.904573641602374856e+00
1.735527753514459803e+01 9.309039679219671681e-01
1.624221914763115393e+01 2.521636694122521227e+00
1.592641927558157455e+01 3.854518186086002718e+00
1.515717424937846758e+01 1.205055419610188849e+01
2.056295733711827367e+01 1.811834240592899992e-01
1.482730016850254451e+01 3.276770969005835354e+01
1.894759032969147228e+01 3.630751634802123484e-01
2.151035297092500898e+01 1.166269648777856355e-01
1.923948609556457257e+01 3.082207798663387233e-01
1.903529134687841662e+01 3.590353804536889903e-01
1.753405900235592441e+01 8.613699145619505559e-01
1.903529134687841662e+01 3.590353804536889903e-01
1.603095921628416676e+01 3.267450159553870748e+00
1.485948169718444944e+01 3.009219548646661480e+01
1.651527993859754062e+01 1.922395725645513309e+00
1.645738943352505501e+01 2.022162102953339424e+00
1.485440368892546203e+01 3.040929745315003885e+01
1.487166496375969871e+01 2.864019992926667513e+01
1.495143146662048039e+01 1.972408590220979363e+01
1.673064870095973333e+01 1.597095332589467453e+00
1.735527753514459803e+01 9.309039679219671681e-01
1.689699661959148358e+01 1.454001182799943281e+00
1.487731250793938642e+01 2.834667886003099113e+01
1.630477299954863213e+01 2.449238421030607959e+00
1.490741860610780023e+01 2.393094568741646100e+01
1.491771326736380132e+01 2.366223827249552514e+01
1.886947129227191766e+01 3.724405135048609039e-01
1.624221914763115393e+01 2.521636694122521227e+00
2.112703583140148211e+01 1.471248139338769689e-01
1.487166496375969871e+01 2.864019992926667513e+01
1.568865852444887032e+01 5.138768564191985355e+00
1.486038928354659916e+01 2.979564403533266770e+01
1.485948169718444944e+01 3.009219548646661480e+01
1.759844239083530937e+01 7.752276587929280982e-01
1.791167174041375176e+01 6.525718880803884625e-01
1.595283208283867360e+01 3.406684376196654096e+00
1.487731250793938642e+01 2.834667886003099113e+01
1.487882060854837363e+01 2.805969462193747077e+01
1.623114291065814285e+01 2.662826562367414773e+00
2.142187626670955680e+01 1.377696972436887046e-01
1.682584444435970283e+01 1.472037960777927035e+00
1.505889395035122647e+01 1.395050963122106680e+01
1.495953050939226081e+01 1.944142439220068397e+01
2.134726351057652138e+01 1.471094216746699213e-01
1.504685300282175930e+01 1.641003930374660058e+01
1.695445214957049629e+01 1.411635331866966769e+00
1.645738943352505501e+01 2.022162102953339424e+00
1.638359114506414471e+01 2.349297518370028648e+00
1.617747169131875395e+01 3.017921905019062656e+00
1.638359114506414471e+01 2.349297518370028648e+00
1.744080095555848686e+01 8.903897076893342311e-01
1.816787787098108709e+01 5.302195832737504055e-01
1.580371748563252154e+01 4.538157230059406189e+00
1.492839072495324260e+01 2.323171761961953052e+01
1.672558062333452611e+01 1.709331984712440855e+00
1.667589365425438430e+01 1.779788894635159879e+00
1.583216732242177649e+01 4.353007118155082900e+00
1.504685300282175930e+01 1.641003930374660058e+01
1.608460949444117816e+01 3.161153697309549315e+00
1.923948609556457257e+01 3.082207798663387233e-01
1.842005935237472869e+01 5.029190892305893668e-01
1.759844239083530937e+01 7.752276587929280982e-01
1.583216732242177649e+01 4.353007118155082900e+00
1.559471692616253691e+01 5.957273082638282702e+00
1.561188178498015766e+01 5.786527461890640822e+00
1.689699661959148358e+01 1.454001182799943281e+00
1.750300363441907336e+01 8.615034570391284507e-01
1.679162360998124726e+01 1.513844421533136142e+00
1.878242328334900435e+01 3.873770977105535085e-01
1.873023777680001345e+01 4.201860480283939880e-01
1.620955251791405161e+01 2.872135462687179785e+00
1.568865852444887032e+01 5.138768564191985355e+00
1.485440368892546203e+01 3.040929745315003885e+01
1.569991238560540303e+01 4.962109970665731673e+00
1.744080095555848686e+01 8.903897076893342311e-01
1.499408609382061641e+01 1.763206515711343059e+01
1.484714637444002783e+01 3.078146861823054437e+01
1.620955251791405161e+01 2.872135462687179785e+00
1.595283208283867360e+01 3.406684376196654096e+00
1.543510791537394766e+01 7.554959333069161787e+00
1.542587673799591386e+01 7.725385056508788928e+00
1.759844239083530937e+01 7.752276587929280982e-01
1.643520221178271612e+01 2.299185152410357702e+00
1.566521993626817100e+01 5.523176498105724974e+00
1.822052604305638468e+01 5.288542179582136349e-01
1.638359114506414471e+01 2.349297518370028648e+00
1.796404624627788493e+01 6.333485894668285932e-01
1.806729550007042917e+01 6.070897268708841388e-01
1.497457343426022724e+01 1.845540782298350635e+01
1.497409511080426370e+01 1.864107309928259326e+01
1.863977178878237595e+01 4.449058932956476142e-01
1.608032744317179308e+01 3.181950969683846164e+00
1.580371748563252154e+01 4.538157230059406189e+00
1.873023777680001345e+01 4.201860480283939880e-01
1.524428662635355991e+01 9.969444111093283212e+00
1.526384536107451595e+01 9.789580029982387188e+00
1.613231898531930497e+01 3.086030021631396725e+00
1.589860830895250743e+01 4.047027319721020255e+00
1.885513270148099707e+01 3.730724318509559545e-01
1.854629041437523895e+01 4.645654273990040828e-01
1.868417108335262355e+01 4.281958093249276232e-01
1.779340068577903367e+01 7.039747312561901449e-01
1.682584444435970283e+01 1.472037960777927035e+00
1.868417108335262355e+01 4.281958093249276232e-01
1.620955251791405161e+01 2.872135462687179785e+00
1.580371748563252154e+01 4.538157230059406189e+00
1.662685612742721375e+01 1.884520221084891256e+00
1.702888904985054097e+01 1.335381240902782318e+00
1.494578541430518648e+01 2.154401554723648005e+01
1.704912480354524007e+01 1.248400025148574288e+00
1.882350610195319973e+01 3.773516090699557957e-01
2.016958769859899547e+01 1.909931531574935171e-01
2.013864689776797334e+01 2.269888442683527796e-01
1.591677063931873093e+01 3.970596996825939584e+00
1.552185093651053904e+01 6.249418118963900426e+00
1.544726027879260144e+01 7.402906139423188314e+00
1.544103275389497476e+01 7.530538266355943477e+00
1.783309387499952692e+01 6.737411157592719801e-01
1.617747169131875395e+01 3.017921905019062656e+00
1.589860830895250743e+01 4.047027319721020255e+00
1.487166496375969871e+01 2.864019992926667513e+01
1.666486549959028451e+01 1.863486830853285259e+00
1.810487142291385965e+01 5.517423504812409840e-01
1.519845824884508545e+01 1.087697000422162397e+01
1.529836743205601834e+01 9.383138049407696357e+00
1.488461232969580195e+01 2.697921513152951789e+01
1.595283208283867360e+01 3.406684376196654096e+00
1.623434154939874574e+01 2.627468703522397142e+00
1.838472662226110543e+01 5.085459905293792104e-01
1.631118204205206723e+01 2.413988924595218855e+00
1.882350610195319973e+01 3.773516090699557957e-01
1.679162360998124726e+01 1.513844421533136142e+00
1.615074078781275446e+01 3.026626892586957052e+00
1.504685300282175930e+01 1.641003930374660058e+01
1.493455514868185752e+01 2.286121304112277031e+01
1.667589365425438430e+01 1.779788894635159879e+00
1.529836743205601834e+01 9.383138049407696357e+00
1.620955251791405161e+01 2.872135462687179785e+00
1.753405900235592441e+01 8.613699145619505559e-01
1.592641927558157455e+01 3.854518186086002718e+00
1.526384536107451595e+01 9.789580029982387188e+00
1.615074078781275446e+01 3.026626892586957052e+00
1.645738943352505501e+01 2.022162102953339424e+00
1.583216732242177649e+01 4.353007118155082900e+00
1.894759032969147228e+01 3.630751634802123484e-01
1.553823909397436509e+01 6.206876644906254903e+00
1.552185093651053904e+01 6.249418118963900426e+00
1.906248673445995934e+01 3.590218809455692495e-01
1.524428662635355991e+01 9.969444111093283212e+00
1.589860830895250743e+01 4.047027319721020255e+00
1.532376639285894626e+01 9.357476549315791203e+00
1.571054149197816230e+01 4.904573641602374856e+00
1.573499610222499712e+01 4.595484128793092538e+00
1.673064870095973333e+01 1.597095332589467453e+00
1.806729550007042917e+01 6.070897268708841388e-01
1.488461232969580195e+01 2.697921513152951789e+01
1.672933888465987096e+01 1.683413301409153906e+00
1.608032744317179308e+01 3.181950969683846164e+00
1.666486549959028451e+01 1.863486830853285259e+00
1.521828476452450829e+01 1.031105612243846004e+01
1.873023777680001345e+01 4.201860480283939880e-01
1.521456064692672427e+01 1.079658644520479704e+01
1.937171797521190086e+01 2.796737888851532627e-01
1.935503895105791372e+01 2.970769675535838150e-01
1.492839072495324260e+01 2.323171761961953052e+01
1.583216732242177649e+01 4.353007118155082900e+00
1.504685300282175930e+01 1.641003930374660058e+01
1.561188178498015766e+01 5.786527461890640822e+00
1.517657339301417352e+01 1.159995376952120516e+01
1.487731250793938642e+01 2.834667886003099113e+01
1.689699661959148358e+01 1.454001182799943281e+00
1.585127630251377084e+01 4.115944217031834995e+00
1.491844183697285331e+01 2.359213969899746033e+01
1.521456064692672427e+01 1.079658644520479704e+01
1.613231898531930497e+01 3.086030021631396725e+00
1.585127630251377084e+01 4.115944217031834995e+00
1.585127630251377084e+01 4.115944217031834995e+00
1.716394706710813978e+01 1.120853656955876687e+00
1.753405900235592441e+01 8.613699145619505559e-01
1.519845824884508545e+01 1.087697000422162397e+01
1.613231898531930497e+01 3.086030021631396725e+00
1.630477299954863213e+01 2.449238421030607959e+00
1.704912480354524007e+01 1.248400025148574288e+00
1.484281984048748981e+01 3.143006423239533120e+01
1.569991238560540303e+01 4.962109970665731673e+00
1.571054149197816230e+01 4.904573641602374856e+00
1.573499610222499712e+01 4.595484128793092538e+00
1.480736948781434137e+01 3.471675828409527753e+01
1.810487142291385965e+01 5.517423504812409840e-01
1.487882060854837363e+01 2.805969462193747077e+01
1.630477299954863213e+01 2.449238421030607959e+00
1.631550733473503456e+01 2.360117004979575661e+00
1.515717424937846758e+01 1.205055419610188849e+01
1.816787787098108709e+01 5.302195832737504055e-01
1.791167174041375176e+01 6.525718880803884625e-01
1.623434154939874574e+01 2.627468703522397142e+00
1.487166496375969871e+01 2.864019992926667513e+01
1.543510791537394766e+01 7.554959333069161787e+00
1.569991238560540303e+01 4.962109970665731673e+00
1.695445214957049629e+01 1.411635331866966769e+00
1.595283208283867360e+01 3.406684376196654096e+00
1.695445214957049629e+01 1.411635331866966769e+00
1.638513628172952252e+01 2.313717787616332622e+00
1.735527753514459803e+01 9.309039679219671681e-01
1.583216732242177649e+01 4.353007118155082900e+00
1.592641927558157455e+01 3.854518186086002718e+00
1.533378545325815345e+01 8.540602177891601698e+00
1.491844183697285331e+01 2.359213969899746033e+01
1.667589365425438430e+01 1.779788894635159879e+00
1.548168347644343612e+01 7.119062737887720260e+00
2.134726351057652138e+01 1.471094216746699213e-01
1.489294878592059312e+01 2.656607659135151067e+01
1.672933888465987096e+01 1.683413301409153906e+00
1.495953050939226081e+01 1.944142439220068397e+01
1.868417108335262355e+01 4.281958093249276232e-01
2.081525702282307932e+01 1.591340677846022622e-01
1.882350610195319973e+01 3.773516090699557957e-01
2.082287251113859838e+01 1.577148252897539737e-01
1.489790673073959226e+01 2.502050663093929472e+01
1.573499610222499712e+01 4.595484128793092538e+00
1.485440368892546203e+01 3.040929745315003885e+01
1.854629041437523895e+01 4.645654273990040828e-01
1.532376639285894626e+01 9.357476549315791203e+00
1.492839072495324260e+01 2.323171761961953052e+01
1.923948609556457257e+01 3.082207798663387233e-01
1.810487142291385965e+01 5.517423504812409840e-01
1.783309387499952692e+01 6.737411157592719801e-01
1.608032744317179308e+01 3.181950969683846164e+00
1.838472662226110543e+01 5.085459905293792104e-01
1.885513270148099707e+01 3.730724318509559545e-01
1.791167174041375176e+01 6.525718880803884625e-01
1.485948169718444944e+01 3.009219548646661480e+01
1.489790673073959226e+01 2.502050663093929472e+01
2.304701920276833960e+01 6.857199697654194070e-02
2.304701920276833960e+01 6.857199697654194070e-02
1.482730016850254451e+01 3.276770969005835354e+01
1.863977178878237595e+01 4.449058932956476142e-01
1.868417108335262355e+01 4.281958093249276232e-01
1.484714637444002783e+01 3.078146861823054437e+01
1.484714637444002783e+01 3.078146861823054437e+01
1.484281984048748981e+01 3.143006423239533120e+01
1.631550733473503456e+01 2.360117004979575661e+00
2.134726351057652138e+01 1.471094216746699213e-01
1.666486549959028451e+01 1.863486830853285259e+00
1.491844183697285331e+01 2.359213969899746033e+01
1.753405900235592441e+01 8.613699145619505559e-01
1.535448552656047028e+01 7.811872028057699424e+00
2.112703583140148211e+01 1.471248139338769689e-01
1.595283208283867360e+01 3.406684376196654096e+00
1.494578541430518648e+01 2.154401554723648005e+01
1.716394706710813978e+01 1.120853656955876687e+00
1.490741860610780023e+01 2.393094568741646100e+01
1.947555107180813394e+01 2.642911475167737945e-01
1.983237415060062503e+01 2.484540789230932079e-01
1.487731250793938642e+01 2.834667886003099113e+01
1.838472662226110543e+01 5.085459905293792104e-01
1.552185093651053904e+01 6.249418118963900426e+00
1.497564899333838540e+01 1.803583266601561874e+01
1.630477299954863213e+01 2.449238421030607959e+00
1.486038928354659916e+01 2.979564403533266770e+01
1.960805232440882406e+01 2.580497893754875038e-01
1.497457343426022724e+01 1.845540782298350635e+01
1.482749419671985791e+01 3.217763899253798598e+01
2.033411422515434097e+01 1.829059698872522455e-01
1.620955251791405161e+01 2.872135462687179785e+00
1.750300363441907336e+01 8.615034570391284507e-01
2.134726351057652138e+01 1.471094216746699213e-01
1.903529134687841662e+01 3.590353804536889903e-01
1.886947129227191766e+01 3.724405135048609039e-01
1.695445214957049629e+01 1.411635331866966769e+00
1.559471692616253691e+01 5.957273082638282702e+00
1.868417108335262355e+01 4.281958093249276232e-01
1.485948169718444944e+01 3.009219548646661480e+01
1.624221914763115393e+01 2.521636694122521227e+00
1.750300363441907336e+01 8.615034570391284507e-01
1.886947129227191766e+01 3.724405135048609039e-01
1.706471870752181275e+01 1.167612928384527793e+00
1.484714637444002783e+01 3.078146861823054437e+01
1.513311340562132301e+01 1.238884057071317635e+01
1.573499610222499712e+01 4.595484128793092538e+00
1.583216732242177649e+01 4.353007118155082900e+00
1.673064870095973333e+01 1.597095332589467453e+00
1.484714637444002783e+01 3.078146861823054437e+01
1.682584444435970283e+01 1.472037960777927035e+00
1.592641927558157455e+01 3.854518186086002718e+00
1.485948169718444944e+01 3.009219548646661480e+01
1.513311340562132301e+01 1.238884057071317635e+01
1.532376639285894626e+01 9.357476549315791203e+00
1.495143146662048039e+01 1.972408590220979363e+01
1.487166496375969871e+01 2.864019992926667513e+01
1.548168347644343612e+01 7.119062737887720260e+00
1.695445214957049629e+01 1.411635331866966769e+00
1.796404624627788493e+01 6.333485894668285932e-01
2.112703583140148211e+01 1.471248139338769689e-01
1.504685300282175930e+01 1.641003930374660058e+01
1.495143146662048039e+01 1.972408590220979363e+01
1.491771326736380132e+01 2.366223827249552514e+01
1.993100986258754048e+01 2.423625349875279389e-01
1.489790673073959226e+01 2.502050663093929472e+01
1.485948169718444944e+01 3.009219548646661480e+01
1.489790673073959226e+01 2.502050663093929472e+01
1.580371748563252154e+01 4.538157230059406189e+00
1.689699661959148358e+01 1.454001182799943281e+00
1.490741860610780023e+01 2.393094568741646100e+01
1.482730016850254451e+01 3.276770969005835354e+01
1.495143146662048039e+01 1.972408590220979363e+01
1.515717424937846758e+01 1.205055419610188849e+01
1.735527753514459803e+01 9.309039679219671681e-01
1.878242328334900435e+01 3.873770977105535085e-01
2.112703583140148211e+01 1.471248139338769689e-01
1.559364627482452192e+01 5.957300682251648993e+00
1.838472662226110543e+01 5.085459905293792104e-01
1.519845824884508545e+01 1.087697000422162397e+01
1.495953050939226081e+01 1.944142439220068397e+01
1.493578535931592199e+01 2.166644254413630577e+01
1.571054149197816230e+01 4.904573641602374856e+00
2.033411422515434097e+01 1.829059698872522455e-01
2.227468570349961396e+01 9.663386780273389154e-02
1.608460949444117816e+01 3.161153697309549315e+00
1.810487142291385965e+01 5.517423504812409840e-01
1.672558062333452611e+01 1.709331984712440855e+00
1.492839072495324260e+01 2.323171761961953052e+01
1.592641927558157455e+01 3.854518186086002718e+00
2.082287251113859838e+01 1.577148252897539737e-01
1.580371748563252154e+01 4.538157230059406189e+00
1.595283208283867360e+01 3.406684376196654096e+00
1.490741860610780023e+01 2.393094568741646100e+01
1.492839072495324260e+01 2.323171761961953052e+01
1.482730016850254451e+01 3.276770969005835354e+01
1.672933888465987096e+01 1.683413301409153906e+00
1.495953050939226081e+01 1.944142439220068397e+01
1.706471870752181275e+01 1.167612928384527793e+00
1.783309387499952692e+01 6.737411157592719801e-01
1.613231898531930497e+01 3.086030021631396725e+00
1.882350610195319973e+01 3.773516090699557957e-01
1.679162360998124726e+01 1.513844421533136142e+00
1.689699661959148358e+01 1.454001182799943281e+00
2.401136367573906938e+01 5.927727104831873733e-02
1.486038928354659916e+01 2.979564403533266770e+01
1.561188178498015766e+01 5.786527461890640822e+00
1.702888904985054097e+01 1.335381240902782318e+00
2.151035297092500898e+01 1.166269648777856355e-01
1.791167174041375176e+01 6.525718880803884625e-01
1.613231898531930497e+01 3.086030021631396725e+00
1.482730016850254451e+01 3.276770969005835354e+01
1.559471692616253691e+01 5.957273082638282702e+00
1.573499610222499712e+01 4.595484128793092538e+00
1.583216732242177649e+01 4.353007118155082900e+00
1.842005935237472869e+01 5.029190892305893668e-01
1.571054149197816230e+01 4.904573641602374856e+00
2.082287251113859838e+01 1.577148252897539737e-01
1.753405900235592441e+01 8.613699145619505559e-01
1.706471870752181275e+01 1.167612928384527793e+00
1.566521993626817100e+01 5.523176498105724974e+00
1.595283208283867360e+01 3.406684376196654096e+00
1.487731250793938642e+01 2.834667886003099113e+01
1.613231898531930497e+01 3.086030021631396725e+00
1.485948169718444944e+01 3.009219548646661480e+01
1.517657339301417352e+01 1.159995376952120516e+01
1.532376639285894626e+01 9.357476549315791203e+00
1.568865852444887032e+01 5.138768564191985355e+00
1.515717424937846758e+01 1.205055419610188849e+01
1.569991238560540303e+01 4.962109970665731673e+00
1.613231898531930497e+01 3.086030021631396725e+00
1.631550733473503456e+01 2.360117004979575661e+00
1.491771326736380132e+01 2.366223827249552514e+01
2.281490142421060696e+01 8.716486367226668197e-02
1.744080095555848686e+01 8.903897076893342311e-01
1.566521993626817100e+01 5.523176498105724974e+00
1.573499610222499712e+01 4.595484128793092538e+00
1.524428662635355991e+01 9.969444111093283212e+00
1.519845824884508545e+01 1.087697000422162397e+01
1.505889395035122647e+01 1.395050963122106680e+01
1.682584444435970283e+01 1.472037960777927035e+00
2.142187626670955680e+01 1.377696972436887046e-01
1.566521993626817100e+01 5.523176498105724974e+00
1.753405900235592441e+01 8.613699145619505559e-01
1.519845824884508545e+01 1.087697000422162397e+01
1.623114291065814285e+01 2.662826562367414773e+00
1.894759032969147228e+01 3.630751634802123484e-01
1.591677063931873093e+01 3.970596996825939584e+00
2.281490142421060696e+01 8.716486367226668197e-02
1.791167174041375176e+01 6.525718880803884625e-01
1.673064870095973333e+01 1.597095332589467453e+00
1.974127802592646930e+01 2.549765987139803181e-01
1.750300363441907336e+01 8.615034570391284507e-01
1.844596108530267387e+01 4.972036609506206850e-01
1.569991238560540303e+01 4.962109970665731673e+00
1.960805232440882406e+01 2.580497893754875038e-01
1.486641702940005771e+01 2.892079869426934735e+01
2.304701920276833960e+01 6.857199697654194070e-02
1.796404624627788493e+01 6.333485894668285932e-01
1.589860830895250743e+01 4.047027319721020255e+00
1.915116384944260020e+01 3.298939870939376906e-01
1.482239735016938376e+01 3.310279201279158912e+01
1.583216732242177649e+01 4.353007118155082900e+00
1.505889395035122647e+01 1.395050963122106680e+01
1.490548833770334269e+01 2.447451499038736245e+01
1.491844183697285331e+01 2.359213969899746033e+01
1.544726027879260144e+01 7.402906139423188314e+00
1.482730016850254451e+01 3.276770969005835354e+01
1.495953050939226081e+01 1.944142439220068397e+01
1.585127630251377084e+01 4.115944217031834995e+00
1.515717424937846758e+01 1.205055419610188849e+01
2.033411422515434097e+01 1.829059698872522455e-01
1.679162360998124726e+01 1.513844421533136142e+00
1.494578541430518648e+01 2.154401554723648005e+01
2.134726351057652138e+01 1.471094216746699213e-01
1.489294878592059312e+01 2.656607659135151067e+01
1.595283208283867360e+01 3.406684376196654096e+00
1.495953050939226081e+01 1.944142439220068397e+01
1.517657339301417352e+01 1.159995376952120516e+01
1.854629041437523895e+01 4.645654273990040828e-01
1.493455514868185752e+01 2.286121304112277031e+01
1.983237415060062503e+01 2.484540789230932079e-01
1.568865852444887032e+01 5.138768564191985355e+00
1.886947129227191766e+01 3.724405135048609039e-01
1.535448552656047028e+01 7.811872028057699424e+00
1.497457343426022724e+01 1.845540782298350635e+01
1.844596108530267387e+01 4.972036609506206850e-01
1.559364627482452192e+01 5.957300682251648993e+00
2.281490142421060696e+01 8.716486367226668197e-02
1.947555107180813394e+01 2.642911475167737945e-01
1.568815562006281006e+01 5.434677252716509699e+00
2.134726351057652138e+01 1.471094216746699213e-01
2.151035297092500898e+01 1.166269648777856355e-01
1.753405900235592441e+01 8.613699145619505559e-01
2.304701920276833960e+01 6.857199697654194070e-02
1.521828476452450829e+01 1.031105612243846004e+01
1.548168347644343612e+01 7.119062737887720260e+00
1.559364627482452192e+01 5.957300682251648993e+00
2.401136367573906938e+01 5.927727104831873733e-02
2.281490142421060696e+01 8.716486367226668197e-02
1.517657339301417352e+01 1.159995376952120516e+01
1.491844183697285331e+01 2.359213969899746033e+01
2.081525702282307932e+01 1.591340677846022622e-01
1.526384536107451595e+01 9.789580029982387188e+00
1.651527993859754062e+01 1.922395725645513309e+00
1.493455514868185752e+01 2.286121304112277031e+01
1.487731250793938642e+01 2.834667886003099113e+01
1.662685612742721375e+01 1.884520221084891256e+00
1.589860830895250743e+01 4.047027319721020255e+00
2.112703583140148211e+01 1.471248139338769689e-01
1.806729550007042917e+01 6.070897268708841388e-01
1.480736948781434137e+01 3.471675828409527753e+01
1.571054149197816230e+01 4.904573641602374856e+00
1.484714637444002783e+01 3.078146861823054437e+01
1.613231898531930497e+01 3.086030021631396725e+00
1.492839072495324260e+01 2.323171761961953052e+01
1.585127630251377084e+01 4.115944217031834995e+00
1.672933888465987096e+01 1.683413301409153906e+00
2.050610451758111097e+01 1.826395947175035173e-01
1.765427946317174346e+01 7.272092194298460655e-01
1.863977178878237595e+01 4.449058932956476142e-01
2.401136367573906938e+01 5.927727104831873733e-02
1.735527753514459803e+01 9.309039679219671681e-01
1.497457343426022724e+01 1.845540782298350635e+01
1.504685300282175930e+01 1.641003930374660058e+01
1.706471870752181275e+01 1.167612928384527793e+00
2.082287251113859838e+01 1.577148252897539737e-01
1.491844183697285331e+01 2.359213969899746033e+01
1.497564899333838540e+01 1.803583266601561874e+01
2.134726351057652138e+01 1.471094216746699213e-01
1.532376639285894626e+01 9.357476549315791203e+00
1.489294878592059312e+01 2.656607659135151067e+01
1.863977178878237595e+01 4.449058932956476142e-01
1.983237415060062503e+01 2.484540789230932079e-01
1.487731250793938642e+01 2.834667886003099113e+01
1.673064870095973333e+01 1.597095332589467453e+00
1.513311340562132301e+01 1.238884057071317635e+01
1.492839072495324260e+01 2.323171761961953052e+01
1.497457343426022724e+01 1.845540782298350635e+01
1.580371748563252154e+01 4.538157230059406189e+00
1.515717424937846758e+01 1.205055419610188849e+01
1.497457343426022724e+01 1.845540782298350635e+01
1.838472662226110543e+01 5.085459905293792104e-01
1.592641927558157455e+01 3.854518186086002718e+00
1.735527753514459803e+01 9.309039679219671681e-01
1.863977178878237595e+01 4.449058932956476142e-01
2.033411422515434097e+01 1.829059698872522455e-01
1.580371748563252154e+01 4.538157230059406189e+00
1.603095921628416676e+01 3.267450159553870748e+00
1.672558062333452611e+01 1.709331984712440855e+00
1.838472662226110543e+01 5.085459905293792104e-01
1.735527753514459803e+01 9.309039679219671681e-01
2.134726351057652138e+01 1.471094216746699213e-01
1.645738943352505501e+01 2.022162102953339424e+00
1.651527993859754062e+01 1.922395725645513309e+00
1.489790673073959226e+01 2.502050663093929472e+01
1.485948169718444944e+01 3.009219548646661480e+01
1.495953050939226081e+01 1.944142439220068397e+01
1.489294878592059312e+01 2.656607659135151067e+01
2.033411422515434097e+01 1.829059698872522455e-01
1.489790673073959226e+01 2.502050663093929472e+01
1.603095921628416676e+01 3.267450159553870748e+00
1.499408609382061641e+01 1.763206515711343059e+01
1.480736948781434137e+01 3.471675828409527753e+01
1.903529134687841662e+01 3.590353804536889903e-01
1.519845824884508545e+01 1.087697000422162397e+01
1.753405900235592441e+01 8.613699145619505559e-01
1.608032744317179308e+01 3.181950969683846164e+00
1.482239735016938376e+01 3.310279201279158912e+01
1.553823909397436509e+01 6.206876644906254903e+00
2.151035297092500898e+01 1.166269648777856355e-01
1.482730016850254451e+01 3.276770969005835354e+01
1.491844183697285331e+01 2.359213969899746033e+01
1.643520221178271612e+01 2.299185152410357702e+00
1.482239735016938376e+01 3.310279201279158912e+01
1.501285340740771090e+01 1.664500770067215996e+01
1.480736948781434137e+01 3.471675828409527753e+01
1.873023777680001345e+01 4.201860480283939880e-01
1.543510791537394766e+01 7.554959333069161787e+00
1.915116384944260020e+01 3.298939870939376906e-01
1.906248673445995934e+01 3.590218809455692495e-01
1.735527753514459803e+01 9.309039679219671681e-01
1.727234609246150399e+01 9.913513381448536554e-01
1.643520221178271612e+01 2.299185152410357702e+00
1.505889395035122647e+01 1.395050963122106680e+01
1.613231898531930497e+01 3.086030021631396725e+00
1.524428662635355991e+01 9.969444111093283212e+00
1.571054149197816230e+01 4.904573641602374856e+00
1.504685300282175930e+01 1.641003930374660058e+01
1.716394706710813978e+01 1.120853656955876687e+00
1.651527993859754062e+01 1.922395725645513309e+00
1.947555107180813394e+01 2.642911475167737945e-01
1.492839072495324260e+01 2.323171761961953052e+01
1.488461232969580195e+01 2.697921513152951789e+01
1.485440368892546203e+01 3.040929745315003885e+01
1.484714637444002783e+01 3.078146861823054437e+01
1.580371748563252154e+01 4.538157230059406189e+00
1.521456064692672427e+01 1.079658644520479704e+01
1.974127802592646930e+01 2.549765987139803181e-01
2.013864689776797334e+01 2.269888442683527796e-01
1.759844239083530937e+01 7.752276587929280982e-01
1.509628853254255532e+01 1.368363881125299741e+01
1.492839072495324260e+01 2.323171761961953052e+01
1.482239735016938376e+01 3.310279201279158912e+01
1.915116384944260020e+01 3.298939870939376906e-01
1.702888904985054097e+01 1.335381240902782318e+00
1.497409511080426370e+01 1.864107309928259326e+01
1.854629041437523895e+01 4.645654273990040828e-01
1.592641927558157455e+01 3.854518186086002718e+00
1.494578541430518648e+01 2.154401554723648005e+01
1.838472662226110543e+01 5.085459905293792104e-01
1.608032744317179308e+01 3.181950969683846164e+00
1.672933888465987096e+01 1.683413301409153906e+00
1.673064870095973333e+01 1.597095332589467453e+00
1.495143146662048039e+01 1.972408590220979363e+01
1.515717424937846758e+01 1.205055419610188849e+01
1.735527753514459803e+01 9.309039679219671681e-01
1.878242328334900435e+01 3.873770977105535085e-01
1.573499610222499712e+01 4.595484128793092538e+00
1.559364627482452192e+01 5.957300682251648993e+00
1.485948169718444944e+01 3.009219548646661480e+01
1.571054149197816230e+01 4.904573641602374856e+00
1.495953050939226081e+01 1.944142439220068397e+01
1.493578535931592199e+01 2.166644254413630577e+01
1.532376639285894626e+01 9.357476549315791203e+00
2.033411422515434097e+01 1.829059698872522455e-01
1.608460949444117816e+01 3.161153697309549315e+00
1.810487142291385965e+01 5.517423504812409840e-01
1.672558062333452611e+01 1.709331984712440855e+00
1.974127802592646930e+01 2.549765987139803181e-01
1.487166496375969871e+01 2.864019992926667513e+01
1.484714637444002783e+01 3.078146861823054437e+01
1.513311340562132301e+01 1.238884057071317635e+01
1.573499610222499712e+01 4.595484128793092538e+00
1.521456064692672427e+01 1.079658644520479704e+01
1.873023777680001345e+01 4.201860480283939880e-01
1.490548833770334269e+01 2.447451499038736245e+01
1.592641927558157455e+01 3.854518186086002718e+00
1.532376639285894626e+01 9.357476549315791203e+00
1.495143146662048039e+01 1.972408590220979363e+01
1.592641927558157455e+01 3.854518186086002718e+00
1.548168347644343612e+01 7.119062737887720260e+00
1.695445214957049629e+01 1.411635331866966769e+00
1.796404624627788493e+01 6.333485894668285932e-01
2.112703583140148211e+01 1.471248139338769689e-01
1.504685300282175930e+01 1.641003930374660058e+01
1.521828476452450829e+01 1.031105612243846004e+01
1.491771326736380132e+01 2.366223827249552514e+01
1.993100986258754048e+01 2.423625349875279389e-01
1.489790673073959226e+01 2.502050663093929472e+01
1.615074078781275446e+01 3.026626892586957052e+00
1.482730016850254451e+01 3.276770969005835354e+01
1.559471692616253691e+01 5.957273082638282702e+00
1.573499610222499712e+01 4.595484128793092538e+00
1.583216732242177649e+01 4.353007118155082900e+00
1.552185093651053904e+01 6.249418118963900426e+00
1.583216732242177649e+01 4.353007118155082900e+00
1.645738943352505501e+01 2.022162102953339424e+00
1.753405900235592441e+01 8.613699145619505559e-01
2.033411422515434097e+01 1.829059698872522455e-01
1.613231898531930497e+01 3.086030021631396725e+00
1.595283208283867360e+01 3.406684376196654096e+00
1.487731250793938642e+01 2.834667886003099113e+01
1.620955251791405161e+01 2.872135462687179785e+00
1.485948169718444944e+01 3.009219548646661480e+01
1.517657339301417352e+01 1.159995376952120516e+01
1.532376639285894626e+01 9.357476549315791203e+00
1.568865852444887032e+01 5.138768564191985355e+00
1.515717424937846758e+01 1.205055419610188849e+01
1.569991238560540303e+01 4.962109970665731673e+00
1.613231898531930497e+01 3.086030021631396725e+00
2.082287251113859838e+01 1.577148252897539737e-01
1.580371748563252154e+01 4.538157230059406189e+00
1.595283208283867360e+01 3.406684376196654096e+00
1.490741860610780023e+01 2.393094568741646100e+01
1.482730016850254451e+01 3.276770969005835354e+01
1.524428662635355991e+01 9.969444111093283212e+00
1.906248673445995934e+01 3.590218809455692495e-01
1.706471870752181275e+01 1.167612928384527793e+00
1.482730016850254451e+01 3.276770969005835354e+01
1.937171797521190086e+01 2.796737888851532627e-01
1.838472662226110543e+01 5.085459905293792104e-01
1.679162360998124726e+01 1.513844421533136142e+00
1.689699661959148358e+01 1.454001182799943281e+00
2.401136367573906938e+01 5.927727104831873733e-02
1.486038928354659916e+01 2.979564403533266770e+01
1.561188178498015766e+01 5.786527461890640822e+00
2.151035297092500898e+01 1.166269648777856355e-01
1.791167174041375176e+01 6.525718880803884625e-01
1.613231898531930497e+01 3.086030021631396725e+00
1.484281984048748981e+01 3.143006423239533120e+01
1.672933888465987096e+01 1.683413301409153906e+00
1.495953050939226081e+01 1.944142439220068397e+01
2.081525702282307932e+01 1.591340677846022622e-01
1.882350610195319973e+01 3.773516090699557957e-01
2.082287251113859838e+01 1.577148252897539737e-01
1.573499610222499712e+01 4.595484128793092538e+00
1.529398506943601888e+01 9.506776674230192015e+00
1.854629041437523895e+01 4.645654273990040828e-01
2.134726351057652138e+01 1.471094216746699213e-01
1.492839072495324260e+01 2.323171761961953052e+01
1.716830510788594211e+01 1.113543871812467945e+00
1.810487142291385965e+01 5.517423504812409840e-01
1.783309387499952692e+01 6.737411157592719801e-01
1.519845824884508545e+01 1.087697000422162397e+01
1.490741860610780023e+01 2.393094568741646100e+01
1.791167174041375176e+01 6.525718880803884625e-01
1.485948169718444944e+01 3.009219548646661480e+01
1.489790673073959226e+01 2.502050663093929472e+01
1.947555107180813394e+01 2.642911475167737945e-01
1.487882060854837363e+01 2.805969462193747077e+01
1.630477299954863213e+01 2.449238421030607959e+00
1.631550733473503456e+01 2.360117004979575661e+00
1.515717424937846758e+01 1.205055419610188849e+01
1.779340068577903367e+01 7.039747312561901449e-01
1.791167174041375176e+01 6.525718880803884625e-01
1.623434154939874574e+01 2.627468703522397142e+00
1.573499610222499712e+01 4.595484128793092538e+00
1.543510791537394766e+01 7.554959333069161787e+00
2.304701920276833960e+01 6.857199697654194070e-02
1.695445214957049629e+01 1.411635331866966769e+00
1.595283208283867360e+01 3.406684376196654096e+00
1.695445214957049629e+01 1.411635331866966769e+00
1.569991238560540303e+01 4.962109970665731673e+00
1.583216732242177649e+01 4.353007118155082900e+00
1.592641927558157455e+01 3.854518186086002718e+00
1.533378545325815345e+01 8.540602177891601698e+00
1.667589365425438430e+01 1.779788894635159879e+00
1.548168347644343612e+01 7.119062737887720260e+00
2.134726351057652138e+01 1.471094216746699213e-01
1.552185093651053904e+01 6.249418118963900426e+00
1.765427946317174346e+01 7.272092194298460655e-01
1.630477299954863213e+01 2.449238421030607959e+00
1.486038928354659916e+01 2.979564403533266770e+01
1.960805232440882406e+01 2.580497893754875038e-01
1.497457343426022724e+01 1.845540782298350635e+01
1.504685300282175930e+01 1.641003930374660058e+01
2.033411422515434097e+01 1.829059698872522455e-01
1.750300363441907336e+01 8.615034570391284507e-01
1.838472662226110543e+01 5.085459905293792104e-01
1.903529134687841662e+01 3.590353804536889903e-01
1.593681649500070385e+01 3.551949807453342878e+00
1.695445214957049629e+01 1.411635331866966769e+00
1.559471692616253691e+01 5.957273082638282702e+00
1.868417108335262355e+01 4.281958093249276232e-01
1.485948169718444944e+01 3.009219548646661480e+01
1.624221914763115393e+01 2.521636694122521227e+00
1.750300363441907336e+01 8.615034570391284507e-01
1.585127630251377084e+01 4.115944217031834995e+00
1.490548833770334269e+01 2.447451499038736245e+01
1.482730016850254451e+01 3.276770969005835354e+01
1.868417108335262355e+01 4.281958093249276232e-01
1.484714637444002783e+01 3.078146861823054437e+01
1.484714637444002783e+01 3.078146861823054437e+01
1.484281984048748981e+01 3.143006423239533120e+01
1.631550733473503456e+01 2.360117004979575661e+00
1.585127630251377084e+01 4.115944217031834995e+00
1.491844183697285331e+01 2.359213969899746033e+01
1.529836743205601834e+01 9.383138049407696357e+00
1.489790673073959226e+01 2.502050663093929472e+01
2.112703583140148211e+01 1.471248139338769689e-01
1.595283208283867360e+01 3.406684376196654096e+00
1.494578541430518648e+01 2.154401554723648005e+01
1.727234609246150399e+01 9.913513381448536554e-01
1.490741860610780023e+01 2.393094568741646100e+01
1.960805232440882406e+01 2.580497893754875038e-01
1.487731250793938642e+01 2.834667886003099113e+01
1.495953050939226081e+01 1.944142439220068397e+01
1.638359114506414471e+01 2.349297518370028648e+00
1.513311340562132301e+01 1.238884057071317635e+01
1.838472662226110543e+01 5.085459905293792104e-01
1.735527753514459803e+01 9.309039679219671681e-01
1.822052604305638468e+01 5.288542179582136349e-01
2.081525702282307932e+01 1.591340677846022622e-01
1.651527993859754062e+01 1.922395725645513309e+00
1.643520221178271612e+01 2.299185152410357702e+00
1.485948169718444944e+01 3.009219548646661480e+01
2.033411422515434097e+01 1.829059698872522455e-01
1.489294878592059312e+01 2.656607659135151067e+01
2.033411422515434097e+01 1.829059698872522455e-01
1.489790673073959226e+01 2.502050663093929472e+01
1.603095921628416676e+01 3.267450159553870748e+00
1.542587673799591386e+01 7.725385056508788928e+00
1.480736948781434137e+01 3.471675828409527753e+01
1.903529134687841662e+01 3.590353804536889903e-01
1.519845824884508545e+01 1.087697000422162397e+01
1.753405900235592441e+01 8.613699145619505559e-01
1.673064870095973333e+01 1.597095332589467453e+00
1.706471870752181275e+01 1.167612928384527793e+00
1.533378545325815345e+01 8.540602177891601698e+00
1.613231898531930497e+01 3.086030021631396725e+00
1.497564899333838540e+01 1.803583266601561874e+01
2.134726351057652138e+01 1.471094216746699213e-01
1.532376639285894626e+01 9.357476549315791203e+00
1.873023777680001345e+01 4.201860480283939880e-01
1.580371748563252154e+01 4.538157230059406189e+00
1.983237415060062503e+01 2.484540789230932079e-01
1.608032744317179308e+01 3.181950969683846164e+00
1.513311340562132301e+01 1.238884057071317635e+01
1.492839072495324260e+01 2.323171761961953052e+01
1.497457343426022724e+01 1.845540782298350635e+01
1.580371748563252154e+01 4.538157230059406189e+00
1.863977178878237595e+01 4.449058932956476142e-01
1.497457343426022724e+01 1.845540782298350635e+01
1.497409511080426370e+01 1.864107309928259326e+01
1.552185093651053904e+01 6.249418118963900426e+00
1.796404624627788493e+01 6.333485894668285932e-01
2.013864689776797334e+01 2.269888442683527796e-01
1.716394706710813978e+01 1.120853656955876687e+00
1.651527993859754062e+01 1.922395725645513309e+00
1.509628853254255532e+01 1.368363881125299741e+01
1.499408609382061641e+01 1.763206515711343059e+01
1.485440368892546203e+01 3.040929745315003885e+01
1.484714637444002783e+01 3.078146861823054437e+01
1.548168347644343612e+01 7.119062737887720260e+00
1.744080095555848686e+01 8.903897076893342311e-01
1.974127802592646930e+01 2.549765987139803181e-01
1.571054149197816230e+01 4.904573641602374856e+00
1.759844239083530937e+01 7.752276587929280982e-01
1.509628853254255532e+01 1.368363881125299741e+01
1.492839072495324260e+01 2.323171761961953052e+01
1.482239735016938376e+01 3.310279201279158912e+01
1.915116384944260020e+01 3.298939870939376906e-01
1.702888904985054097e+01 1.335381240902782318e+00
1.485440368892546203e+01 3.040929745315003885e+01
1.854629041437523895e+01 4.645654273990040828e-01
1.568865852444887032e+01 5.138768564191985355e+00
1.873023777680001345e+01 4.201860480283939880e-01
1.543510791537394766e+01 7.554959333069161787e+00
1.553823909397436509e+01 6.206876644906254903e+00
2.151035297092500898e+01 1.166269648777856355e-01
1.482730016850254451e+01 3.276770969005835354e+01
1.491844183697285331e+01 2.359213969899746033e+01
1.643520221178271612e+01 2.299185152410357702e+00
1.482239735016938376e+01 3.310279201279158912e+01
1.501285340740771090e+01 1.664500770067215996e+01
1.480736948781434137e+01 3.471675828409527753e+01
1.519845824884508545e+01 1.087697000422162397e+01
1.543510791537394766e+01 7.554959333069161787e+00
1.915116384944260020e+01 3.298939870939376906e-01
1.906248673445995934e+01 3.590218809455692495e-01
1.735527753514459803e+01 9.309039679219671681e-01
1.643520221178271612e+01 2.299185152410357702e+00
1.505889395035122647e+01 1.395050963122106680e+01
1.524428662635355991e+01 9.969444111093283212e+00
1.490548833770334269e+01 2.447451499038736245e+01
1.569991238560540303e+01 4.962109970665731673e+00
1.486641702940005771e+01 2.892079869426934735e+01
2.304701920276833960e+01 6.857199697654194070e-02
1.796404624627788493e+01 6.333485894668285932e-01
1.617747169131875395e+01 3.017921905019062656e+00
1.915116384944260020e+01 3.298939870939376906e-01
1.783309387499952692e+01 6.737411157592719801e-01
1.484281984048748981e+01 3.143006423239533120e+01
1.505889395035122647e+01 1.395050963122106680e+01
1.844596108530267387e+01 4.972036609506206850e-01
1.491844183697285331e+01 2.359213969899746033e+01
1.544726027879260144e+01 7.402906139423188314e+00
1.495953050939226081e+01 1.944142439220068397e+01
1.585127630251377084e+01 4.115944217031834995e+00
1.544103275389497476e+01 7.530538266355943477e+00
2.033411422515434097e+01 1.829059698872522455e-01
1.494578541430518648e+01 2.154401554723648005e+01
1.489294878592059312e+01 2.656607659135151067e+01
1.544726027879260144e+01 7.402906139423188314e+00
2.142187626670955680e+01 1.377696972436887046e-01
1.631550733473503456e+01 2.360117004979575661e+00
1.491771326736380132e+01 2.366223827249552514e+01
2.281490142421060696e+01 8.716486367226668197e-02
1.744080095555848686e+01 8.903897076893342311e-01
1.566521993626817100e+01 5.523176498105724974e+00
1.573499610222499712e+01 4.595484128793092538e+00
1.482749419671985791e+01 3.217763899253798598e+01
1.493455514868185752e+01 2.286121304112277031e+01
1.495953050939226081e+01 1.944142439220068397e+01
1.615074078781275446e+01 3.026626892586957052e+00
1.753405900235592441e+01 8.613699145619505559e-01
1.595283208283867360e+01 3.406684376196654096e+00
1.529836743205601834e+01 9.383138049407696357e+00
2.281490142421060696e+01 8.716486367226668197e-02
1.791167174041375176e+01 6.525718880803884625e-01
1.673064870095973333e+01 1.597095332589467453e+00
1.750300363441907336e+01 8.615034570391284507e-01
1.613231898531930497e+01 3.086030021631396725e+00
1.993100986258754048e+01 2.423625349875279389e-01
1.526384536107451595e+01 9.789580029982387188e+00
1.493455514868185752e+01 2.286121304112277031e+01
1.487731250793938642e+01 2.834667886003099113e+01
1.806729550007042917e+01 6.070897268708841388e-01
1.589860830895250743e+01 4.047027319721020255e+00
1.480736948781434137e+01 3.471675828409527753e+01
1.571054149197816230e+01 4.904573641602374856e+00
1.484714637444002783e+01 3.078146861823054437e+01
1.517657339301417352e+01 1.159995376952120516e+01
1.492839072495324260e+01 2.323171761961953052e+01
1.585127630251377084e+01 4.115944217031834995e+00
1.672933888465987096e+01 1.683413301409153906e+00
2.050610451758111097e+01 1.826395947175035173e-01
1.765427946317174346e+01 7.272092194298460655e-01
1.863977178878237595e+01 4.449058932956476142e-01
2.401136367573906938e+01 5.927727104831873733e-02
1.735527753514459803e+01 9.309039679219671681e-01
1.497457343426022724e+01 1.845540782298350635e+01
2.033411422515434097e+01 1.829059698872522455e-01
1.854629041437523895e+01 4.645654273990040828e-01
1.493455514868185752e+01 2.286121304112277031e+01
1.591677063931873093e+01 3.970596996825939584e+00
1.886947129227191766e+01 3.724405135048609039e-01
2.016958769859899547e+01 1.909931531574935171e-01
1.882350610195319973e+01 3.773516090699557957e-01
2.050610451758111097e+01 1.826395947175035173e-01
1.559364627482452192e+01 5.957300682251648993e+00
1.568815562006281006e+01 5.434677252716509699e+00
1.501285340740771090e+01 1.664500770067215996e+01
1.580371748563252154e+01 4.538157230059406189e+00
1.620955251791405161e+01 2.872135462687179785e+00
2.304701920276833960e+01 6.857199697654194070e-02
1.521828476452450829e+01 1.031105612243846004e+01
1.548168347644343612e+01 7.119062737887720260e+00
1.484281984048748981e+01 3.143006423239533120e+01
2.401136367573906938e+01 5.927727104831873733e-02
1.534428670120988158e+01 8.144033176109131134e+00
1.491844183697285331e+01 2.359213969899746033e+01
1.487166496375969871e+01 2.864019992926667513e+01
1.915116384944260020e+01 3.298939870939376906e-01
1.750300363441907336e+01 8.615034570391284507e-01
1.623434154939874574e+01 2.627468703522397142e+00
1.592641927558157455e+01 3.854518186086002718e+00
1.624221914763115393e+01 2.521636694122521227e+00
1.495143146662048039e+01 1.972408590220979363e+01
1.672933888465987096e+01 1.683413301409153906e+00
1.651527993859754062e+01 1.922395725645513309e+00
