1.143599717567231680e-02 4.073652213097833657e-05 7.436969105869281962e-04 4.752116684832866572e-05 8.316597818121139907e-05
1.116261746493713534e-02 4.062893882487854017e-05 7.488851799846113315e-04 4.737246904834502487e-05 8.123169803869036241e-05
1.124271236016429788e-02 4.185497154972259951e-05 7.451174760531274754e-04 4.775051306654502103e-05 8.200783742141337109e-05
1.323113880801597524e-02 4.558237765608066829e-05 7.134580903256342727e-04 4.906986464845632264e-05 1.012061541859751241e-04
9.743952728658010834e-03 4.094080546207141415e-05 7.698530143636733670e-04 4.603136392147591494e-05 7.426105388428677525e-05
1.063813142853984109e-02 4.336614670834567856e-05 7.558115981557260183e-04 4.756968147290696576e-05 7.735343744826420640e-05
1.092115249494620896e-02 4.387961755425887436e-05 7.682554081072773787e-04 4.851849987917676712e-05 7.861593764852650885e-05
1.003685352783629040e-02 4.165047242229061417e-05 7.690274506210880053e-04 4.603765073601876064e-05 7.607858410848911482e-05
1.006536560545035451e-02 4.217459524881466180e-05 7.859478923402427692e-04 4.688274568634496348e-05 7.587769334257266464e-05
1.017129095260668574e-02 4.292928771741827182e-05 7.855304163175036870e-04 4.684439465036506847e-05 7.629497378318186895e-05
1.286373557766092544e-02 4.394553016113194834e-05 9.344888936761241256e-04 5.582936714902737065e-05 8.439765267663102842e-05
1.028221668941997971e-02 4.813301787191926444e-05 7.678937431909473293e-04 4.592185862210356834e-05 7.618285040694055578e-05
1.035538107133322783e-02 4.914331216669586081e-05 7.847976517702766937e-04 4.679536211050018996e-05 7.637717477275082767e-05
1.048385850191326484e-02 5.470360502122406681e-05 7.844417601157739053e-04 4.682205981753844148e-05 7.656301211019525760e-05
1.069172182481767895e-02 6.672170398286054527e-05 7.831951590796625137e-04 4.658020393265822028e-05 7.678927528577112035e-05
1.059244233127762912e-02 6.676679420649899170e-05 7.840427340924130363e-04 4.682145562787732348e-05 7.580793897173593668e-05
1.045899851492757514e-02 9.647618952456177787e-05 7.832091680311307732e-04 4.681532016572141359e-05 7.170631197491310099e-05
1.130365663158866378e-02 9.618900203369230308e-05 7.815418054494235921e-04 4.678322444364007427e-05 7.749858853021777386e-05
1.262637310166782323e-02 9.642660305305878507e-05 7.566426883844122684e-04 4.748796541845892217e-05 8.434521836166747224e-05
1.533915357430398925e-02 1.176241773887751478e-04 7.394288641833499705e-04 4.891233957705982591e-05 1.007822038231976708e-04
1.242465978458721747e-02 1.200333216686854564e-04 7.586643546033627721e-04 4.636913533580228714e-05 8.227508744167488016e-05
1.115894227580980884e-02 1.072450049918389809e-04 7.820613599952280911e-04 4.683006918765824462e-05 7.557924557133162348e-05
1.122610370025232777e-02 1.193090233891965098e-04 7.815350787160716154e-04 4.680740576296876478e-05 7.494011128700867204e-05
1.264676438103336069e-02 1.345080317138838048e-04 7.608058240624503621e-04 4.642964131855111974e-05 8.255939113635577355e-05
1.324603041961975279e-02 1.314169752876057247e-04 7.566417398177165913e-04 4.740615950604372181e-05 8.534934238730172338e-05
1.265769021817419668e-02 1.417289077601755767e-04 7.611244891479686161e-04 4.652343166366800761e-05 8.201076796643577400e-05
1.240052964596800346e-02 1.497280850244282670e-04 8.055278572777139871e-04 4.843783134815727752e-05 7.964721265101377338e-05
1.251186362801289670e-02 1.574804525668666759e-04 8.050291737423972797e-04 4.837290261603814271e-05 7.981590271262172876e-05
1.257575585824587637e-02 1.636674111083908907e-04 8.048895642337350765e-04 4.837534022270081175e-05 7.972730491582630263e-05
1.378006179775854295e-02 1.671619737358846292e-04 7.565268580025706711e-04 4.740947824873197763e-05 8.561770369432116043e-05
1.376335247406033566e-02 1.775804910199875995e-04 7.732701139027266073e-04 4.805556984013322321e-05 8.455682388165317552e-05
1.367158476972022037e-02 1.918651548693305964e-04 7.743075533799168800e-04 4.740950308806292103e-05 8.427529122601785830e-05
1.369914185397988829e-02 1.954772868895154252e-04 7.744569760748029868e-04 4.746223569064521026e-05 8.405193869624544777e-05
1.357019578228399123e-02 2.013316266871728458e-04 7.591800707553277364e-04 4.653275460091011308e-05 8.299335268496590436e-05
1.278386058980482756e-02 2.164696573219441393e-04 8.041654604389161841e-04 4.828463718191361675e-05 7.740563955782859380e-05
1.228512600985726295e-02 2.267849301865045659e-04 7.768052160271142611e-04 4.679847883345799312e-05 7.459523558861713656e-05
1.325599717701603404e-02 2.349736123709320675e-04 8.028073823810041388e-04 4.830700005227357799e-05 7.894059868051888273e-05
1.778356919000453895e-02 2.768121207898503223e-04 7.428990893271188254e-04 4.899337074941961220e-05 1.032835544406708584e-04
1.333680504322744265e-02 2.461679103926116556e-04 8.031162291869188867e-04 4.837550020410388932e-05 7.861612492723804981e-05
1.476834868858009631e-02 2.759268696286571311e-04 7.734049281093374273e-04 4.744854485960519149e-05 8.548064906458432098e-05
1.354285308656710818e-02 2.695753397646838152e-04 8.024627260037968911e-04 4.836127607054022787e-05 7.839961979875868217e-05
1.360840095182800843e-02 2.773652035683422620e-04 8.025326282593158887e-04 4.838176659647793008e-05 7.826636889147422398e-05
1.696672729985451017e-02 4.631080754681150997e-04 7.453410831958920749e-04 4.536000425423061382e-05 8.508892278274959549e-05
1.501957524893708998e-02 3.334159448465742357e-04 7.565729981024757293e-04 4.629249187976854779e-05 8.288272958146588991e-05
1.555216998410598010e-02 3.398495687368765822e-04 7.703659670438645427e-04 4.726251077337781929e-05 8.546079187766454069e-05
1.655261080678586960e-02 3.706291921070974603e-04 7.704473734038933680e-04 4.792710892047450440e-05 8.711193644472102905e-05
1.566429772646037513e-02 3.522664176215430923e-04 7.715396888333582058e-04 4.746492188092205544e-05 8.478831665339809818e-05
1.756476707143155014e-02 5.073279971902860909e-04 7.504004405878260137e-04 4.576387074588030859e-05 8.611157501618470808e-05
1.655294458160316146e-02 4.607224395862624081e-04 7.561239158800569463e-04 4.623821605283638821e-05 8.405778698141025385e-05
1.493168289444840417e-02 3.926410429693488876e-04 8.290474644934978836e-04 4.986242418156720211e-05 7.946343112292741863e-05
1.586583627294995899e-02 4.054106530095552660e-04 7.940918598851114899e-04 4.822255273499607221e-05 8.348270682551616492e-05
1.650349613428903420e-02 4.635712788026344865e-04 7.630762728395942439e-04 4.677379490178796867e-05 8.357216323243743289e-05
1.782269160316100540e-02 5.156531594950380850e-04 7.869457650792521710e-04 4.761608227167825937e-05 8.761014363018699105e-05
1.720628332904949528e-02 4.740640653490792904e-04 7.905485521334509056e-04 4.812929684634434591e-05 8.712980642882685886e-05
1.745213057545456220e-02 6.048284711725774795e-04 7.916288493524539869e-04 4.802670875422853524e-05 8.210399110748275574e-05
1.803749889788674315e-02 5.423309701392336427e-04 7.881483375320480099e-04 4.771931854579903378e-05 8.737829130158519179e-05
1.811249346805844998e-02 5.496251724067159486e-04 7.868358513706204304e-04 4.773586741243647752e-05 8.737814834759057557e-05
1.718235992914847118e-02 5.050869576832786763e-04 7.906573968699165443e-04 4.810313184619915012e-05 8.535313129976776459e-05
1.676072522029192768e-02 4.915753835018371208e-04 7.695382556685111597e-04 4.713107443716641192e-05 8.345683696615443180e-05
1.823300560844900303e-02 5.652572133932547800e-04 7.865220702765791548e-04 4.774360031948582649e-05 8.724578864598054749e-05
1.646207228854966800e-02 5.064208099058665948e-04 9.089607656402048800e-04 5.396823496365882235e-05 8.265129407034522860e-05
1.856273382287880122e-02 5.753964624185382935e-04 8.167189989289187725e-04 4.937011491889514302e-05 8.894586128086169011e-05
1.791935210222156058e-02 5.260061045404861631e-04 8.205889516266107620e-04 4.995235867743765728e-05 8.832558824353427870e-05
1.647199016088001303e-02 5.669071953252672030e-04 9.033808821900781100e-04 5.363373295264669568e-05 8.093096390256185259e-05
1.756797414008005528e-02 6.413785984688676273e-04 8.189626190152419615e-04 4.968998641479763348e-05 8.175195582403156039e-05
1.773160443483471488e-02 5.673897722076607286e-04 7.897564814654044023e-04 4.818330342580834640e-05 8.491253723060896027e-05
1.700935913496878435e-02 5.831484611205335969e-04 9.062730177770375204e-04 5.395131539622128480e-05 8.239021783965853191e-05
1.732380416167021361e-02 6.288495730260735411e-04 9.024886958082818786e-04 5.372311688986461609e-05 8.240591457270055281e-05
1.916079014976515907e-02 6.560065554312584889e-04 8.522650089757116123e-04 5.125696895395985200e-05 8.859336742618967666e-05
1.915375597048794148e-02 6.560015431324803118e-04 8.523048127391147409e-04 5.125180944469170176e-05 8.858924294377572132e-05
1.858609874732406256e-02 6.230176403915601083e-04 8.212557979505100397e-04 5.000000032743350372e-05 8.614542688186619605e-05
1.943834684118944320e-02 6.880450331471172970e-04 8.106191860562987845e-04 4.938719941190047825e-05 8.798413182027130881e-05
1.994884980926125290e-02 7.267581120053780456e-04 8.505076936718878548e-04 5.132906970475692958e-05 8.921602579420074034e-05
2.471231792867109936e-02 9.101420319894256089e-04 8.376596902218341528e-04 5.251918817037736788e-05 1.046989000383470532e-04
1.989300209040699083e-02 7.477682282008632627e-04 8.452878408198629670e-04 5.075574922455075854e-05 8.776840823253737804e-05
2.015481892318522414e-02 7.754714186538261408e-04 8.496912531389583289e-04 5.130094037658724826e-05 8.806960089363580679e-05
2.054298831383527535e-02 8.100927262734420979e-04 8.967481928596121241e-04 5.374932350502961877e-05 8.914598264334295749e-05
2.103079006748006380e-02 7.991695417794831115e-04 9.530586910441926889e-04 5.701180758924531483e-05 9.163412496785061287e-05
2.155419868824304599e-02 9.102375951743024675e-04 9.166744377628778398e-04 5.601675607601201338e-05 9.039030856211304203e-05
2.127155737685296893e-02 8.981706567013047733e-04 9.508802372839528791e-04 5.776258050103922628e-05 9.019465934317562230e-05
2.187642596956113419e-02 1.012605311375571783e-03 9.402510967900590613e-04 5.612162156500926063e-05 8.820356389041573433e-05
2.227361113665465506e-02 9.967222679959824097e-04 9.330713718327647175e-04 5.590499896616059144e-05 8.976360439608567065e-05
2.266865525561182967e-02 1.063969890062102476e-03 1.027874651074140583e-03 6.062724068598082395e-05 9.034295365108898864e-05
2.361995470934486613e-02 1.176725257682342037e-03 1.041215030416562130e-03 6.139442403096892237e-05 9.035152082397833527e-05
2.866812286955195202e-02 1.477595199431106995e-03 1.153202133544055895e-03 6.774017189785264017e-05 9.987778361602527813e-05
3.048799904296834243e-02 1.644756463089812630e-03 1.300898213136414752e-03 7.656951477255011229e-05 9.782668464472969803e-05
3.401725004840758237e-02 2.186248915415213694e-03 1.640572416955479989e-03 9.371527929903025343e-05 9.778319366083474621e-05
