4.000000000000000222e-01 5.969999999999999751e-01 5.969999999999999751e-01 7.139999999999999680e-01 8.000000000000000444e-01 2.000000000000000111e-01 -2.000000000000000111e-01 1.120000000000000023e-01 2.000000000000000111e-01 -2.000000000000000111e-01
4.000000000000000222e-01 5.879999999999999671e-01 5.879999999999999671e-01 7.139999999999999680e-01 7.930000000000000382e-01 2.000000000000000111e-01 -2.000000000000000111e-01 1.100000000000000006e-01 2.000000000000000111e-01 -2.000000000000000111e-01
4.000000000000000222e-01 5.600000000000000533e-01 5.600000000000000533e-01 6.939999999999999503e-01 7.860000000000000320e-01 2.000000000000000111e-01 -2.000000000000000111e-01 1.089999999999999997e-01 2.000000000000000111e-01 -2.000000000000000111e-01
4.000000000000000222e-01 5.450000000000000400e-01 5.480000000000000426e-01 6.820000000000000506e-01 7.800000000000000266e-01 2.000000000000000111e-01 -2.000000000000000111e-01 1.049999999999999961e-01 2.000000000000000111e-01 -2.000000000000000111e-01
4.000000000000000222e-01 5.410000000000000364e-01 5.520000000000000462e-01 6.870000000000000551e-01 7.730000000000000204e-01 2.000000000000000111e-01 -2.000000000000000111e-01 1.059999999999999970e-01 2.000000000000000111e-01 -2.000000000000000111e-01
4.000000000000000222e-01 4.670000000000000262e-01 5.719999999999999529e-01 6.590000000000000302e-01 7.730000000000000204e-01 -2.000000000000000111e-01 2.000000000000000111e-01 1.340000000000000080e-01 -2.000000000000000111e-01 -2.000000000000000111e-01
4.000000000000000222e-01 5.130000000000000115e-01 5.959999999999999742e-01 6.580000000000000293e-01 7.700000000000000178e-01 2.000000000000000111e-01 1.130000000000000032e-01 2.000000000000000111e-01 -2.000000000000000111e-01 -2.000000000000000111e-01
4.000000000000000222e-01 5.230000000000000204e-01 5.729999999999999538e-01 7.489999999999999991e-01 7.489999999999999991e-01 2.000000000000000111e-01 -2.000000000000000111e-01 9.099999999999999756e-02 -2.000000000000000111e-01 2.000000000000000111e-01
4.000000000000000222e-01 5.170000000000000151e-01 5.769999999999999574e-01 5.809999999999999609e-01 7.419999999999999929e-01 2.000000000000000111e-01 -2.000000000000000111e-01 2.000000000000000111e-01 1.039999999999999952e-01 -2.000000000000000111e-01
4.000000000000000222e-01 5.060000000000000053e-01 5.769999999999999574e-01 6.870000000000000551e-01 7.620000000000000107e-01 2.000000000000000111e-01 1.089999999999999997e-01 -2.000000000000000111e-01 2.000000000000000111e-01 -2.000000000000000111e-01
4.000000000000000222e-01 5.090000000000000080e-01 5.769999999999999574e-01 7.139999999999999680e-01 7.449999999999999956e-01 1.990000000000000102e-01 -2.000000000000000111e-01 1.990000000000000102e-01 -2.000000000000000111e-01 -5.399999999999999939e-02
4.000000000000000222e-01 5.120000000000000107e-01 5.600000000000000533e-01 6.939999999999999503e-01 7.379999999999999893e-01 2.000000000000000111e-01 -2.000000000000000111e-01 1.019999999999999934e-01 2.000000000000000111e-01 -2.000000000000000111e-01
4.000000000000000222e-01 4.959999999999999964e-01 5.480000000000000426e-01 6.740000000000000435e-01 7.219999999999999751e-01 2.000000000000000111e-01 -2.000000000000000111e-01 1.010000000000000064e-01 2.000000000000000111e-01 -2.000000000000000111e-01
4.000000000000000222e-01 5.180000000000000160e-01 5.759999999999999565e-01 6.860000000000000542e-01 7.099999999999999645e-01 2.000000000000000111e-01 -2.000000000000000111e-01 1.019999999999999934e-01 2.000000000000000111e-01 -2.000000000000000111e-01
4.000000000000000222e-01 4.879999999999999893e-01 5.769999999999999574e-01 5.939999999999999725e-01 6.919999999999999485e-01 2.000000000000000111e-01 -2.000000000000000111e-01 2.000000000000000111e-01 1.019999999999999934e-01 -2.000000000000000111e-01
4.000000000000000222e-01 5.090000000000000080e-01 5.759999999999999565e-01 6.730000000000000426e-01 6.899999999999999467e-01 2.000000000000000111e-01 -2.000000000000000111e-01 1.019999999999999934e-01 2.000000000000000111e-01 -2.000000000000000111e-01
4.000000000000000222e-01 5.110000000000000098e-01 5.590000000000000524e-01 5.959999999999999742e-01 6.850000000000000533e-01 2.000000000000000111e-01 -2.000000000000000111e-01 2.000000000000000111e-01 1.059999999999999970e-01 -2.000000000000000111e-01
4.000000000000000222e-01 5.090000000000000080e-01 5.769999999999999574e-01 5.949999999999999734e-01 6.730000000000000426e-01 2.000000000000000111e-01 -2.000000000000000111e-01 2.000000000000000111e-01 1.059999999999999970e-01 -2.000000000000000111e-01
4.000000000000000222e-01 5.110000000000000098e-01 5.560000000000000497e-01 5.769999999999999574e-01 6.670000000000000373e-01 2.000000000000000111e-01 1.059999999999999970e-01 2.000000000000000111e-01 -2.000000000000000111e-01 -2.000000000000000111e-01
4.000000000000000222e-01 5.120000000000000107e-01 5.769999999999999574e-01 6.520000000000000240e-01 6.520000000000000240e-01 2.000000000000000111e-01 -2.000000000000000111e-01 2.000000000000000111e-01 -2.000000000000000111e-01 1.069999999999999979e-01
4.000000000000000222e-01 4.699999999999999734e-01 5.769999999999999574e-01 5.909999999999999698e-01 6.340000000000000080e-01 2.000000000000000111e-01 -2.000000000000000111e-01 2.000000000000000111e-01 1.059999999999999970e-01 -2.000000000000000111e-01
4.000000000000000222e-01 4.010000000000000231e-01 5.160000000000000142e-01 5.769999999999999574e-01 6.340000000000000080e-01 -2.000000000000000111e-01 2.000000000000000111e-01 9.700000000000000289e-02 2.000000000000000111e-01 -2.000000000000000111e-01
4.000000000000000222e-01 4.339999999999999969e-01 5.110000000000000098e-01 5.759999999999999565e-01 6.290000000000000036e-01 2.000000000000000111e-01 1.000000000000000056e-01 -2.000000000000000111e-01 2.000000000000000111e-01 -2.000000000000000111e-01
4.000000000000000222e-01 4.869999999999999885e-01 5.959999999999999742e-01 5.959999999999999742e-01 6.009999999999999787e-01 2.000000000000000111e-01 -2.000000000000000111e-01 -2.000000000000000111e-01 1.049999999999999961e-01 2.000000000000000111e-01
4.000000000000000222e-01 4.020000000000000240e-01 4.020000000000000240e-01 5.420000000000000373e-01 5.959999999999999742e-01 -2.000000000000000111e-01 1.019999999999999934e-01 2.000000000000000111e-01 2.000000000000000111e-01 -2.000000000000000111e-01
4.000000000000000222e-01 4.000000000000000222e-01 4.879999999999999893e-01 5.610000000000000542e-01 6.029999999999999805e-01 -2.000000000000000111e-01 2.000000000000000111e-01 9.900000000000000466e-02 2.000000000000000111e-01 -2.000000000000000111e-01
4.000000000000000222e-01 4.530000000000000138e-01 5.100000000000000089e-01 5.769999999999999574e-01 5.989999999999999769e-01 2.000000000000000111e-01 -2.000000000000000111e-01 9.900000000000000466e-02 2.000000000000000111e-01 -2.000000000000000111e-01
4.000000000000000222e-01 4.339999999999999969e-01 5.120000000000000107e-01 5.570000000000000506e-01 5.959999999999999742e-01 2.000000000000000111e-01 -2.000000000000000111e-01 2.000000000000000111e-01 1.059999999999999970e-01 -2.000000000000000111e-01
4.000000000000000222e-01 4.460000000000000075e-01 5.090000000000000080e-01 5.610000000000000542e-01 5.859999999999999654e-01 2.000000000000000111e-01 -2.000000000000000111e-01 1.000000000000000056e-01 2.000000000000000111e-01 -2.000000000000000111e-01
4.000000000000000222e-01 4.099999999999999756e-01 4.769999999999999796e-01 5.480000000000000426e-01 5.769999999999999574e-01 2.000000000000000111e-01 1.029999999999999943e-01 -2.000000000000000111e-01 2.000000000000000111e-01 -2.000000000000000111e-01
4.000000000000000222e-01 4.359999999999999987e-01 5.000000000000000000e-01 5.350000000000000311e-01 5.689999999999999503e-01 2.000000000000000111e-01 -2.000000000000000111e-01 2.000000000000000111e-01 1.059999999999999970e-01 -2.000000000000000111e-01
4.000000000000000222e-01 4.099999999999999756e-01 4.249999999999999889e-01 5.360000000000000320e-01 5.370000000000000329e-01 -2.000000000000000111e-01 1.000000000000000056e-01 2.000000000000000111e-01 -2.000000000000000111e-01 1.950000000000000067e-01
4.000000000000000222e-01 4.050000000000000266e-01 4.450000000000000067e-01 5.240000000000000213e-01 5.360000000000000320e-01 2.000000000000000111e-01 -1.990000000000000102e-01 8.899999999999999578e-02 -2.000000000000000111e-01 2.000000000000000111e-01
4.000000000000000222e-01 4.040000000000000258e-01 4.209999999999999853e-01 4.899999999999999911e-01 5.240000000000000213e-01 1.019999999999999934e-01 2.000000000000000111e-01 -2.000000000000000111e-01 2.000000000000000111e-01 -2.000000000000000111e-01
4.000000000000000222e-01 4.010000000000000231e-01 4.209999999999999853e-01 4.749999999999999778e-01 4.879999999999999893e-01 2.000000000000000111e-01 -2.000000000000000111e-01 9.600000000000000200e-02 1.990000000000000102e-01 -1.980000000000000093e-01
