-1.755207857052768938e+00 5.930622244999108261e+01
-1.592717758289534435e+00 5.327643143264427295e+01
-1.390277703315020874e+00 4.543773925336809327e+01
-1.203485645435110163e+00 4.403843618842630292e+01
-1.035303415861274612e+00 4.335051004028543531e+01
-6.978539252978331886e-01 4.477023170032834543e+01
-5.321794895916780455e-01 4.296880127578661757e+01
-9.522141215549405346e-02 4.175048228974079478e+01
2.754340443223631252e-01 4.042417206435238342e+01
-8.609129843576958097e-01 3.842720166174064644e+01
9.514078812810204955e-01 3.707292784000625119e+01
-9.230609659176841619e-02 3.536795083323538336e+01
3.385887451518550528e-01 3.430242049919200298e+01
6.199921948335079813e-01 3.295688815535788052e+01
1.554872209665361105e+00 3.139696593356579513e+01
1.168944544644299199e+00 2.991745618618036673e+01
1.852670495289667540e+00 2.832396254685663095e+01
2.019688792099630259e+00 2.692177777521629523e+01
2.526275140083179771e+00 2.547857856607677007e+01
2.869510838392808072e+00 2.382392742646456085e+01
3.040246204275238728e+00 2.244565692841737103e+01
3.158435990191672538e+00 2.095346578861055775e+01
3.120577965333534820e+00 1.940208357123139393e+01
4.096977323798878245e+00 1.773043076819912400e+01
4.247402901867475933e+00 1.617741766933155034e+01
3.960471132477331846e+00 1.483722794853633431e+01
3.863637595249828305e+00 1.348912175007151681e+01
4.559217611599973630e+00 1.193329310705802548e+01
4.331531782780284168e+00 1.044167395000373944e+01
4.763098178717466880e+00 8.922495967484749713e+00
5.446412617390665289e+00 7.478998522193764487e+00
6.410325833707330112e+00 5.958145528259922941e+00
6.330795520526050879e+00 4.494610994453342556e+00
6.984254122472466797e+00 2.922638381713956957e+00
8.392740495300811787e+00 1.488548024658775448e+00
