0.000000000000000000e+00 1.437496109453044735e+00 2.441394532848228849e+01 4.360233573154100040e-02 3.396184605489247588e+01
0.000000000000000000e+00 1.872251973129213765e+00 2.109329224907701317e+01 4.360233573154100040e-02 3.396197846510126794e+01
0.000000000000000000e+00 1.437496109453044735e+00 1.762265424193184415e+01 8.008283889125591415e+00 2.688658128515022128e+01
0.000000000000000000e+00 3.444474638538174045e-03 1.839268976654487986e+01 1.907931752199073472e+01 1.242609934516944392e+01
0.000000000000000000e+00 1.291638515197221437e+01 4.773591958912890121e+00 2.797335318557580308e+01 1.200598926134028854e+00
0.000000000000000000e+00 2.995902719926775593e+00 1.220301429525954973e+01 1.363502998838080238e+01 1.611191917651686367e+01
0.000000000000000000e+00 2.051618787292353030e+00 8.830493539755792654e+00 1.690248258878424892e+01 1.611163484324090334e+01
0.000000000000000000e+00 9.231347903602214799e+00 6.534562113872826927e+00 2.089492580228951368e+01 6.464694872238657908e+00
0.000000000000000000e+00 9.106708503754950002e+00 3.241726106274052555e+00 2.543289507633436841e+01 4.956936434613315789e+00
0.000000000000000000e+00 6.547413209947254842e+00 4.279536328196082096e+00 2.470690252420244448e+01 6.319459995644714390e+00
0.000000000000000000e+00 2.229770836035473547e+00 7.998490828060237590e+00 2.127799208578181123e+01 9.374867140117727260e+00
0.000000000000000000e+00 4.528274111730541840e+00 9.785507949022379748e+00 2.162091835442144117e+01 4.479326321932723509e+00
0.000000000000000000e+00 4.528274111730541840e+00 5.524891980091092059e+00 2.379941183403753513e+01 5.883793278020903017e+00
0.000000000000000000e+00 4.528274111730541840e+00 5.524891980091092059e+00 2.143993603960877437e+01 7.425127307620928541e+00
0.000000000000000000e+00 3.138389849415796018e+00 6.873978471252259581e+00 1.962455153625808180e+01 8.515104025171567059e+00
0.000000000000000000e+00 4.528274111730541840e+00 5.524691053796138895e+00 2.143993603960877437e+01 5.834638356723782060e+00
0.000000000000000000e+00 4.528274111730541840e+00 5.524891980091092059e+00 2.652188390453225963e+01 7.420962694281783845e-02
0.000000000000000000e+00 2.229770836035473547e+00 8.015552372568834016e+00 1.436150865632250095e+01 1.124093067616807495e+01
0.000000000000000000e+00 2.229770836035473547e+00 4.893739201618813262e+00 4.773591958912890121e+00 2.325440159671827800e+01
0.000000000000000000e+00 1.358874054803776684e-03 4.528274111730541840e+00 5.524891980091092059e+00 2.434305058257919541e+01
0.000000000000000000e+00 3.166887275313600369e+00 4.025671696959440382e+00 7.476653805910671302e+00 1.907963148610043902e+01
0.000000000000000000e+00 3.195384701211404721e+00 6.770230378016981021e+00 1.708398072681723079e+01 5.941721357224128752e+00
0.000000000000000000e+00 3.081394997620187759e+00 7.185339492121759264e+00 1.762847514091617285e+01 4.333654983489100943e+00
0.000000000000000000e+00 2.229770836035473547e+00 4.907197636193916246e+00 4.747027336033167622e+00 1.944294069802565872e+01
0.000000000000000000e+00 2.229770836035473547e+00 2.807233875505499743e+00 6.940935603871141168e+00 1.871694814589373479e+01
0.000000000000000000e+00 3.195384701211404721e+00 3.945532456878834360e+00 4.747239149818396342e+00 1.799095559376180731e+01
0.000000000000000000e+00 3.109892423517992111e+00 4.185949914762573165e+00 4.759715683331133818e+00 1.706709439583210397e+01
0.000000000000000000e+00 2.229770836035473547e+00 4.907197636193916246e+00 4.759715683331133818e+00 1.652246149364315286e+01
0.000000000000000000e+00 2.229770836035473547e+00 4.907197636193916246e+00 4.759715683331133818e+00 1.579660742960125042e+01
0.000000000000000000e+00 2.229770836035473547e+00 2.869553575429130365e+00 6.805477946413541090e+00 1.508698538523411692e+01
0.000000000000000000e+00 3.195384701211404721e+00 2.059321317214016567e+00 3.345507712695343194e+00 1.762847514091617285e+01
0.000000000000000000e+00 2.051618787292353030e+00 2.078459198364832616e+00 4.363724952479062225e+00 1.690248258878424892e+01
0.000000000000000000e+00 2.185232823849693418e+00 1.838059719638888589e+00 4.260083192297523524e+00 1.635798817468530331e+01
0.000000000000000000e+00 2.207501829942584148e+00 3.067117015539357894e+00 6.508695546521286346e+00 1.218301517670641054e+01
0.000000000000000000e+00 2.162963817756803575e+00 5.147612023780870238e+00 8.986184542773958839e+00 6.903611122399020417e+00
0.000000000000000000e+00 2.229770836035473547e+00 8.015552372568834016e+00 1.218338903081942171e+01 4.444586010092959477e-02
0.000000000000000000e+00 1.937465352680638908e+00 5.788713440713409319e+00 4.759715683331133818e+00 9.263099435464281939e+00
0.000000000000000000e+00 1.252169374743901083e-03 3.166887275313600369e+00 6.874007826182598535e+00 1.091233158205402276e+01
0.000000000000000000e+00 2.185232823849693418e+00 5.067473977763961024e+00 4.759715683331133818e+00 8.174255460166882870e+00
0.000000000000000000e+00 2.207501829942584148e+00 7.372129068250050654e-01 6.023839721427702187e+00 1.049699665762337197e+01
0.000000000000000000e+00 2.118425805571023890e+00 5.307887867932074677e+00 4.759715683331133818e+00 6.508027555413721466e+00
0.000000000000000000e+00 2.185232823849693418e+00 5.067473977763961024e+00 4.759715683331133818e+00 5.966271141016674662e+00
0.000000000000000000e+00 4.867151138742628613e-03 6.547413209947254842e+00 1.063057473363051386e+01 3.975672577281492287e-02
0.000000000000000000e+00 1.459233902636853486e+00 5.060727201860315105e+00 6.237608069358186569e+00 3.507026337826149032e+00
0.000000000000000000e+00 1.437496109453044735e+00 2.086883319495703493e+00 5.609457623201717702e+00 6.329657767802101986e+00
0.000000000000000000e+00 2.229770836035473547e+00 2.861590361534102067e-01 6.977785160944425691e+00 5.499594914712109706e+00
0.000000000000000000e+00 1.915727559496829713e+00 1.321048803480885603e+00 5.505816262598832722e+00 5.499594914712109706e+00
0.000000000000000000e+00 4.867151138742628613e-03 4.528274111730541840e+00 8.811654003106571764e+00 3.944347921945030866e-02
0.000000000000000000e+00 6.549355548359389045e-01 5.107592563356246451e+00 6.915030220071082923e+00 3.214232647921132918e-02
0.000000000000000000e+00 1.546185075372085604e+00 4.811529288778702451e+00 3.023977317075944971e+00 2.579742942143713247e+00
0.000000000000000000e+00 1.480971695820661793e+00 3.280525798761837031e+00 2.006953661557248747e+00 4.759497930418955747e+00
0.000000000000000000e+00 1.198380384431151136e+00 3.905581743649801929e+00 6.237790753072665950e+00 3.201544744632761619e-02
0.000000000000000000e+00 4.867151138742628613e-03 3.195384701211404721e+00 3.930733155619629660e+00 3.946664525045321614e+00
0.000000000000000000e+00 5.245087957330887285e-01 2.513218132489530632e+00 3.930793138045189483e+00 3.811282907109385221e+00
2.173779318380902881e-02 3.967253595722540320e-03 9.169035200890247594e+00 1.044905926015958997e+00 2.209774448744632191e-01
0.000000000000000000e+00 4.867151138742628613e-03 3.195384701211404721e+00 3.850631317011232291e+00 3.133736845818567041e+00
0.000000000000000000e+00 4.867151138742628613e-03 3.195384701211404721e+00 3.930793138045189483e+00 2.727359734284525938e+00
0.000000000000000000e+00 5.897221752845137610e-01 3.545610290309403112e+00 2.968998215785988659e+00 2.456378941078310785e+00
0.000000000000000000e+00 1.198380384431151136e+00 3.905581743649801929e+00 4.156359167535627286e+00 3.185644288664291057e-02
0.000000000000000000e+00 4.867151138742628613e-03 3.195384701211404721e+00 3.930793138045189483e+00 1.674354441920522518e+00
0.000000000000000000e+00 7.853623139387889696e-01 3.217403706876498681e+00 1.503937220412841391e+00 3.014344688372112113e+00
0.000000000000000000e+00 4.867151138742628613e-03 2.229770836035473547e+00 2.993551161955678719e+00 3.023977317075944971e+00
0.000000000000000000e+00 7.418867275711729103e-01 1.474089012710628754e+00 2.993692139109564554e+00 2.816363937691618968e+00
0.000000000000000000e+00 4.158198298140455829e-01 3.837347491608515515e+00 2.976550507146052738e+00 5.233428558798675079e-01
0.000000000000000000e+00 1.024478038960682236e+00 6.306703271712614800e+00 9.851637901465884473e-02 3.377928718840654196e-03
0.000000000000000000e+00 8.505756934902140021e-01 3.108000975226810070e+00 2.969317251955461590e+00 2.209774448744632191e-01
0.000000000000000000e+00 6.766733480197478778e-01 3.399740993389017696e+00 1.503937220412841391e+00 1.045347798036147635e+00
0.000000000000000000e+00 2.636552775273864890e-01 4.092616051448931813e+00 1.503937220412841391e+00 7.247662826746069653e-01
0.000000000000000000e+00 4.867151138742628613e-03 2.229770836035473547e+00 1.733235951161978372e+00 2.014613898283802218e+00
0.000000000000000000e+00 4.867151138742628613e-03 2.229770836035473547e+00 1.733200042974024635e+00 2.014613898283802218e+00
0.000000000000000000e+00 1.024478038960682236e+00 1.858009139762656359e+00 2.245878415402561945e+00 5.716220841940146125e-01
0.000000000000000000e+00 3.071308638950025482e-01 1.919307483624760780e+00 2.993692139109564554e+00 1.786782000486163147e-01
0.000000000000000000e+00 4.867151138742628613e-03 2.096156799478133159e+00 2.021882343711220109e+00 7.560525023397726141e-01
0.000000000000000000e+00 2.201796911597684037e-01 1.238389195201660825e-01 3.910281506313857403e+00 5.397891359704880543e-01
0.000000000000000000e+00 3.444474638538174045e-03 2.230956330071856897e+00 1.733308846466441899e+00 5.065663225760723698e-01
0.000000000000000000e+00 4.867151138742628613e-03 2.229770836035473547e+00 1.733308846466441899e+00 1.951752030270864358e-01
0.000000000000000000e+00 4.867151138742628613e-03 2.096156799478133159e+00 1.095779049560492213e+00 5.835442673692764481e-01
0.000000000000000000e+00 5.897221752845137610e-01 7.010293872552343375e-01 1.241736219241892369e+00 1.064500435353266994e+00
0.000000000000000000e+00 1.343857332582855391e-01 1.427702173140779518e+00 1.351160800053747391e+00 3.474004882730795662e-01
4.347558636761805761e-02 9.092668982428482594e-02 1.480495599013255337e+00 1.241723481570721432e+00 1.025322103148043479e-01
0.000000000000000000e+00 3.444474638538174045e-03 2.230956330071856897e+00 2.861136808570114431e-01 1.539120507623230327e-01
0.000000000000000000e+00 1.332285184245364240e-01 1.481460929178540553e+00 6.280725214198877859e-01 1.539326431096638137e-01
0.000000000000000000e+00 1.332285184245364240e-01 1.463863120554382169e+00 2.458405928840792509e-01 2.317361110948283065e-01
0.000000000000000000e+00 1.332285184245364240e-01 1.481460929178540553e+00 1.790344121351337414e-01 3.757795048521834092e-03
0.000000000000000000e+00 1.332285184245364240e-01 6.543639238430809524e-01 7.075344695385898941e-01 3.643225032708348552e-03
1.304267591028521189e-01 3.366380384429395467e-01 4.487823655635112541e-01 2.288766200932247086e-01 5.392342592764814285e-02
1.304267591028521189e-01 1.792230909907970293e-01 4.041199601317761458e-01 1.411466132022115294e-01 4.108642173889954369e-02
