1.938110934613148828e+01 4.304217082780309767e+01
1.938110934613148828e+01 4.304217082780309767e+01
1.938110934613148828e+01 4.304217082780309767e+01
1.938110934613148828e+01 4.304217082780309767e+01
1.938110934613148828e+01 4.304217082780309767e+01
1.938110934613148828e+01 4.304217082780309767e+01
1.938110934613148828e+01 4.304217082780309767e+01
1.915958755453826967e+01 3.960967330886965243e+01
1.937707432126306273e+01 3.884265670665683956e+01
1.943886624619763026e+01 3.897796736836313869e+01
1.964156787671808857e+01 3.726437932059489100e+01
1.999835491450928515e+01 3.554542874441622047e+01
2.002851658850914873e+01 3.417381875466809760e+01
2.049412830353844228e+01 3.276291605657088724e+01
2.094213891687399709e+01 3.141451027154083775e+01
4.534608217378835349e+01 3.058792868312119495e+01
3.689447405862750173e+01 3.054777872179730736e+01
2.142045672302869264e+01 2.664142175741964635e+01
3.891643803934773871e+01 3.000801605124741656e+01
2.147109577165112171e+01 2.375071912994981815e+01
2.137318358700480658e+01 2.236790271228145954e+01
2.105749090322941086e+01 2.097276652338106473e+01
2.093726265178921153e+01 1.855390113690021536e+01
2.122698985881430644e+01 1.723680514683368514e+01
2.106907192603492618e+01 1.519784660738595861e+01
2.132044576897438048e+01 1.424555811467515198e+01
2.145862448775806897e+01 1.347885735149023212e+01
2.149930692057378678e+01 1.023690773299397705e+01
2.121496968255439342e+01 1.022500234915281858e+01
2.150845771393506567e+01 8.643712573865158788e+00
2.155289404632647532e+01 7.433649534436527873e+00
2.160184715868929217e+01 5.916975758517960315e+00
2.196668873326139604e+01 4.480489887868358778e+00
2.182045172889252171e+01 2.974227054135175852e+00
2.241248141230502355e+01 1.469950900865208521e+00
