0.000000000000000000e+00 4.861885796497578127e+00 8.835771610787419850e-02 1.383889729606504915e+01 1.127506384624014535e+00 9.457593642074602069e-01 7.261134375936586061e+00 1.293234911076079996e+01 1.921653618075215730e+00 7.413481052216507571e-03 5.088906741983456605e-02 6.324617056473594290e-03
0.000000000000000000e+00 4.861885796497578127e+00 8.835771610787419850e-02 1.383889729606504915e+01 1.127506384624014535e+00 9.457593642074602069e-01 7.261134375936586061e+00 1.293234911076079996e+01 1.921653618075215730e+00 7.413481052216507571e-03 5.088906741983456605e-02 6.324617056473594290e-03
0.000000000000000000e+00 4.861885796497578127e+00 8.835771610787419850e-02 1.383889729606504915e+01 1.127506384624014535e+00 9.457593642074602069e-01 7.261134375936586061e+00 1.293234911076079996e+01 1.921653618075215730e+00 7.413481052216507571e-03 5.088906741983456605e-02 6.324617056473594290e-03
0.000000000000000000e+00 4.861885796497578127e+00 8.835771610787419850e-02 1.383889729606504915e+01 1.127506384624014535e+00 9.457593642074602069e-01 7.261134375936586061e+00 1.293234911076079996e+01 1.921653618075215730e+00 7.413481052216507571e-03 5.088906741983456605e-02 6.324617056473594290e-03
0.000000000000000000e+00 4.861885796497578127e+00 8.835771610787419850e-02 1.383889729606504915e+01 1.127506384624014535e+00 9.457593642074602069e-01 7.261134375936586061e+00 1.293234911076079996e+01 1.921653618075215730e+00 7.413481052216507571e-03 5.088906741983456605e-02 6.324617056473594290e-03
0.000000000000000000e+00 4.861885796497578127e+00 8.835771610787419850e-02 1.383889729606504915e+01 1.127506384624014535e+00 9.457593642074602069e-01 7.261134375936586061e+00 1.293234911076079996e+01 1.921653618075215730e+00 7.413481052216507571e-03 5.088906741983456605e-02 6.324617056473594290e-03
0.000000000000000000e+00 4.861885796497578127e+00 8.835771610787419850e-02 1.383889729606504915e+01 1.127506384624014535e+00 9.457593642074602069e-01 7.261134375936586061e+00 1.293234911076079996e+01 1.921653618075215730e+00 7.413481052216507571e-03 5.088906741983456605e-02 6.324617056473594290e-03
0.000000000000000000e+00 3.628876788826461246e-03 5.160395848962787468e+00 1.797712649451208289e-01 1.199336098964874431e+01 4.006781581528586211e-01 1.128958286193779159e+01 9.055234256920348557e+00 1.485281520638348951e+00 7.352717428631207718e-03 7.477883187131073930e-03 2.690893025906761563e-02
0.000000000000000000e+00 3.588378264466564240e-03 4.682779765018453055e+00 7.609638651556182021e-01 9.979944754505684301e+00 7.659848505300076660e+00 3.190382666393660749e+00 6.665656025511949245e+00 4.949713478976781822e+00 9.218566931856044810e-01 2.180414954575448858e-02 6.118424798792984794e-03
0.000000000000000000e+00 1.335800824654198408e-02 3.624844300844893397e+00 2.339767727468786696e+00 8.302171119599378812e+00 4.392966819701251246e+00 1.105392973080614993e+01 7.497612732167960203e+00 1.701454683561903325e+00 6.220882826948301997e-03 2.381869145110745642e-02 2.182267168821696787e-02
0.000000000000000000e+00 3.588378264466564240e-03 2.867887188115138208e+00 3.400045889677171029e+00 5.254056665914908386e+00 3.724803248648485887e+00 1.292142258492147811e+01 7.496885842937467181e+00 1.567813106758932928e+00 3.404352522820647698e-03 1.947272009626229913e-02 4.999342737763823492e-03
0.000000000000000000e+00 1.641261913236708336e+00 2.430715126955719896e+00 8.136549505123900516e+00 2.214582087733513838e+00 9.475731037227211218e+00 7.107109997881141616e+00 3.504233695297773288e+00 9.206159060749140588e-01 7.558729829831360714e-02 1.952620952560444462e-02 1.951596706142439547e-02
0.000000000000000000e+00 1.335800824654198408e-02 1.495886726547569712e+00 2.058113245696437055e+00 5.378694101848483733e+00 8.926917936695577538e-01 7.165165784475313160e+00 9.067392924172418489e+00 5.006947335421671141e+00 2.327986263518710519e+00 6.903247967617472947e-01 7.725777430964449188e-02
0.000000000000000000e+00 8.447736770662390704e-01 2.535478915075133344e+00 2.992901133259852742e+00 4.102222612622839826e+00 4.059818326985086046e+00 7.298895583451955993e+00 5.719972305769220000e+00 3.080627012373921669e+00 1.364861468394545696e+00 5.291357455846736890e-01 2.342292759874157748e-01
0.000000000000000000e+00 2.054922494735717808e-01 1.549561372764885370e+00 2.067795286256961518e+00 2.257351814197572804e+00 4.390340297267758096e+00 1.128722855602345199e+01 3.417391880007615956e+00 2.618002500893384266e+00 2.145662973573517540e+00 1.207792024405795361e+00 2.678913166763241538e-01
0.000000000000000000e+00 8.966662530641584805e-01 1.603045285286774702e+00 2.566097600089024766e+00 5.479893621977969254e+00 2.859374815080984344e+00 7.813148555745113910e+00 2.851672640711393480e+00 1.457929329921020978e+00 2.970343895811729418e+00 1.278410878253732896e+00 8.113458071792877258e-01
0.000000000000000000e+00 8.968147509474290180e-01 1.553682760498319659e+00 2.654450836085103127e+00 2.726337072117078986e+00 2.166779389638714637e+00 7.812327510226553251e+00 3.327820911454867137e+00 4.479409000399168228e+00 2.007861476140301527e+00 1.829801204307203832e+00 1.092493809982572728e+00
0.000000000000000000e+00 3.628876788826461246e-03 8.030033070516014258e-04 8.571996955431528953e-01 1.724646656339722695e+00 6.368190367295081700e+00 8.927731500078978089e-01 3.220977416785510083e+00 7.525042486943618769e+00 4.351378212046772553e+00 1.550860623997799559e+00 1.459212683642127639e-01
0.000000000000000000e+00 6.356675355033741814e-01 8.793131460198978511e-01 7.024957327790244399e-01 1.382316556106359062e+00 2.316101666429231098e+00 3.896084442073553866e+00 1.071647487870359505e+01 2.582543768812251450e+00 1.977250370069323582e+00 2.729018364659292484e+00 2.190749590091513710e+00
0.000000000000000000e+00 3.273047587202973594e-04 8.030033070516014258e-04 1.420552730941814501e-01 1.771895665373553586e+00 5.094238929685382722e+00 4.491340715934184047e+00 6.570850149184106925e+00 1.348403174401060500e+00 3.023923439371618116e+00 9.060320820754890203e-01 4.008493927644713462e-01
0.000000000000000000e+00 8.030033070516014258e-04 1.335800824654198408e-02 2.833340904294214674e-02 4.623350282676058853e+00 9.062207555383015034e-01 3.959549192342889934e-01 3.979421653445200935e+00 5.066546590674340322e+00 6.798787430987918157e+00 3.694477250747823516e-01 1.856789340540367372e-01
0.000000000000000000e+00 3.588378264466564240e-03 8.030033070516014258e-04 8.030033070516014258e-04 8.773681696017450460e-02 1.309913580186480075e+00 7.203781165709621792e-02 2.866398918945877838e+00 6.551259255062564790e+00 4.572066054661846124e+00 2.760150414855826018e+00 2.748009286172627963e+00
0.000000000000000000e+00 3.628876788826461246e-03 8.030033070516014258e-04 1.019638543552999453e-02 8.952613615517635232e-04 1.336896427258989564e-02 9.700644380399659275e-03 4.838813709271873265e+00 5.749781473850839930e+00 2.187671854991092069e+00 5.299555493452766441e+00 4.394854697876978133e-01
0.000000000000000000e+00 8.030033070516014258e-04 3.628876788826461246e-03 9.715250252865893082e-03 5.049067799655744537e-02 3.307869635276046161e+00 2.028183455605949148e-01 8.855246141516859737e+00 3.170586741937389541e-01 3.097903192321736832e+00 9.901366260607870062e-01 4.011347235586200655e-01
0.000000000000000000e+00 3.588378264466564240e-03 8.030033070516014258e-04 1.020030442984986435e-02 5.049067799655744537e-02 3.569680651024554896e-01 1.384798194243653802e+00 5.514612823084956261e+00 2.620049114028667692e+00 2.212726945326873640e+00 2.595797140676910697e+00 4.478119609245148069e-01
0.000000000000000000e+00 8.030033070516014258e-04 3.628876788826461246e-03 2.266101609752991380e-02 6.602605485597612400e-02 9.610729174646174267e-01 2.980904743148482527e+00 2.224921977093061276e+00 4.102906416936370704e+00 1.757145148581282346e+00 2.090866562079998214e+00 3.462139832195539751e-02
0.000000000000000000e+00 3.588378264466564240e-03 1.019638543552999453e-02 2.881628254838417696e-02 5.023925961554318587e-01 9.998414371055337480e-01 1.102203499975445977e+00 2.124839689642313179e+00 5.644549788882365249e+00 5.795077222823352692e-01 2.215655202129461099e+00 2.672663690689652816e-01
0.000000000000000000e+00 3.588378264466564240e-03 8.030033070516014258e-04 1.490349314290271010e-01 7.463253115545144534e-02 4.471719360091828133e-01 3.213308927106895974e-01 3.084166313578119212e+00 1.594848492737533263e+00 1.382451155456784875e+00 2.764043999384151906e+00 4.148360989615183514e-01
0.000000000000000000e+00 3.389477144884090951e-03 3.628876788826461246e-03 8.030033070516014258e-04 1.898992114853726224e-02 2.730045975762084853e-01 1.803903053162951631e+00 4.357212610658043772e+00 1.135548663675130632e+00 1.666411958219619738e+00 7.892580494844249062e-01 1.728521379871386932e-01
0.000000000000000000e+00 3.588378264466564240e-03 8.030033070516014258e-04 4.740841683948171514e-02 5.616698069121021236e-02 2.407408671116475940e+00 6.001589597711192159e-01 1.986383812273189386e+00 1.699756239848251527e+00 1.136245882837585652e+00 4.992517035628761812e-01 2.065405253534526031e-01
0.000000000000000000e+00 8.030033070516014258e-04 3.628876788826461246e-03 1.950331228083779234e-02 3.909280481519235573e-01 2.204173768472724948e+00 1.703491144283737047e+00 4.461445385761908522e-01 5.437620121072822554e-01 1.667648489945999124e+00 1.473542945800719595e-01 3.062120459418813945e-01
0.000000000000000000e+00 3.588378264466564240e-03 1.020030442984986435e-02 2.881628254838417696e-02 2.647537317791309741e-01 7.190864188806456170e-02 1.426791281649737897e+00 1.317358764389859438e+00 6.151085928345582099e-01 2.192305579337751609e-01 1.416179824109591756e+00 5.430393986905418524e-01
0.000000000000000000e+00 3.548116696229688949e-03 8.030033070516014258e-04 1.335800824654198408e-02 5.355766648847751776e-01 2.399406506998184863e-01 1.454537751059887141e+00 1.193163232673041696e+00 1.784211074130712116e-01 1.388524628927306423e-02 8.328327397517329977e-01 1.442336684693539678e-02
0.000000000000000000e+00 3.389477144884090951e-03 8.030033070516014258e-04 7.994961440095181950e-04 1.632009318873115788e-01 1.242019701310289326e-01 3.394597108306288691e-01 7.391663125355878439e-01 7.232193638142573322e-01 3.265585373594540597e-01 4.695031469358542653e-01 8.392510404510759858e-02
0.000000000000000000e+00 1.335800824654198408e-02 9.032823861579951635e-04 9.072589954203805424e-04 5.979368584754538030e-02 5.342254816560840919e-02 1.488861427274515148e-01 1.005441663107185524e-01 4.830197744105138025e-01 2.623124606356244115e-01 3.408601301780340154e-01 5.943442961592050079e-03
