4.152594326185531093e-02 2.663580047771394507e-03 6.320767109900976045e-04 3.803701643663691130e-05 5.701503508491105956e-05
4.163152230181967756e-02 2.631235774989875657e-03 6.339277612176252331e-04 3.816335839384522763e-05 5.714520253719709256e-05
3.963567158215625108e-02 2.549209671785116014e-03 6.323044390587705512e-04 3.760293686607181241e-05 5.476665385010791071e-05
3.360617599795096694e-02 2.538022324769487800e-03 5.800676876975624984e-04 3.089657314882863321e-05 5.030259492526717224e-05
3.566353409626193960e-02 3.138770764100550122e-03 6.177166164672238729e-04 3.320980679862964741e-05 4.710734507628996568e-05
3.980181410181542201e-02 2.573800305193558145e-03 6.445042395241925345e-04 3.805496114569069762e-05 5.473279237228568172e-05
4.214915785634226059e-02 2.631123011355872808e-03 6.326116055968070140e-04 3.572918728000294393e-05 5.914806492064246030e-05
4.135518374239958300e-02 2.612397293568116674e-03 6.372551850676167048e-04 3.769625563110878943e-05 5.660402681001994521e-05
3.559989621069294119e-02 2.582826522358783704e-03 6.779246646100785560e-04 3.809872702298434287e-05 4.715845946356650247e-05
4.200724476481385722e-02 2.649414010914894965e-03 6.323578273388645761e-04 3.566224321749360173e-05 5.896263567079602572e-05
4.006540625882634710e-02 2.631287251474330891e-03 6.450667170355562762e-04 3.804842598621024018e-05 5.492352627288567187e-05
3.329535375763336552e-02 3.173880057504583577e-03 6.188126702161886967e-04 3.439644026644692341e-05 4.417248238598768458e-05
3.448408072245649769e-02 2.588168300996914958e-03 6.632224468307754920e-04 3.644933006117340271e-05 4.600316530244463129e-05
3.655885965473764515e-02 3.072470467200222408e-03 6.227193989427423247e-04 3.358810843759950062e-05 5.071437266748908128e-05
3.138293271945748197e-02 2.683948421504599689e-03 6.472132264844461047e-04 3.545840784698311971e-05 4.334415098415540519e-05
3.662334027378289641e-02 3.094727836360787292e-03 6.295576422480012990e-04 3.387458748925610368e-05 5.053715977084957992e-05
4.157602960190143193e-02 2.706351257486010881e-03 6.759265673576979111e-04 3.926941774391008792e-05 5.605758954836959762e-05
4.021306497609485053e-02 2.705748543564432621e-03 6.807338684853137109e-04 3.925133140070621472e-05 5.491480290618248812e-05
3.816727966872666272e-02 3.125828077736719605e-03 6.337777943199474637e-04 3.417697775450625157e-05 5.249434343359546856e-05
3.545341954003589785e-02 3.169005003491423209e-03 7.027467612982459845e-04 3.884682374448596674e-05 4.574559927974785895e-05
3.549749877810815663e-02 3.293757580486034696e-03 6.651018404061815768e-04 3.852656490355275168e-05 5.061663096803889630e-05
3.586316491544649931e-02 3.345748913343775128e-03 8.217101366254039342e-04 4.439937446473879164e-05 4.558594232445221126e-05
4.724071923097965947e-02 3.491880476773550918e-03 1.156825686927892170e-03 6.766828108738782532e-05 5.374990109889475701e-05
3.263092636055860141e-02 2.773646921178312286e-03 7.988374501003325974e-04 4.356897555318557018e-05 4.487167212737754247e-05
3.244503575617677799e-02 2.672637115127092598e-03 8.449785698364594040e-04 4.511564210524030688e-05 4.663930491217325384e-05
3.105585784092695922e-02 2.654851793510684416e-03 8.675446330058679241e-04 4.564193972462390046e-05 4.541243259045666574e-05
3.030584610948651794e-02 3.154860861953332710e-03 8.363329560010631042e-04 4.517928554381366680e-05 3.924078233929225010e-05
2.834244955554554926e-02 3.113335482216702827e-03 6.796155823559513892e-04 3.370176113216200503e-05 4.519890000296120536e-05
2.848282773553429195e-02 2.692975251933241859e-03 6.987651343178099758e-04 3.415201486363274584e-05 4.700639329926369130e-05
2.732128133429358174e-02 3.060751490634445408e-03 6.909826646845750996e-04 3.380975397724959993e-05 4.555690419272670255e-05
2.624691979639206044e-02 3.140596609382860418e-03 6.876200153736697915e-04 3.407623923437925876e-05 3.937178700080544615e-05
2.829008843881412189e-02 2.657519273375260043e-03 6.895862397505895603e-04 3.384077446996174840e-05 4.711242299434035218e-05
2.984528757175568953e-02 3.048714723502656335e-03 8.374790592328317700e-04 4.551072274478554496e-05 3.945872730083910897e-05
3.176731593934843667e-02 2.584581639050598321e-03 8.498685226241415973e-04 4.565854182056610397e-05 4.662727846314027486e-05
3.081132304973258768e-02 2.563279385748797393e-03 8.726009131159891390e-04 4.609712165787422739e-05 4.713971025684258797e-05
2.627454934736275782e-02 3.181169192792289695e-03 6.823289777226307796e-04 3.397229123632596195e-05 3.917215936728215138e-05
4.708275307394213627e+01 2.215076379754847835e+00 3.975046541007000722e-01 7.628205835410246287e-04 7.867773650178128131e-03
2.026173266863815670e+01 4.321816498604040269e-01 1.720593445032815583e-01 6.495019044324466069e-04 5.872685821764603298e-03
2.942787532236762135e-02 2.926081048045068873e-03 6.972410985413163027e-04 3.425056286627438119e-05 4.675572117272368673e-05
3.109458777995156853e-02 2.522850779713182133e-03 8.688297550055241363e-04 4.610915860822749904e-05 4.724498689784961236e-05
2.843149243620720842e-02 2.627412741337721656e-03 7.097350314516517964e-04 3.448047939111666262e-05 4.781378576362620771e-05
2.820840920728924506e-02 2.649834209719021880e-03 7.049325791406667579e-04 3.416500878852715261e-05 4.737170084094834957e-05
2.884619971833557450e-02 2.641565815791618952e-03 7.087476952500712957e-04 3.428564261292660407e-05 4.791361141553882416e-05
2.620672876833205975e-02 3.193637199581181047e-03 6.938235045790564761e-04 3.415622461988491700e-05 3.909939485240246934e-05
2.614102547446666910e-02 3.107442056420464845e-03 7.006417308302009383e-04 3.432276600878181034e-05 3.943408972054612610e-05
2.869474165004982924e-02 2.707749811726458365e-03 7.084570310444082654e-04 3.432031902713658021e-05 4.699676759578190103e-05
2.661061721299616892e-02 3.107839405892405451e-03 7.102007641240724173e-04 3.461147810835541453e-05 3.936643761130061950e-05
2.856193294736562860e-02 2.628698697228934369e-03 7.185039585781413446e-04 3.450780265673160065e-05 4.742856960925002674e-05
3.014565801638538836e-02 3.136856136060319194e-03 8.837535501700123381e-04 4.681939786608949397e-05 3.874495764891392456e-05
2.711620918409991116e-02 3.139552626406982155e-03 7.271460989009684902e-04 3.512152725855295784e-05 3.907955964844506873e-05
3.003562694955600951e-02 2.661701275847944571e-03 9.074797236481758770e-04 4.740958522882286058e-05 3.905204735603164438e-05
2.930988316327988799e-02 2.699080264943591340e-03 7.311833855088197952e-04 3.505124387677671763e-05 4.677241325823213114e-05
2.989948426653285876e-02 3.037661015334641203e-03 9.033463183184817832e-04 4.737560158534387693e-05 3.901180838455528907e-05
2.964106329489771610e-02 2.625442856907144601e-03 7.538168454496392600e-04 3.565422070331642965e-05 4.749526635903910537e-05
2.707718408907042185e-02 3.215117408056435405e-03 7.282341554980237665e-04 3.519240085119658044e-05 3.876635055551486798e-05
2.943396620561529800e-02 2.917082322809829310e-03 7.448473887596881570e-04 3.544637341366694357e-05 4.641647768849344724e-05
7.388755771598715327e+00 1.223941486795342870e+00 5.636267011435317636e-02 5.524400094865253514e-04 4.398067775536290865e-03
2.895202792268881595e-02 2.696100289663606788e-03 7.503412019914509814e-04 3.558213823441679844e-05 4.678192494786931170e-05
2.979718621900328754e-02 2.927518883429614232e-03 7.736463879495241889e-04 3.654428894172033005e-05 4.631621788036503746e-05
2.711200910062687430e-02 3.198296043213754401e-03 7.410542133031433739e-04 3.553195254239677528e-05 3.885639526687485621e-05
2.925950279965435982e-02 2.780092771171804433e-03 7.756769325692400296e-04 3.658481084347636752e-05 4.644291407549539652e-05
2.742154115167686271e-02 3.242625670212032855e-03 7.526664367855979585e-04 3.589800406590254987e-05 3.868373402232573864e-05
2.886747569670729957e-02 3.291748260332879109e-03 8.038672041829143843e-04 3.794415793867668500e-05 3.857096049487881420e-05
2.956755997351740925e-02 2.748396040700679978e-03 7.808622463562523526e-04 3.659100858067419862e-05 4.660798014752470309e-05
3.042961777909946458e-02 2.865566357215356200e-03 8.045689761849778758e-04 3.827278976913200519e-05 4.641766562323887917e-05
3.072597040074904681e-02 2.680109070568698851e-03 8.269472114555136578e-04 3.792810645886630612e-05 4.677704123508970009e-05
2.823692634919108130e-02 3.275372436910142099e-03 7.777180896414682357e-04 3.663026284073403417e-05 3.866285618050517922e-05
3.088326029324985761e-02 3.400303055386813111e-03 9.242993202595774921e-04 4.831808151824431734e-05 3.874264272938262443e-05
3.193910803958150552e-02 2.773409170404883030e-03 8.765433627959405604e-04 4.155143799748190717e-05 4.664435059099821803e-05
3.197096102748338275e-02 2.967992076603719487e-03 8.516137816554558357e-04 3.962838783908877367e-05 4.625731592917485107e-05
3.107727219161211113e-02 2.758106925539441714e-03 8.391274105885058532e-04 3.823187119060941959e-05 4.663505030495406005e-05
3.308836707427812579e-02 2.840502344551981955e-03 1.001115147604807187e-03 5.017101233879967117e-05 3.852492672594594743e-05
3.323440694378745203e-02 2.792186701336269328e-03 9.320266037318958264e-04 4.400646717321376805e-05 4.653375591583786908e-05
3.162415191770984874e-02 2.837382810879409464e-03 8.493921260735515840e-04 3.858892300376647977e-05 4.639513037623015573e-05
3.373982745320459192e-02 3.440115968948960663e-03 1.038574777977720881e-03 5.140170219908054389e-05 3.815539438342049623e-05
3.245081628531208684e-02 2.867742048494590669e-03 9.004472520407776461e-04 4.005870867769920779e-05 4.644583588373272067e-05
3.418245846551375144e-02 3.440183245324426441e-03 1.065844526398518561e-03 5.218447930271471238e-05 3.818469535366507509e-05
3.095202723124880831e-02 3.771961544665222970e-03 8.849488369087329465e-04 3.979648491822490141e-05 3.803243219803336165e-05
3.198316014945139230e-02 3.960690221266382170e-03 9.101618707338571300e-04 4.065969776606709205e-05 3.797426410991946706e-05
3.434961548022733013e-02 3.007148625131109490e-03 9.820843935667293752e-04 4.301345340788951079e-05 4.626813171455966740e-05
3.431594512176847772e-02 3.185965453467829930e-03 9.582766048314918413e-04 4.173760191500278192e-05 4.609681400101887271e-05
3.599588473059994048e-02 3.165590929445712479e-03 1.049779382519109303e-03 4.572732390040213648e-05 4.614687823036964801e-05
3.563447915193529436e-02 3.952126277491621077e-03 1.068762159119318210e-03 4.717528108572627011e-05 3.801690728295705927e-05
3.727951742815184544e-02 3.377288077526143049e-03 1.094223396811970072e-03 4.571360949966651112e-05 4.616502481270597650e-05
3.788871566853228151e-02 3.519912229002501031e-03 1.108809190624773441e-03 4.682240124471539794e-05 4.620078051454811261e-05
4.125767188503663696e-02 3.722783648958422498e-03 1.236739419204907053e-03 5.001135974303741477e-05 4.620426738084095863e-05
4.476597628436394805e-02 3.920125508484508838e-03 1.363690954214137260e-03 5.623649292765322551e-05 4.602689188314874495e-05
