8.000000000000000444e-01 8.000000000000000444e-01 6.570000000000000284e-01 6.300000000000000044e-01 6.260000000000000009e-01 5.620000000000000551e-01 5.610000000000000542e-01 4.060000000000000275e-01 4.020000000000000240e-01 4.020000000000000240e-01 -1.999995043243441017e-01 -1.998883545159332586e-01 -1.999952888145621888e-01 -1.262668317601909618e-01 -1.999984720262302229e-01 1.557069752036147614e-01 -1.107486157754603434e-01 1.999997210758659993e-01 -1.999991159054211043e-01 -1.999995082893168130e-01
8.000000000000000444e-01 8.000000000000000444e-01 6.570000000000000284e-01 6.490000000000000213e-01 5.689999999999999503e-01 5.510000000000000453e-01 4.099999999999999756e-01 4.010000000000000231e-01 4.000000000000000222e-01 4.000000000000000222e-01 -1.995436337442315911e-01 -1.999810848231514115e-01 -1.417861220543785439e-01 -1.999975724386540143e-01 1.335882277198526813e-01 -1.124850240316783434e-01 1.999981119262715656e-01 -1.999983272370882414e-01 1.999996502488356476e-01 -1.999931913225497793e-01
8.000000000000000444e-01 8.000000000000000444e-01 6.590000000000000302e-01 6.019999999999999796e-01 5.929999999999999716e-01 5.909999999999999698e-01 5.420000000000000373e-01 4.040000000000000258e-01 4.000000000000000222e-01 4.000000000000000222e-01 -1.999079339462453975e-01 -1.994713160826730725e-01 -1.999993519644978901e-01 1.318478261531260964e-01 -1.277568336036718211e-01 -1.220670946220482334e-01 1.991255931577935456e-01 -1.999967859209484389e-01 -1.999946013111264798e-01 1.999999657589026925e-01
8.000000000000000444e-01 8.000000000000000444e-01 6.590000000000000302e-01 6.109999999999999876e-01 5.649999999999999467e-01 5.629999999999999449e-01 5.090000000000000080e-01 4.030000000000000249e-01 4.010000000000000231e-01 4.000000000000000222e-01 -1.999843706944418875e-01 -1.999891242143202463e-01 -1.999959574855861288e-01 -1.296588080812465515e-01 1.397580286142163231e-01 -1.148332238067742844e-01 1.960324550076706085e-01 -1.999973108992573745e-01 -1.999993200364061918e-01 1.999992239555348494e-01
8.000000000000000444e-01 8.000000000000000444e-01 6.730000000000000426e-01 6.229999999999999982e-01 5.939999999999999725e-01 5.570000000000000506e-01 4.869999999999999885e-01 4.139999999999999791e-01 4.000000000000000222e-01 4.000000000000000222e-01 -1.976729354485917411e-01 -1.999269346216778487e-01 -1.999981538528846636e-01 -1.328295962570907041e-01 -1.132904876990592641e-01 1.424697441993522939e-01 1.999984662078639897e-01 -1.999977181709676755e-01 -1.999992074721385349e-01 1.999997536593910996e-01
8.000000000000000444e-01 8.000000000000000444e-01 7.760000000000000231e-01 6.750000000000000444e-01 5.869999999999999662e-01 5.759999999999999565e-01 5.380000000000000338e-01 4.380000000000000004e-01 4.060000000000000275e-01 4.050000000000000266e-01 -1.992427643874398191e-01 -1.998754770996085672e-01 1.999952015265538674e-01 -1.999972265471024191e-01 -1.295479872298267443e-01 -1.210990936425008491e-01 1.495628705834997074e-01 1.999976159086556404e-01 -1.999991853610247339e-01 -1.999974792247392885e-01
8.000000000000000444e-01 7.800000000000000266e-01 6.850000000000000533e-01 6.390000000000000124e-01 5.939999999999999725e-01 5.719999999999999529e-01 5.230000000000000204e-01 4.289999999999999925e-01 4.040000000000000258e-01 4.010000000000000231e-01 -1.999907935248752822e-01 1.999985949828796405e-01 -1.999962830596439811e-01 -1.395649623489995661e-01 -1.224957274671518020e-01 1.436909280870778405e-01 1.404838318846940992e-01 -1.999987990747307820e-01 1.999991357180311291e-01 -1.999993809004571577e-01
8.000000000000000444e-01 8.000000000000000444e-01 6.959999999999999520e-01 6.580000000000000293e-01 5.719999999999999529e-01 5.480000000000000426e-01 5.060000000000000053e-01 4.099999999999999756e-01 4.040000000000000258e-01 4.000000000000000222e-01 -1.999951002870075378e-01 -1.999985606858876164e-01 -1.999999323273265461e-01 -1.411994614842024820e-01 1.390116790580918360e-01 -1.112662290408577975e-01 -1.999992905879905969e-01 1.999956328718515697e-01 -1.999998838603418705e-01 1.999991087864905481e-01
8.000000000000000444e-01 8.000000000000000444e-01 7.930000000000000382e-01 7.540000000000000036e-01 6.600000000000000311e-01 6.169999999999999929e-01 5.629999999999999449e-01 5.360000000000000320e-01 4.989999999999999991e-01 4.030000000000000249e-01 -1.998841014192221099e-01 -1.999999520007222364e-01 1.999987966190460709e-01 1.999998872772583147e-01 -1.543790199332803759e-01 -1.393911934067371683e-01 1.543941334581727109e-01 1.604508357308234989e-01 -1.999983747174756410e-01 -1.999999393083578825e-01
8.000000000000000444e-01 8.000000000000000444e-01 7.770000000000000240e-01 6.959999999999999520e-01 6.470000000000000195e-01 5.709999999999999520e-01 5.480000000000000426e-01 4.969999999999999973e-01 4.149999999999999800e-01 4.010000000000000231e-01 -1.999837322883063762e-01 -1.999070604748159341e-01 1.999962403704308722e-01 -1.514000273724717405e-01 -1.999975936592886527e-01 1.999991272431002054e-01 1.480104338080465987e-01 -1.106492471626605856e-01 -1.999989272505707516e-01 -1.999999390765897778e-01
8.000000000000000444e-01 7.590000000000000080e-01 6.850000000000000533e-01 6.410000000000000142e-01 5.989999999999999769e-01 5.420000000000000373e-01 5.000000000000000000e-01 4.159999999999999809e-01 4.010000000000000231e-01 4.010000000000000231e-01 -1.999952015261702853e-01 1.999991892853147935e-01 -1.533781534561796667e-01 -1.396652235931065966e-01 -1.999947816395949429e-01 1.444156252068773960e-01 1.440125037872889424e-01 -1.999991540939237145e-01 -1.999988352636423439e-01 1.999931727427592676e-01
8.000000000000000444e-01 7.770000000000000240e-01 7.069999999999999618e-01 6.630000000000000338e-01 6.129999999999999893e-01 5.729999999999999538e-01 5.380000000000000338e-01 4.709999999999999742e-01 4.060000000000000275e-01 4.000000000000000222e-01 -1.999996715670245284e-01 1.999997386267501898e-01 -1.999987743849228894e-01 -1.410986698609322243e-01 -1.314587728055333360e-01 1.492284171724300168e-01 1.454929764014595006e-01 -1.999994445935399379e-01 1.999961219112125765e-01 -1.999998286917417378e-01
8.000000000000000444e-01 7.610000000000000098e-01 6.959999999999999520e-01 6.610000000000000320e-01 6.390000000000000124e-01 5.769999999999999574e-01 5.530000000000000471e-01 5.350000000000000311e-01 4.650000000000000244e-01 4.040000000000000258e-01 -1.999910754287645143e-01 1.999977277436734424e-01 -1.999902413795715261e-01 1.999953057115366473e-01 -1.411203425483302520e-01 1.507780750672266246e-01 1.480328908526003240e-01 -1.197893356591992892e-01 -1.999992641959285888e-01 -1.999987167079837758e-01
8.000000000000000444e-01 7.990000000000000435e-01 7.740000000000000213e-01 7.069999999999999618e-01 6.390000000000000124e-01 5.929999999999999716e-01 5.629999999999999449e-01 5.250000000000000222e-01 4.899999999999999911e-01 4.259999999999999898e-01 -1.999768137604552853e-01 -1.999838158198480598e-01 1.999981395535314899e-01 -1.999924255534602235e-01 -1.361189381556219546e-01 -1.271736341760996980e-01 1.999977782592820552e-01 1.454559406874344762e-01 -1.999984112358343946e-01 -1.999919422681927239e-01
8.000000000000000444e-01 7.600000000000000089e-01 7.069999999999999618e-01 6.590000000000000302e-01 6.320000000000000062e-01 5.759999999999999565e-01 5.470000000000000417e-01 4.989999999999999991e-01 4.729999999999999760e-01 4.229999999999999871e-01 -1.999999008593011107e-01 1.999998534385923343e-01 -1.999994200255169885e-01 -1.376175913005033280e-01 -1.388243337244756959e-01 1.382767848357451812e-01 1.424586003482634644e-01 -1.999992940160587873e-01 1.999983716990241522e-01 -1.999996170474623025e-01
8.000000000000000444e-01 7.700000000000000178e-01 7.179999999999999716e-01 6.750000000000000444e-01 6.380000000000000115e-01 5.799999999999999600e-01 5.450000000000000400e-01 5.200000000000000178e-01 4.769999999999999796e-01 4.339999999999999969e-01 -1.999980949917065931e-01 1.999997388309999458e-01 -1.510067069434700149e-01 -1.999992065500156846e-01 -1.324647349740986357e-01 1.399534957959563675e-01 1.433021067035461504e-01 -1.999970039217377205e-01 1.986712900699575124e-01 -1.999996070160978690e-01
8.000000000000000444e-01 7.590000000000000080e-01 7.079999999999999627e-01 6.790000000000000480e-01 6.570000000000000284e-01 5.979999999999999760e-01 5.460000000000000409e-01 5.120000000000000107e-01 4.699999999999999734e-01 4.570000000000000173e-01 -1.999954008637717939e-01 1.999995395741231419e-01 -1.576780531592565926e-01 -1.999911755709425365e-01 -1.354034038320587330e-01 1.380555929107147584e-01 1.386713743200115867e-01 -1.999944376368653909e-01 -1.999990599878732345e-01 1.999988222844279462e-01
7.960000000000000409e-01 7.950000000000000400e-01 7.570000000000000062e-01 7.159999999999999698e-01 6.730000000000000426e-01 6.049999999999999822e-01 5.799999999999999600e-01 5.480000000000000426e-01 5.090000000000000080e-01 4.749999999999999778e-01 -1.997707205843733957e-01 -1.999250046847373119e-01 1.999968304013585441e-01 -1.687746475329214568e-01 1.999966641037025650e-01 -1.341922967470306760e-01 1.310986770953517788e-01 1.448184945529478462e-01 -1.999993698339324333e-01 -1.999943343481876690e-01
8.000000000000000444e-01 7.930000000000000382e-01 7.179999999999999716e-01 6.879999999999999449e-01 6.570000000000000284e-01 5.949999999999999734e-01 5.739999999999999547e-01 5.330000000000000293e-01 5.230000000000000204e-01 5.190000000000000169e-01 -1.999916609074681162e-01 1.999978627219557992e-01 -1.730992767029632673e-01 1.999999724211705132e-01 -1.415666790663336339e-01 1.540662501888360736e-01 -1.216686707375105314e-01 -1.999996599468134295e-01 -1.999998013111406181e-01 1.489517815895237407e-01
8.000000000000000444e-01 7.900000000000000355e-01 7.469999999999999973e-01 6.969999999999999529e-01 6.570000000000000284e-01 5.789999999999999591e-01 5.550000000000000488e-01 5.470000000000000417e-01 5.340000000000000302e-01 5.210000000000000187e-01 -1.999982007644817428e-01 1.999980611981228562e-01 1.999999001297129431e-01 -1.560110860616918949e-01 -1.441040527899343227e-01 -1.999976853798945686e-01 1.426836149613729121e-01 1.457541443617919596e-01 1.999974245773082082e-01 -1.999997967209044547e-01
8.000000000000000444e-01 8.000000000000000444e-01 7.820000000000000284e-01 7.379999999999999893e-01 7.009999999999999565e-01 6.590000000000000302e-01 5.769999999999999574e-01 5.430000000000000382e-01 5.430000000000000382e-01 5.430000000000000382e-01 -1.999974065700175219e-01 -1.997063366410761487e-01 1.999991883229688960e-01 1.999995117262171884e-01 -1.600377316813829665e-01 -1.464710332875784060e-01 1.543496175688898464e-01 -1.999988248532519608e-01 1.557893592362931123e-01 -1.999996829884188032e-01
7.510000000000000009e-01 7.159999999999999698e-01 6.850000000000000533e-01 6.570000000000000284e-01 6.159999999999999920e-01 5.799999999999999600e-01 5.500000000000000444e-01 5.260000000000000231e-01 4.929999999999999938e-01 4.490000000000000102e-01 -1.891427963410580171e-01 8.038289480572369250e-02 -1.356312421679361502e-01 -1.859979934414859037e-01 -5.049621838840515770e-02 1.171447936568653508e-01 1.428227481630153506e-01 -1.854361383747631653e-01 1.985791801752770092e-01 -6.559450067154098951e-02
7.510000000000000009e-01 7.249999999999999778e-01 6.959999999999999520e-01 6.730000000000000426e-01 6.620000000000000329e-01 5.989999999999999769e-01 5.799999999999999600e-01 5.500000000000000444e-01 5.140000000000000124e-01 4.839999999999999858e-01 -1.686900554657379536e-01 1.257710791060715760e-01 1.665301403850541484e-01 1.423703081694751571e-01 -1.943832286647612928e-01 1.256386492686763501e-01 -8.793394852882473189e-02 -1.995379457336838303e-01 -1.246635112874005108e-01 -6.468650595278145621e-02
7.510000000000000009e-01 7.069999999999999618e-01 6.850000000000000533e-01 6.570000000000000284e-01 5.989999999999999769e-01 5.799999999999999600e-01 5.629999999999999449e-01 5.380000000000000338e-01 5.140000000000000124e-01 4.660000000000000253e-01 -1.884491622683018008e-01 -8.300648917537654936e-02 1.032838311924240277e-01 -1.816156469985259758e-01 -1.469019085787959533e-01 1.190280193109788248e-01 9.291787535258648478e-02 -1.413116799018718228e-01 1.581995153264144083e-01 -6.133416396439863444e-02
8.000000000000000444e-01 7.980000000000000426e-01 7.510000000000000009e-01 7.069999999999999618e-01 6.390000000000000124e-01 6.300000000000000044e-01 6.089999999999999858e-01 5.909999999999999698e-01 5.709999999999999520e-01 5.679999999999999494e-01 -1.999987768591573178e-01 1.999994428679049696e-01 1.999967755719661289e-01 -1.559771534709414043e-01 -1.153853612373705734e-01 -1.376466376528011903e-01 1.590582565159244233e-01 -1.999998234074121806e-01 -1.999958495951061344e-01 1.589993540777363823e-01
7.570000000000000062e-01 7.159999999999999698e-01 6.959999999999999520e-01 6.570000000000000284e-01 5.989999999999999769e-01 5.799999999999999600e-01 5.500000000000000444e-01 5.260000000000000231e-01 5.030000000000000027e-01 4.739999999999999769e-01 1.851245417398201532e-01 -6.136063214854202419e-02 -1.249714297131580276e-01 1.848899587705306879e-01 -1.433628426184447302e-01 -1.209051813118588864e-01 -1.355021079120452832e-01 6.529055433366542927e-02 1.161973612049289895e-01 -1.119617840187049906e-01
8.000000000000000444e-01 8.000000000000000444e-01 7.479999999999999982e-01 7.069999999999999618e-01 6.740000000000000435e-01 6.420000000000000151e-01 5.909999999999999698e-01 5.779999999999999583e-01 5.759999999999999565e-01 5.709999999999999520e-01 1.999994891717878920e-01 -1.999953300167555403e-01 1.999998981157823374e-01 -1.515233368235534284e-01 -1.472380961441296654e-01 -1.364498629107381011e-01 -1.999992806581405436e-01 1.547380799085685543e-01 1.585341872100220206e-01 -1.999993097548374288e-01
8.000000000000000444e-01 8.000000000000000444e-01 7.790000000000000258e-01 7.159999999999999698e-01 6.730000000000000426e-01 6.420000000000000151e-01 6.039999999999999813e-01 5.989999999999999769e-01 5.849999999999999645e-01 5.809999999999999609e-01 -1.998846406072024018e-01 -1.999982628201057711e-01 1.999997896750366211e-01 -1.556846997967976931e-01 -1.447562738671228644e-01 1.413377251754829589e-01 1.999975804881578556e-01 -1.999988488443542045e-01 -1.999993837441975675e-01 1.412815378300295577e-01
8.000000000000000444e-01 7.770000000000000240e-01 7.419999999999999929e-01 7.159999999999999698e-01 6.870000000000000551e-01 6.580000000000000293e-01 5.989999999999999769e-01 5.769999999999999574e-01 5.769999999999999574e-01 5.759999999999999565e-01 -1.999954206095769238e-01 1.999969222136131763e-01 -1.691719904341504044e-01 -1.566326706854400397e-01 1.999971196959072217e-01 1.389720071927329492e-01 -1.257870677146702421e-01 -1.999951887536131345e-01 1.446562520766503657e-01 -1.999944073693172841e-01
8.000000000000000444e-01 7.880000000000000338e-01 7.249999999999999778e-01 6.860000000000000542e-01 6.600000000000000311e-01 6.350000000000000089e-01 6.059999999999999831e-01 6.049999999999999822e-01 5.889999999999999680e-01 5.879999999999999671e-01 -1.999975998053203086e-01 1.999948252914404145e-01 1.999931801512989382e-01 -1.506975678367624416e-01 -1.362008838138494271e-01 1.328961340291289484e-01 -1.999966610184382709e-01 1.999250228621180514e-01 -1.999994846654455094e-01 1.442114967265427372e-01
8.000000000000000444e-01 7.780000000000000249e-01 7.159999999999999698e-01 6.989999999999999547e-01 6.600000000000000311e-01 6.069999999999999840e-01 6.049999999999999822e-01 5.969999999999999751e-01 5.919999999999999707e-01 5.919999999999999707e-01 -1.999954931912985290e-01 1.999995396174256701e-01 -1.589121509522272158e-01 1.999990824930385214e-01 -1.405210363891622738e-01 -1.282569668274982921e-01 1.473140957047272270e-01 1.495036558195558252e-01 -1.999978696260515665e-01 -1.999998651612076295e-01
8.000000000000000444e-01 7.930000000000000382e-01 7.670000000000000151e-01 7.189999999999999725e-01 6.850000000000000533e-01 6.189999999999999947e-01 6.099999999999999867e-01 6.019999999999999796e-01 5.989999999999999769e-01 5.979999999999999760e-01 -1.999993900011962922e-01 1.999955556619732455e-01 1.999952981401723895e-01 -1.560779003125700171e-01 -1.485005698672083596e-01 1.579033770882568855e-01 -1.339818825666081459e-01 -1.999994888199124743e-01 1.525138645829788864e-01 -1.999980814651925731e-01
8.000000000000000444e-01 8.000000000000000444e-01 7.660000000000000142e-01 7.269999999999999796e-01 6.969999999999999529e-01 6.650000000000000355e-01 6.209999999999999964e-01 5.989999999999999769e-01 5.979999999999999760e-01 5.979999999999999760e-01 -1.957356053578519772e-01 -1.999926953737019841e-01 1.999999946587678878e-01 1.999986970158827426e-01 -1.515679155618993024e-01 -1.434957672179736909e-01 1.441196962583649877e-01 -1.999979065842365511e-01 -1.999996295636679855e-01 1.515322582137497431e-01
8.000000000000000444e-01 7.900000000000000355e-01 7.459999999999999964e-01 7.069999999999999618e-01 6.570000000000000284e-01 6.410000000000000142e-01 6.330000000000000071e-01 6.089999999999999858e-01 6.009999999999999787e-01 6.009999999999999787e-01 -1.999980614021667213e-01 1.999990150299990055e-01 1.999984943931193693e-01 -1.497909832360181936e-01 -1.999997259972442487e-01 -1.315793397365658257e-01 -1.330449578042318393e-01 1.525821447951503373e-01 -1.999991793919500827e-01 1.570706794363206094e-01
7.570000000000000062e-01 7.269999999999999796e-01 6.959999999999999520e-01 6.570000000000000284e-01 6.149999999999999911e-01 5.989999999999999769e-01 5.629999999999999449e-01 5.380000000000000338e-01 5.140000000000000124e-01 4.630000000000000226e-01 1.218371370496276890e-01 -1.397947645524890425e-01 -1.292911257694689120e-01 -7.970907927108400459e-02 1.218680434977478660e-01 1.935448067386180415e-01 -5.963297037430267955e-02 1.513490471249314684e-01 -9.631333882423659398e-02 7.756687481935148343e-02
8.000000000000000444e-01 8.000000000000000444e-01 7.269999999999999796e-01 6.989999999999999547e-01 6.889999999999999458e-01 6.380000000000000115e-01 6.219999999999999973e-01 6.199999999999999956e-01 6.159999999999999920e-01 6.149999999999999911e-01 1.999999828292628734e-01 -1.999992380491565080e-01 1.978766697981287070e-01 -1.498117894299662856e-01 -1.454705235934747320e-01 -1.999993142596230289e-01 1.400381201702372014e-01 1.439436377041122817e-01 -1.999991713817600159e-01 1.999860730581836665e-01
7.580000000000000071e-01 7.329999999999999849e-01 7.079999999999999627e-01 6.850000000000000533e-01 6.570000000000000284e-01 5.989999999999999769e-01 5.629999999999999449e-01 5.380000000000000338e-01 5.140000000000000124e-01 4.769999999999999796e-01 -9.356346231807892433e-02 -1.972188432891518739e-01 1.560406816758120319e-01 1.357476394507022566e-01 1.702833408438319263e-01 -1.803385022637569723e-01 -1.181318571289650260e-01 1.625564109773522115e-01 -5.727845614383291623e-02 8.201225464462894021e-02
7.570000000000000062e-01 7.159999999999999698e-01 6.850000000000000533e-01 6.570000000000000284e-01 5.989999999999999769e-01 5.799999999999999600e-01 5.590000000000000524e-01 5.380000000000000338e-01 5.030000000000000027e-01 4.670000000000000262e-01 -1.832251653560061921e-01 1.176504571446285730e-01 -1.165659823613768992e-01 1.092167931006229470e-01 8.095774736246520720e-02 6.362860893039952448e-02 -6.057249471014259506e-02 6.583159159148860295e-02 -9.131728857779927711e-02 -1.471011006100283458e-01
8.000000000000000444e-01 8.000000000000000444e-01 7.910000000000000364e-01 7.580000000000000071e-01 6.959999999999999520e-01 6.580000000000000293e-01 6.440000000000000169e-01 6.239999999999999991e-01 6.229999999999999982e-01 6.229999999999999982e-01 -1.999975704258679099e-01 -1.999958166528715831e-01 1.999979330296539348e-01 1.999970232339239873e-01 -1.439233827699742119e-01 -1.392256096947270261e-01 1.470814581680252586e-01 -1.999976259031132353e-01 1.534773897249087082e-01 -1.999998241198821802e-01
8.000000000000000444e-01 7.720000000000000195e-01 7.179999999999999716e-01 6.850000000000000533e-01 6.590000000000000302e-01 6.570000000000000284e-01 6.400000000000000133e-01 6.310000000000000053e-01 6.229999999999999982e-01 6.229999999999999982e-01 -1.999991599697915345e-01 1.999990903545313392e-01 1.999992287117885736e-01 -1.489073211281965736e-01 -1.382268303776787444e-01 -1.329988239194223876e-01 1.395486083866180893e-01 1.495265911371268797e-01 -1.999983375839910205e-01 -1.999992894865806059e-01
7.510000000000000009e-01 7.159999999999999698e-01 6.850000000000000533e-01 6.570000000000000284e-01 5.989999999999999769e-01 5.799999999999999600e-01 5.500000000000000444e-01 5.260000000000000231e-01 5.020000000000000018e-01 4.670000000000000262e-01 -1.388925795487003789e-01 1.584468527199841270e-01 1.036148453557978605e-01 8.045083228311046553e-02 -9.609738582699184350e-02 -1.289774592247203422e-01 -9.282516014682051786e-02 -1.302957645271029252e-01 -1.470368855888022352e-01 5.321329921041580147e-02
8.000000000000000444e-01 8.000000000000000444e-01 7.640000000000000124e-01 7.089999999999999636e-01 6.730000000000000426e-01 6.590000000000000302e-01 6.380000000000000115e-01 6.320000000000000062e-01 6.310000000000000053e-01 6.310000000000000053e-01 -1.987066853297997648e-01 -1.999946598149681953e-01 1.999994404215538202e-01 -1.450894812838490755e-01 -1.419963669824236829e-01 1.394002704678997673e-01 -1.999993253435041474e-01 1.328615085543582985e-01 -1.999981867200152919e-01 1.999993077325863122e-01
7.510000000000000009e-01 7.169999999999999707e-01 6.850000000000000533e-01 6.570000000000000284e-01 5.979999999999999760e-01 5.629999999999999449e-01 5.500000000000000444e-01 5.220000000000000195e-01 4.929999999999999938e-01 4.570000000000000173e-01 -6.713037286192677366e-02 1.725932482235348897e-01 -5.560133555788229071e-02 1.934243083711101041e-01 1.404304706412522752e-01 -1.379446095935506489e-01 -1.650610386493358839e-01 1.451535801618563104e-01 -1.618939252922689531e-01 -5.866414937722921885e-02
8.000000000000000444e-01 7.900000000000000355e-01 7.700000000000000178e-01 7.359999999999999876e-01 6.850000000000000533e-01 6.790000000000000480e-01 6.570000000000000284e-01 6.380000000000000115e-01 6.370000000000000107e-01 6.370000000000000107e-01 -1.999934128699424885e-01 1.999993308704055284e-01 1.999988571239316171e-01 -1.501991202575635453e-01 1.432407597747986927e-01 -1.999996019344343623e-01 -1.340203384814919185e-01 1.583811332139945516e-01 -1.999996467950261592e-01 -1.310849128227757066e-01
7.710000000000000187e-01 7.399999999999999911e-01 7.159999999999999698e-01 6.850000000000000533e-01 6.570000000000000284e-01 5.989999999999999769e-01 5.799999999999999600e-01 5.500000000000000444e-01 5.140000000000000124e-01 4.779999999999999805e-01 1.046635403033127631e-01 -1.881121402036802781e-01 1.938627607456264723e-01 -7.566319724450053241e-02 6.099942885473933624e-02 1.095885824294683675e-01 -1.176235050236065366e-01 5.417666193899078886e-02 1.195541553964008241e-01 8.974269245316142396e-02
8.000000000000000444e-01 7.730000000000000204e-01 7.530000000000000027e-01 7.329999999999999849e-01 6.879999999999999449e-01 6.860000000000000542e-01 6.730000000000000426e-01 6.570000000000000284e-01 6.420000000000000151e-01 6.420000000000000151e-01 -1.999986342931588945e-01 1.950726726416448786e-01 1.999969820143801813e-01 1.999990177304644678e-01 -1.453426972193861966e-01 -1.406410403756638838e-01 1.375828744940689741e-01 -1.999997292046366282e-01 -1.999998802675032050e-01 1.472513982946717093e-01
8.000000000000000444e-01 7.730000000000000204e-01 7.510000000000000009e-01 7.169999999999999707e-01 6.959999999999999520e-01 6.570000000000000284e-01 6.510000000000000231e-01 6.510000000000000231e-01 6.440000000000000169e-01 6.440000000000000169e-01 -1.994428991171113830e-01 1.999985736365121058e-01 1.999999356470357759e-01 -1.503178638688853486e-01 -1.411471083135383275e-01 -1.378166513526937476e-01 1.449158184425476670e-01 1.457051863523976531e-01 -1.999992468347260299e-01 -1.999989157519836136e-01
8.000000000000000444e-01 7.730000000000000204e-01 7.249999999999999778e-01 7.069999999999999618e-01 6.740000000000000435e-01 6.590000000000000302e-01 6.550000000000000266e-01 6.500000000000000222e-01 6.500000000000000222e-01 6.500000000000000222e-01 -1.999449042877837757e-01 1.999998263110628893e-01 1.999981397688694873e-01 -1.488537423468572207e-01 -1.410175274387074074e-01 1.429535673778483951e-01 -1.999993241423018153e-01 -1.999978935019785242e-01 -1.291200364870616901e-01 1.469321324229263814e-01
8.000000000000000444e-01 7.870000000000000329e-01 7.710000000000000187e-01 7.159999999999999698e-01 6.979999999999999538e-01 6.730000000000000426e-01 6.670000000000000373e-01 6.590000000000000302e-01 6.560000000000000275e-01 6.550000000000000266e-01 -1.999124053468298579e-01 1.999978827270836590e-01 1.999986174706597231e-01 -1.476782737822744940e-01 -1.404640240237940430e-01 -1.998798937486881977e-01 -1.356335720063119310e-01 1.518506560611058431e-01 1.542575980036635930e-01 -1.999971637860284146e-01
8.000000000000000444e-01 7.970000000000000417e-01 7.590000000000000080e-01 7.249999999999999778e-01 6.959999999999999520e-01 6.770000000000000462e-01 6.610000000000000320e-01 6.600000000000000311e-01 6.570000000000000284e-01 6.560000000000000275e-01 -1.999986938985056639e-01 1.999975052730194602e-01 1.999999997610578673e-01 -1.505893439098041908e-01 -1.405582760615347593e-01 -1.371331488315875036e-01 1.515705469286849350e-01 1.497397653321414501e-01 -1.999977106574025443e-01 -1.999997255611946079e-01
8.000000000000000444e-01 8.000000000000000444e-01 7.870000000000000329e-01 7.750000000000000222e-01 7.329999999999999849e-01 6.850000000000000533e-01 6.760000000000000453e-01 6.660000000000000364e-01 6.630000000000000338e-01 6.620000000000000329e-01 -1.995964690347227233e-01 -1.998529768089672976e-01 1.999996680066691568e-01 1.999977508273826921e-01 1.999997861068607552e-01 1.394429403728502381e-01 -1.325290852419485077e-01 -1.385825576623311017e-01 -1.999986455504185190e-01 1.424477902256508499e-01
8.000000000000000444e-01 7.730000000000000204e-01 7.620000000000000107e-01 7.269999999999999796e-01 6.959999999999999520e-01 6.860000000000000542e-01 6.730000000000000426e-01 6.580000000000000293e-01 6.580000000000000293e-01 6.570000000000000284e-01 -1.999944565476755587e-01 1.999999505605543904e-01 1.999994012107901842e-01 -1.480434720605564303e-01 -1.432059632330101862e-01 -1.419974556856273551e-01 -1.999996916839576477e-01 -1.999983928631273444e-01 1.502937463438609456e-01 1.492979189302568455e-01
8.000000000000000444e-01 8.000000000000000444e-01 8.000000000000000444e-01 7.970000000000000417e-01 7.489999999999999991e-01 7.159999999999999698e-01 6.760000000000000453e-01 6.730000000000000426e-01 6.660000000000000364e-01 6.660000000000000364e-01 -1.999878605731458814e-01 1.999986722571470421e-01 -1.995608563507122180e-01 1.999999999252283223e-01 1.999993128546460330e-01 -1.447215552150945828e-01 -1.326163102195729582e-01 1.468825614548620040e-01 -1.999994254324670151e-01 1.532860289378831509e-01
7.570000000000000062e-01 7.249999999999999778e-01 6.959999999999999520e-01 6.730000000000000426e-01 6.420000000000000151e-01 5.989999999999999769e-01 5.789999999999999591e-01 5.500000000000000444e-01 5.140000000000000124e-01 4.580000000000000182e-01 7.656542411627327571e-02 7.710064070087531418e-02 -1.505674760412650248e-01 -6.085765933157571972e-02 1.158814820559758846e-01 -1.328882720949099150e-01 6.368842823020381960e-02 5.750539235875144067e-02 -1.689002775655424615e-01 1.925905185578161427e-01
7.510000000000000009e-01 7.159999999999999698e-01 6.959999999999999520e-01 6.590000000000000302e-01 5.989999999999999769e-01 5.799999999999999600e-01 5.500000000000000444e-01 5.380000000000000338e-01 5.140000000000000124e-01 4.779999999999999805e-01 5.078565295571055294e-02 1.230809191879339293e-01 -1.809816321124458061e-01 7.515261685657187440e-02 5.360820194470042321e-02 1.169508941303385174e-01 -9.229351603689156525e-02 -7.629044031406749526e-02 -6.279390873172759069e-02 1.197492333942758169e-01
8.000000000000000444e-01 8.000000000000000444e-01 7.750000000000000222e-01 7.359999999999999876e-01 7.159999999999999698e-01 6.899999999999999467e-01 6.730000000000000426e-01 6.690000000000000391e-01 6.660000000000000364e-01 6.660000000000000364e-01 -1.999895916631886095e-01 -1.982066126024529251e-01 1.999984816100076335e-01 1.999979721521942255e-01 -1.467939637999379210e-01 1.374229600107824689e-01 -1.396782030433922073e-01 1.388135437873854183e-01 -1.999982981579835895e-01 -1.999994224254757480e-01
8.000000000000000444e-01 7.830000000000000293e-01 7.469999999999999973e-01 7.079999999999999627e-01 6.939999999999999503e-01 6.730000000000000426e-01 6.700000000000000400e-01 6.700000000000000400e-01 6.700000000000000400e-01 6.700000000000000400e-01 -1.999395983963078438e-01 1.999980592422152259e-01 1.999986276235980742e-01 -1.481729671399296955e-01 -1.999984391764456082e-01 -1.999989005291587518e-01 1.465888180853695821e-01 -1.380904227514684335e-01 -1.383354506982944487e-01 1.473210848488955005e-01
7.510000000000000009e-01 7.159999999999999698e-01 6.850000000000000533e-01 6.570000000000000284e-01 6.420000000000000151e-01 5.989999999999999769e-01 5.799999999999999600e-01 5.380000000000000338e-01 5.140000000000000124e-01 4.600000000000000200e-01 1.376688836280552386e-01 1.146134272370997048e-01 1.656652244334116952e-01 8.141694404490305847e-02 -7.877522594762488561e-02 7.565520211491041924e-02 9.394300219887632974e-02 -9.346310582536571099e-02 1.867124184159499600e-01 -1.089905102193295255e-01
7.510000000000000009e-01 7.159999999999999698e-01 6.850000000000000533e-01 6.570000000000000284e-01 5.989999999999999769e-01 5.799999999999999600e-01 5.500000000000000444e-01 5.230000000000000204e-01 4.929999999999999938e-01 4.660000000000000253e-01 -1.583578824846157973e-01 1.393984255314121845e-01 -8.696655507228194526e-02 -1.488670588948316775e-01 -5.936396909658287618e-02 -7.517653691331657728e-02 1.437305725324816708e-01 1.902608365064467899e-01 9.896857317511811858e-02 7.049694513177738597e-02
8.000000000000000444e-01 7.990000000000000435e-01 7.760000000000000231e-01 7.479999999999999982e-01 7.159999999999999698e-01 6.979999999999999538e-01 6.899999999999999467e-01 6.730000000000000426e-01 6.720000000000000417e-01 6.710000000000000409e-01 -1.988399702200373542e-01 -1.995548965023059562e-01 1.999987013958207660e-01 1.999969235615199070e-01 1.339866235281085838e-01 -1.419519298789716777e-01 -1.417435498243247993e-01 -1.999993985613266190e-01 1.371707914081012891e-01 -1.999993909739133380e-01
7.590000000000000080e-01 7.339999999999999858e-01 7.069999999999999618e-01 6.850000000000000533e-01 6.570000000000000284e-01 6.179999999999999938e-01 5.799999999999999600e-01 5.500000000000000444e-01 5.140000000000000124e-01 4.689999999999999725e-01 1.645884726815042554e-01 -1.641415066964240499e-01 -1.676310064418750079e-01 6.859070301881409204e-02 1.003005476204714003e-01 7.566474557845062621e-02 1.398884591238866160e-01 9.968305250415565588e-02 1.535387995621523283e-01 1.973302391271760658e-01
7.459999999999999964e-01 7.069999999999999618e-01 6.730000000000000426e-01 6.440000000000000169e-01 5.989999999999999769e-01 5.799999999999999600e-01 5.500000000000000444e-01 5.260000000000000231e-01 5.020000000000000018e-01 4.590000000000000191e-01 1.032275446639338845e-01 -1.923026454520156414e-01 -8.218291459976130586e-02 6.826500452890775505e-02 1.043065845547652554e-01 1.237280251292940392e-01 9.581959256876412812e-02 -1.787174901588026998e-01 1.991027251569842671e-01 -1.776163351073647145e-01
8.000000000000000444e-01 7.880000000000000338e-01 7.530000000000000027e-01 7.279999999999999805e-01 6.959999999999999520e-01 6.879999999999999449e-01 6.850000000000000533e-01 6.820000000000000506e-01 6.780000000000000471e-01 6.780000000000000471e-01 -1.999990693586548851e-01 1.999964750441111105e-01 1.949276349865152191e-01 -1.471484477449530592e-01 -1.424289932489357646e-01 -1.351957199042431446e-01 -1.999998639918130483e-01 1.417698580493492733e-01 -1.999996634189973865e-01 1.480964115858482144e-01
8.000000000000000444e-01 7.680000000000000160e-01 7.159999999999999698e-01 6.989999999999999547e-01 6.929999999999999494e-01 6.860000000000000542e-01 6.840000000000000524e-01 6.840000000000000524e-01 6.840000000000000524e-01 6.840000000000000524e-01 -1.999959132976954768e-01 1.999988234197680737e-01 1.999968526769714261e-01 -1.485423622419288214e-01 -1.254061485153617761e-01 1.390939746430172597e-01 -1.995067293923230844e-01 -1.999995646930263771e-01 1.378173922919150585e-01 -1.372288363583140935e-01
8.000000000000000444e-01 7.399999999999999911e-01 7.089999999999999636e-01 7.049999999999999600e-01 7.039999999999999591e-01 6.929999999999999494e-01 6.879999999999999449e-01 6.870000000000000551e-01 6.870000000000000551e-01 6.870000000000000551e-01 -1.996782364115309849e-01 1.995537203070368859e-01 -1.445281768375653031e-01 -1.380687417868550482e-01 1.999999711638544286e-01 -1.999991760118614847e-01 1.311706446839682738e-01 -1.409830470058991425e-01 -1.999989636653468350e-01 1.302552638022271836e-01
7.570000000000000062e-01 7.159999999999999698e-01 6.850000000000000533e-01 6.570000000000000284e-01 5.989999999999999769e-01 5.799999999999999600e-01 5.500000000000000444e-01 5.380000000000000338e-01 5.140000000000000124e-01 4.749999999999999778e-01 1.665749177701953410e-01 -7.073497299665248983e-02 1.111873002365812713e-01 -1.953750417629006308e-01 8.094828295483402769e-02 1.922168586854539063e-01 8.718672431070507989e-02 -1.945082448355229532e-01 -1.407611012301591968e-01 5.571073939726576413e-02
8.000000000000000444e-01 7.990000000000000435e-01 7.990000000000000435e-01 7.790000000000000258e-01 7.459999999999999964e-01 7.159999999999999698e-01 6.959999999999999520e-01 6.889999999999999458e-01 6.860000000000000542e-01 6.850000000000000533e-01 -1.993059601764928523e-01 1.999983330124094905e-01 -1.999995293770304994e-01 1.999960317475257543e-01 -1.468019017196263432e-01 -1.432862176260732701e-01 1.451927661066911290e-01 -1.996070120549696125e-01 -1.999978122252198676e-01 1.510497739074465606e-01
7.459999999999999964e-01 7.159999999999999698e-01 6.850000000000000533e-01 6.570000000000000284e-01 5.969999999999999751e-01 5.799999999999999600e-01 5.610000000000000542e-01 5.380000000000000338e-01 5.140000000000000124e-01 4.739999999999999769e-01 -9.918663318398390771e-02 8.486390629641020478e-02 1.410042585448211261e-01 9.889229532500969089e-02 8.380959872154240820e-02 1.620194962367013936e-01 1.766943581208523795e-01 -1.848302060281410419e-01 -1.367298625212789442e-01 -8.772854585814257589e-02
7.510000000000000009e-01 7.249999999999999778e-01 6.959999999999999520e-01 6.730000000000000426e-01 6.400000000000000133e-01 5.989999999999999769e-01 5.629999999999999449e-01 5.260000000000000231e-01 5.020000000000000018e-01 4.550000000000000155e-01 -1.387044904758881481e-01 -1.840475355228330945e-01 9.864945694054394476e-02 5.797278414491718879e-02 1.590111691591388487e-01 -6.937004114880183925e-02 1.322006315375646723e-01 1.946729703941640355e-01 -1.592013664003449347e-01 -1.271096103349765027e-01
8.000000000000000444e-01 8.000000000000000444e-01 7.710000000000000187e-01 7.469999999999999973e-01 7.189999999999999725e-01 6.959999999999999520e-01 6.949999999999999512e-01 6.949999999999999512e-01 6.939999999999999503e-01 6.919999999999999485e-01 -1.963577763016313427e-01 -1.950705334969375093e-01 1.999993286363980494e-01 1.999953665307726280e-01 -1.415605545833197032e-01 -1.999999072174375447e-01 -1.999986990114177021e-01 -1.398508174967745266e-01 1.377774014184816598e-01 1.399242659783976606e-01
8.000000000000000444e-01 7.930000000000000382e-01 7.710000000000000187e-01 7.570000000000000062e-01 7.219999999999999751e-01 7.069999999999999618e-01 6.999999999999999556e-01 6.949999999999999512e-01 6.949999999999999512e-01 6.949999999999999512e-01 -1.999997946308512409e-01 1.999986525986967578e-01 1.999998971460775488e-01 -1.549329372200475008e-01 -1.430041191708072423e-01 -1.999983531270245196e-01 -1.391058446239976654e-01 -1.999999844824623674e-01 1.458453072727931565e-01 1.438263898164931498e-01
7.510000000000000009e-01 7.159999999999999698e-01 6.850000000000000533e-01 6.570000000000000284e-01 5.989999999999999769e-01 5.799999999999999600e-01 5.629999999999999449e-01 5.380000000000000338e-01 5.140000000000000124e-01 4.650000000000000244e-01 -1.866911631331668320e-01 1.359653351159205992e-01 -1.689819038199751322e-01 1.585678548129397236e-01 1.165996007814136121e-01 7.568226239327670302e-02 1.221477408586970348e-01 -1.751495920536923767e-01 -1.244681765684931829e-01 1.506034306175322857e-01
8.000000000000000444e-01 8.000000000000000444e-01 8.000000000000000444e-01 7.990000000000000435e-01 7.940000000000000391e-01 7.510000000000000009e-01 7.179999999999999716e-01 7.069999999999999618e-01 6.999999999999999556e-01 6.999999999999999556e-01 1.999998683406372102e-01 -1.997652704237627697e-01 -1.942158709748636192e-01 -5.798753186648451102e-02 1.985775495119425915e-01 1.999951561712047243e-01 -1.372958826567877988e-01 -1.999994522715390355e-01 1.459599738132592028e-01 -1.376395019490101179e-01
8.000000000000000444e-01 7.790000000000000258e-01 7.530000000000000027e-01 7.319999999999999840e-01 7.169999999999999707e-01 7.069999999999999618e-01 6.999999999999999556e-01 6.999999999999999556e-01 6.999999999999999556e-01 6.999999999999999556e-01 -1.999971303265535849e-01 1.999974887552047609e-01 1.998996199867272006e-01 -1.482009019869242883e-01 -1.429946303942887798e-01 -1.999966464512385744e-01 -1.999984652276906860e-01 -1.368031958886687383e-01 1.375656683496095656e-01 1.430431463867275488e-01
8.000000000000000444e-01 8.000000000000000444e-01 7.640000000000000124e-01 7.399999999999999911e-01 7.309999999999999831e-01 7.109999999999999654e-01 7.059999999999999609e-01 7.039999999999999591e-01 7.039999999999999591e-01 7.039999999999999591e-01 -1.986379904711524924e-01 -1.974535567070270226e-01 1.999993083238454095e-01 -1.470740121581786963e-01 1.999998000863899561e-01 1.269769448716167870e-01 -1.999987575941524487e-01 -1.376319866729501240e-01 -1.999984014081774286e-01 1.332884450746289751e-01
7.570000000000000062e-01 7.159999999999999698e-01 6.850000000000000533e-01 6.570000000000000284e-01 6.179999999999999938e-01 5.799999999999999600e-01 5.500000000000000444e-01 5.260000000000000231e-01 4.929999999999999938e-01 4.520000000000000129e-01 9.358747823281764189e-02 -1.929115663607624542e-01 -1.302592793620423184e-01 -1.720182336505822751e-01 -1.068066063849992670e-01 1.541780451884144365e-01 1.621962272678536821e-01 1.266617575011386443e-01 -1.549434596728122837e-01 5.027687933015750205e-02
7.570000000000000062e-01 7.159999999999999698e-01 6.850000000000000533e-01 6.490000000000000213e-01 5.989999999999999769e-01 5.799999999999999600e-01 5.500000000000000444e-01 5.260000000000000231e-01 4.899999999999999911e-01 4.520000000000000129e-01 1.356429892465149667e-01 1.343217235659310282e-01 -1.837677018921982652e-01 1.240601011644067442e-01 -9.023017017013421071e-02 1.081452966036916125e-01 1.624325125263274827e-01 1.074961892830580412e-01 1.860426474891357096e-01 9.009772803730843604e-02
8.000000000000000444e-01 7.920000000000000373e-01 7.720000000000000195e-01 7.640000000000000124e-01 7.459999999999999964e-01 7.249999999999999778e-01 7.159999999999999698e-01 7.129999999999999671e-01 7.099999999999999645e-01 7.089999999999999636e-01 -1.990177242143557068e-01 -1.998539989005687911e-01 1.994142446324907725e-01 1.999991105167178151e-01 1.999972671687349213e-01 -1.463791282186427678e-01 1.290161380170406769e-01 1.325145900572315405e-01 -1.416154010812531172e-01 -1.999987656228513488e-01
8.000000000000000444e-01 7.990000000000000435e-01 7.830000000000000293e-01 7.620000000000000107e-01 7.510000000000000009e-01 7.279999999999999805e-01 7.189999999999999725e-01 7.159999999999999698e-01 7.149999999999999689e-01 7.149999999999999689e-01 -1.999986936400817705e-01 -1.914260868128737081e-01 -5.075406010606580559e-02 1.999995828265334064e-01 1.999995555324169394e-01 -1.474120879938522199e-01 1.319217322601563547e-01 -1.999990538399324114e-01 -1.386390183844244395e-01 -1.999981064389075025e-01
8.000000000000000444e-01 8.000000000000000444e-01 7.970000000000000417e-01 7.760000000000000231e-01 7.459999999999999964e-01 7.249999999999999778e-01 7.229999999999999760e-01 7.209999999999999742e-01 7.189999999999999725e-01 7.189999999999999725e-01 1.999989531391841158e-01 -1.999893177415737189e-01 -1.993323909093968893e-01 1.999959841949114636e-01 -1.498715411232016959e-01 1.351500516094722160e-01 1.389942508893705075e-01 -1.999987199482581024e-01 -1.434144667149059860e-01 -1.999975453544869941e-01
7.510000000000000009e-01 7.159999999999999698e-01 6.959999999999999520e-01 6.570000000000000284e-01 5.989999999999999769e-01 5.799999999999999600e-01 5.629999999999999449e-01 5.380000000000000338e-01 5.140000000000000124e-01 4.939999999999999947e-01 -5.943113104363258181e-02 1.550331767209582601e-01 1.352852895245679476e-01 1.559486493424095399e-01 -1.048478245368346801e-01 -1.615714282882989017e-01 9.675350944232539996e-02 1.634613108447300622e-01 1.513722548263681522e-01 -1.959114661939599100e-01
7.570000000000000062e-01 7.159999999999999698e-01 6.850000000000000533e-01 6.570000000000000284e-01 6.420000000000000151e-01 5.989999999999999769e-01 5.629999999999999449e-01 5.260000000000000231e-01 4.929999999999999938e-01 4.520000000000000129e-01 -6.902869199020268687e-02 -1.107339022938229611e-01 -7.204496738094705310e-02 -1.654097659465105230e-01 -1.241627409760222983e-01 1.132229050988892705e-01 1.527532588691729865e-01 -8.580097615190876437e-02 -5.476347195915155786e-02 -1.865832493942992942e-01
8.000000000000000444e-01 8.000000000000000444e-01 7.980000000000000426e-01 7.710000000000000187e-01 7.510000000000000009e-01 7.449999999999999956e-01 7.329999999999999849e-01 7.299999999999999822e-01 7.279999999999999805e-01 7.279999999999999805e-01 -1.967280008988482320e-01 -1.994688204715271695e-01 1.999995904794385493e-01 -5.012417868058524628e-02 -1.500037040422181611e-01 1.989733183242933801e-01 -1.999965584474738267e-01 -1.472689213799903418e-01 1.303647116411980333e-01 -1.999957021205356622e-01
8.000000000000000444e-01 7.990000000000000435e-01 7.820000000000000284e-01 7.600000000000000089e-01 7.459999999999999964e-01 7.379999999999999893e-01 7.359999999999999876e-01 7.349999999999999867e-01 7.349999999999999867e-01 7.349999999999999867e-01 -1.999829762256558063e-01 -1.986537809068070481e-01 1.999971890351619486e-01 1.992202577526625273e-01 -1.998301589413416235e-01 1.243663598300777245e-01 -1.418504033182580726e-01 -1.459414818587607687e-01 1.330955725123570133e-01 -1.999997645066901031e-01
7.510000000000000009e-01 7.249999999999999778e-01 6.959999999999999520e-01 6.570000000000000284e-01 5.989999999999999769e-01 5.799999999999999600e-01 5.500000000000000444e-01 5.330000000000000293e-01 5.140000000000000124e-01 4.719999999999999751e-01 8.654485641515273497e-02 -6.740354724614718018e-02 1.226877524209470383e-01 -1.973594772848033529e-01 1.579387066180593380e-01 9.284647847797204701e-02 -8.533876706269349910e-02 5.287770291094751052e-02 1.473697520146649564e-01 -8.571877691766362217e-02
7.640000000000000124e-01 7.329999999999999849e-01 7.159999999999999698e-01 6.850000000000000533e-01 6.570000000000000284e-01 5.989999999999999769e-01 5.629999999999999449e-01 5.380000000000000338e-01 5.140000000000000124e-01 4.709999999999999742e-01 -1.522049743464875260e-01 -5.497421706202448161e-02 -1.971286287021237205e-01 1.821946053180871494e-01 1.395998935608315228e-01 -1.062557406228561568e-01 -1.775331786135178613e-01 -1.494929344089735990e-01 1.249816722655025802e-01 -1.882971154268759106e-01
8.000000000000000444e-01 8.000000000000000444e-01 7.800000000000000266e-01 7.740000000000000213e-01 7.640000000000000124e-01 7.600000000000000089e-01 7.570000000000000062e-01 7.540000000000000036e-01 7.530000000000000027e-01 7.530000000000000027e-01 -1.814802294295576879e-01 -1.999949453148435474e-01 1.999991432397073554e-01 1.999998000426886358e-01 -1.551008235343538932e-01 -1.999988920633672951e-01 1.241446207556116954e-01 1.232360844414377571e-01 -1.471847212342201339e-01 -1.999996157900847393e-01
