7.677420612074725703e-01 5.689294229856592011e+01
6.776662638972392738e-01 5.628302622361608343e+01
7.747532133854488912e-01 5.399544420356355801e+01
7.659097147856112064e-01 5.000833155244968964e+01
7.653462498330390051e-01 4.768012554637061839e+01
8.683078654826947851e-01 4.489668415197886731e+01
1.045162974168726500e+00 4.320761531192177074e+01
8.302581021910395709e-01 4.329896062374331223e+01
1.080471221705787244e+00 4.225283174200873049e+01
1.013166535528319478e+00 4.199172493906777959e+01
1.090156759329824254e+00 4.079344847062626656e+01
1.102751257390038653e+00 4.048697405423867224e+01
1.387222068439236899e+00 3.966252129910002111e+01
1.157134357992602780e+00 3.893042799594896763e+01
1.308505292376317630e+00 3.824158293796952535e+01
1.402624587929281574e+00 3.725121448602457264e+01
1.492791666976272857e+00 3.666492202887351937e+01
1.630655615154637417e+00 3.590870707318486410e+01
1.769719627268461881e+00 3.524835288383815879e+01
1.677390797864299010e+00 3.420418571417703646e+01
1.486566534544314644e+00 3.367822574692666393e+01
5.543025144699894824e+00 3.448473775201993874e+01
6.250326808579762528e+00 3.351802335297227842e+01
9.398220751877889967e+00 3.398985621016655756e+01
1.940715151477099942e+00 3.070176633202350658e+01
1.032063828689459584e+01 3.373802476173798937e+01
1.906479879153879065e+00 2.924654255196067965e+01
1.883880368384591497e+00 2.841933719018845750e+01
2.183126431419299962e+00 2.727361731018292446e+01
2.094646375269534566e+00 2.698048530106837362e+01
2.105057434425416041e+00 2.624157769420205355e+01
2.076471560239508740e+00 2.547864813502353698e+01
1.905483739172333379e+00 2.472933501108725807e+01
2.259218868263938251e+00 2.399569177665109265e+01
1.181332008326687344e+01 3.441316604837481918e+01
2.374832887079092902e+00 2.246880004619912796e+01
8.313107418089517253e+00 3.360455392523061136e+01
1.166712047073916025e+01 3.391804029504538676e+01
2.038171385788749124e+00 2.020488899077774647e+01
2.408755978483578808e+00 1.930706027721922879e+01
1.002293177842148886e+01 3.378009083758902875e+01
2.353487167287146242e+00 1.790407668755347714e+01
8.984583208162685963e+00 3.445244362120520520e+01
2.757853035970583289e+00 1.641654723531608440e+01
1.114098688108629531e+01 3.354119328724647886e+01
2.819469259120349403e+00 1.479891747937949020e+01
2.654041459818212711e+00 1.422172331666198275e+01
2.770406390435685928e+00 1.337417219379515032e+01
2.832468575670170630e+00 1.270904009370070753e+01
2.794845666328231282e+00 1.191862311158575771e+01
2.914437886039211278e+00 1.164399744672830117e+01
2.913975012763733830e+00 1.138194988037016664e+01
2.936569827070059091e+00 1.106055382503108575e+01
8.885728064388640490e+00 3.435336924917840662e+01
1.596563353599474411e+01 3.371977928656677648e+01
2.816939541282869719e+00 1.019213070130023979e+01
3.175563479662716571e+00 9.733810646097232677e+00
1.444563449710135572e+01 3.443773886653562499e+01
1.067595716601181266e+01 3.388387938226493645e+01
2.985219676457027571e+00 8.906101462162634874e+00
1.292866750548714450e+01 3.408986853831957120e+01
7.745772782359749087e+00 3.461085330329385812e+01
3.331298753555961945e+00 8.091286399580770450e+00
3.419971739020060575e+00 7.773037896245785561e+00
3.657927300076067034e+00 7.456968818359681173e+00
7.834042529690947276e+00 3.366894145721563092e+01
3.273525331573418740e+00 6.827341378029498031e+00
8.640409274746222223e+00 3.381787604625198185e+01
7.667750772288963290e+00 3.457711035032650670e+01
3.367293620278487776e+00 5.910574384360994138e+00
3.701260821734817963e+00 5.661323479333418618e+00
7.951408673071107103e+00 3.384178127649539647e+01
4.063884910701959008e+00 5.085614324276114928e+00
3.813586326490968847e+00 4.757579641274956472e+00
3.770343262508879967e+00 4.477235378522138376e+00
9.544006946075665354e+00 3.443495081107256084e+01
1.364206647404786210e+01 3.480369485895843695e+01
4.242278922818949027e+00 3.576942221091427676e+00
4.266311339667242741e+00 3.277413442195376003e+00
4.190563801589378912e+00 2.990947009649726596e+00
8.660884486621867495e+00 3.301521168574495846e+01
7.497499070585334380e+00 3.462466726520607807e+01
4.733843573204403299e+00 2.096519606150695214e+00
4.890986594236233387e+00 1.773383376564505065e+00
1.175675165333940342e+01 3.391620589300032407e+01
5.139496276068882707e+00 3.386205491515294597e+01
5.918640449238794510e+00 8.923315569067979958e-01
