0.000000000000000000e+00 0.000000000000000000e+00 2.296993662757882859e+01 5.478148324497486676e+00 8.074562695872297136e-01 1.291930031339564700e+01 1.151880207852905291e-01 1.371675302037579947e+01 9.015972234563301990e-02 0.000000000000000000e+00
0.000000000000000000e+00 0.000000000000000000e+00 2.296993662757882859e+01 1.499305447802980362e+00 1.623155059110367304e+01 2.073384374135263108e+00 1.247782048950314504e+01 2.028593752776778891e-01 2.816931821451420376e-02 0.000000000000000000e+00
0.000000000000000000e+00 0.000000000000000000e+00 2.264867877264765994e+01 1.156497979616135829e+01 1.668713656943038304e+00 3.708252570984431618e-01 7.396841821471086043e+00 9.432727626383925923e+00 1.126772728580539701e-01 0.000000000000000000e+00
0.000000000000000000e+00 0.000000000000000000e+00 2.264867877264765994e+01 9.738930354662191036e+00 8.528980913264396335e+00 2.303760415705865816e-01 4.778739761937365493e+00 3.198117753723956902e+00 5.633863642902555563e-02 2.816931821451420376e-02
0.000000000000000000e+00 0.000000000000000000e+00 1.748151827648754875e+01 1.014471911943979343e+01 5.854057954507401185e+00 5.585370354988364205e+00 6.194662654363266796e+00 1.304238158374515510e+00 3.155590282097225918e-01 0.000000000000000000e+00
0.000000000000000000e+00 0.000000000000000000e+00 3.381570501985289856e-01 1.390262477106488781e+01 1.785470565021402933e+01 1.660515510942497830e+00 4.377144789841122652e+00 5.229718670366303890e+00 7.212777787650826999e-01 2.253993058640709965e-02
0.000000000000000000e+00 2.817778478801495345e-01 1.108013400696982309e+01 8.621006324867126480e+00 9.130247207495807871e+00 3.321031021884981449e+00 5.644213018479357302e+00 3.683199665040759463e+00 5.634982646602215706e-01 8.450795464353974551e-02
0.000000000000000000e+00 0.000000000000000000e+00 1.016647646055623611e+01 6.103899243692267440e+00 1.744891688543642871e+01 2.764512498847028432e+00 2.870830147160327250e+00 2.896408531674526277e+00 1.352395835184519446e-01 1.126772728580539701e-01
0.000000000000000000e+00 0.000000000000000000e+00 9.862224675805235374e-02 9.785806047879950231e-01 1.509911918176509893e+01 8.724458442718223239e+00 1.001228194165819296e+01 2.389369880968676529e+00 1.934995908035534784e+00 2.221403535316957445e+00
0.000000000000000000e+00 0.000000000000000000e+00 3.240445250621719619e-01 7.918121089471683582e+00 9.183245867793221606e+00 1.541997306154847891e+01 2.649324478061731991e+00 3.486008035837539154e+00 1.897448853083236298e+00 3.155590282097203159e-01
0.000000000000000000e+00 8.397165557470159802e-01 8.630841226481758000e+00 8.246179962916372119e+00 8.521564060329424706e+00 8.604489465792898528e+00 2.870830147160329915e+00 1.943728093402335766e+00 3.380989587961319986e-01 0.000000000000000000e+00
0.000000000000000000e+00 3.240445250621719619e-01 5.598205151016202308e+00 7.067672808485777836e+00 1.014471911943979343e+01 7.416505141969031101e+00 4.031580727485247095e+00 3.503911509145426706e+00 1.465095488116571643e+00 1.352395835184518336e-01
0.000000000000000000e+00 7.987547725398453924e-01 6.354047787847646234e+00 5.622012461295495811e+00 4.123089981458203823e+00 1.257945170810533497e+01 2.764512498847022215e+00 1.592913253979127308e+00 3.660803069256409970e+00 1.374935765770937124e+00
0.000000000000000000e+00 1.408889239400747811e-02 3.522469272901332382e-01 5.358282073115510968e+00 1.274409630632529655e+01 9.333141589884608180e+00 4.528678666206795711e+00 3.362816869511478401e+00 1.371404130600284210e+00 1.117672540620856747e+00
0.000000000000000000e+00 8.192356641434295206e-01 4.238641042912274060e+00 7.710188518348124020e+00 5.478148324497486676e+00 1.130438777422120467e+01 3.340452602773486213e+00 3.280948739611802889e+00 6.016301241483440476e-01 7.139501473133811338e-01
0.000000000000000000e+00 5.061278806748891190e-01 3.400694584724338831e+00 5.918939258968219264e+00 6.934287696088770936e+00 1.176787417855016926e+01 4.031580727485247095e+00 1.708827468547813977e+00 1.684867931880351444e+00 5.660147591047717253e-01
0.000000000000000000e+00 8.397165557470159802e-01 4.078692324311806949e+00 3.991842756048321839e+00 3.533836404242896911e+00 1.197076856093896247e+01 7.849709688091770055e+00 2.324005357225025659e+00 1.267178732607606495e+00 1.231716496601109601e-01
5.635556957602991246e-02 1.408889239400747811e-02 7.782738809362590438e-01 2.681316884109574694e+00 5.918939258968219264e+00 1.379681800243811196e+01 4.635315713730645548e+00 3.686016665129368874e+00 2.665770850934586989e+00 1.025811354968063638e+00
0.000000000000000000e+00 9.862224675805235374e-02 4.904847958737026836e+00 3.498989686411535960e+00 4.979496751433149626e+00 1.257945170810534385e+01 3.170075066344764991e+00 4.722708852197006202e+00 5.229718670366314548e-01 2.091887468146525764e-01
0.000000000000000000e+00 1.408889239400747673e-01 1.325721141859882657e+00 4.887729067575113717e+00 6.425157098623431651e+00 1.582576182632608131e+01 2.764512498847022215e+00 7.079614462129454333e-01 8.885902836448625886e-01 6.798634271476221569e-01
0.000000000000000000e+00 0.000000000000000000e+00 2.536000630921346199e-01 1.993559157693120643e+00 3.616919510005580207e+00 6.746414953554613625e+00 1.663733935588125590e+01 3.916392706699955539e+00 0.000000000000000000e+00 0.000000000000000000e+00
1.229498708579787714e+00 2.288929047410615425e+00 3.615622675958567456e+00 4.497609969036408195e+00 8.318669677940642160e+00 6.674854627772126570e+00 3.455640623558782210e+00 1.640474369805899668e+00 1.293038180280269511e+00 7.683998716768379866e-01
1.229498708579787714e+00 1.416790238106157895e+00 2.834882859193569971e+00 3.165944254796946744e+00 1.766918202121448456e+00 1.278234609049412640e+01 2.868163155264311648e+00 3.455640623558782210e+00 2.460711554708850723e+00 9.051276661482897667e-01
1.229498708579787714e+00 3.518871809210187607e+00 2.565925770035105913e+00 4.497609969036408195e+00 1.176787417855016038e+01 2.868163155264311648e+00 1.958196353349983321e+00 2.212379519415439866e+00 1.255132480887915403e+00 1.448204265837261584e+00
0.000000000000000000e+00 2.817778478801495623e-02 1.179315087821430019e+00 3.518871809210187607e+00 1.274409630632529655e+01 1.826049441499149939e+00 4.239145415332960631e+00 3.337427313886058844e+00 3.019119110804535211e+00 3.455640623558771107e-01
8.806783389541884555e-01 2.681316884109574694e+00 1.955091627030047130e+00 6.264528171157841996e+00 1.176787417855016038e+01 2.868163155264311648e+00 3.455640623558782210e+00 1.640474369805899668e+00 9.012084286801875788e-01 6.710489846269983572e-01
0.000000000000000000e+00 0.000000000000000000e+00 1.603197659923576879e+00 3.278948731309495379e+00 4.542441756882577231e+00 5.997221791211903685e+00 1.034761350182859374e+01 1.962427422022951617e+00 3.019119110804535655e-01 7.547797777011301390e-01
0.000000000000000000e+00 0.000000000000000000e+00 2.958667402741570474e-01 4.120072285339108298e+00 5.918939258968219264e+00 5.809808610236525617e+00 7.709986530774258995e+00 9.270631427461167862e-01 2.595776799689163639e+00 6.038238221609071310e-01
0.000000000000000000e+00 3.240445250621719619e-01 1.317874361027954411e+00 1.700347292362169416e+00 3.382356696864459611e+00 4.658238896502014725e+00 1.197076856093894115e+01 3.321031021884988554e+00 0.000000000000000000e+00 1.509559555402303632e-01
0.000000000000000000e+00 1.690667087280897374e-01 3.432991730795689200e+00 4.548686592334975742e+00 4.176352114105243984e+00 5.072359559719906485e+00 5.854057954507401185e+00 1.854126285492304349e-01 2.966602056787607022e+00 1.509559555402303632e-01
0.000000000000000000e+00 3.099556326681645047e-01 4.054674312555945903e+00 1.661827882975542403e+00 6.264528171157841996e+00 1.075340226660617482e+01 3.708252570984608698e-01 1.483301028393807952e+00 9.270631427461167862e-01 0.000000000000000000e+00
0.000000000000000000e+00 9.862224675805235374e-02 4.386441632515704625e-01 3.139102693591703019e+00 3.965521644599718343e+00 1.339102923766051134e+01 1.816776606571271602e+00 1.483301028393807952e+00 5.562378856476735134e-01 1.854126285492304349e-01
0.000000000000000000e+00 0.000000000000000000e+00 5.736115980982078311e-01 2.125185357159239175e+00 2.932637440545065921e+00 5.140125678898739281e+00 8.927352825107025325e+00 4.441009482729754154e+00 1.854126285492304349e-01 0.000000000000000000e+00
0.000000000000000000e+00 1.408889239400747673e-01 1.356551866089183100e+00 3.119000012709028269e+00 8.031446373279290896e+00 2.998610895605960724e+00 1.623155059110368503e+00 4.844737617523378503e+00 1.483301028393807952e+00 0.000000000000000000e+00
8.806783389541884555e-01 1.634757967045566751e+00 3.030392021896570753e+00 6.264528171157841996e+00 8.521564060329424706e+00 2.966602056787615904e+00 5.434414399448162847e+00 2.212379519415439866e+00 1.255132480887915403e+00 1.538717032452090017e+00
0.000000000000000000e+00 0.000000000000000000e+00 3.977911053144215003e+00 2.737128277842066026e+00 1.166329895470504585e+00 9.558072229743958204e+00 3.246310118220737007e+00 4.037281347936245157e-01 8.074562695872297136e-01 2.018640673967930232e-01
8.601974473506023289e-01 1.132704066871087933e+00 1.999358982505790694e+00 2.682558759582159613e+00 4.497609969036408195e+00 1.176787417855016038e+01 5.434414399448162847e+00 2.212379519415439866e+00 1.255132480887915403e+00 1.116324121582891848e+00
8.806783389541884555e-01 2.681316884109574694e+00 3.615622675958567456e+00 4.497609969036408195e+00 1.176787417855016038e+01 2.868163155264311648e+00 2.418948436491139553e+00 1.858398796308979861e+00 1.830401534628208537e+00 8.330263257438572655e-01
0.000000000000000000e+00 0.000000000000000000e+00 1.268000315460673100e-01 6.758694229183316304e-01 6.060784043793141507e+00 6.103899243692267440e+00 2.623784533655205919e+00 4.057887647775920925e+00 2.018640673968122579e-01 0.000000000000000000e+00
0.000000000000000000e+00 3.945165585649504369e-01 3.531490530290656515e+00 3.848888655052675301e+00 4.176352114105243984e+00 3.748263619507360978e-01 3.186024076581337461e+00 1.826049441499169257e+00 1.614912539174459427e+00 0.000000000000000000e+00
1.229498708579787714e+00 2.288929047410615425e+00 3.615622675958567456e+00 4.497609969036408195e+00 1.176787417855016038e+01 2.868163155264311648e+00 3.455640623558782210e+00 1.640474369805899668e+00 9.403914038401967046e-01 8.098867055843050888e-01
0.000000000000000000e+00 0.000000000000000000e+00 6.073534568098660769e-01 4.398589761512732288e+00 4.955391007508276324e+00 2.248804984518204098e+00 3.935676800482809767e+00 1.217366294332785870e+00 2.028943823888008924e-01 0.000000000000000000e+00
1.229498708579787714e+00 2.223531074627453474e+00 3.732255665505621600e+00 4.497609969036408195e+00 1.197076856093896247e+01 5.283458443907933066e+00 1.150437350096025879e+00 1.913886764773550020e+00 1.136306279640236561e+00 6.286908040992306157e-01
0.000000000000000000e+00 1.408889239400747673e-01 3.374185871165932826e-01 1.540477530944681872e+00 5.948282466899588172e+00 8.258985012513749835e-01 3.533836404242896911e+00 3.560850438532073170e+00 2.028943823888008924e-01 0.000000000000000000e+00
4.086064356565546896e-01 1.167260148339045456e+00 1.569551346795851510e+00 3.615622675958567456e+00 4.497609969036408195e+00 1.176787417855016038e+01 2.868163155264311648e+00 3.455640623558782210e+00 2.460711554708850723e+00 1.086153199377948075e+00
0.000000000000000000e+00 3.804266814733446855e-01 5.018362075835874903e-01 9.061632534968685482e-01 5.248484529617298833e+00 2.752995004171077120e-01 1.789446752711330468e+00 2.570062839449369640e+00 2.811197714630583100e+00 0.000000000000000000e+00
0.000000000000000000e+00 3.804266814733446855e-01 5.520198283419449625e-01 2.223531074627453474e+00 2.052846208381551740e+00 6.264528171157841996e+00 1.124479085852244209e+00 0.000000000000000000e+00 1.311892266827602960e+00 0.000000000000000000e+00
0.000000000000000000e+00 3.804266814733446855e-01 2.615612747272906269e+00 1.439538467404171573e+00 4.542441756882577231e+00 2.409433911983795085e+00 7.496527239014901811e-01 9.370659048768670285e-01 0.000000000000000000e+00 0.000000000000000000e+00
0.000000000000000000e+00 1.831556011220971947e-01 2.254380334656859719e-01 3.596888503073824239e+00 1.759582464327037465e+00 3.441243755214080657e+00 9.637735647935117278e-01 1.499305447802980362e+00 5.622395429261131117e-01 1.874131809753769862e-01
0.000000000000000000e+00 4.226667718202243434e-02 7.782738809362590438e-01 1.852725695984976273e+00 2.834882859193569971e+00 2.615345253962692240e+00 2.570062839449369640e+00 1.874131809753769862e-01 5.622395429261131117e-01 1.874131809753769862e-01
0.000000000000000000e+00 0.000000000000000000e+00 1.831556011220971947e-01 1.690785250992644928e-01 1.902942832343431201e+00 5.598383498258437285e+00 1.238847751877062642e+00 1.606289274655873234e+00 4.818867823967558639e-01 1.874131809753769862e-01
0.000000000000000000e+00 3.804266814733446855e-01 2.252898076394431737e-01 1.907217628219829875e+00 3.030392021896570753e+00 1.166329895470493705e+00 1.789446752711330468e+00 2.409433911983795085e+00 0.000000000000000000e+00 1.874131809753591116e-01
0.000000000000000000e+00 0.000000000000000000e+00 0.000000000000000000e+00 4.226667718202243434e-02 1.479874763006381322e+00 2.158133101844291524e+00 5.505990008342518394e+00 4.818867823967712405e-01 1.124402492259102049e+00 0.000000000000000000e+00
8.806783389541884555e-01 1.743741831515268847e+00 2.834882859193569971e+00 3.165944254796946744e+00 5.809808610236525617e+00 8.724458442718223239e+00 3.019119110804535211e+00 3.340452602773491542e+00 2.460711554708850723e+00 1.689571643476804219e+00
1.229498708579787714e+00 2.288929047410615425e+00 1.955091627030047130e+00 5.943270316226676009e+00 1.217366294332774146e+01 2.868163155264311648e+00 3.455640623558782210e+00 8.202371849029481687e-01 1.255132480887915403e+00 1.086153199377948075e+00
0.000000000000000000e+00 0.000000000000000000e+00 3.522469272901332382e-01 1.767018344318901146e+00 1.307959455663209480e+00 3.032457728223320714e+00 2.340045753545572094e+00 6.425157098623462959e-01 4.818867823967558639e-01 0.000000000000000000e+00
0.000000000000000000e+00 2.395111706981271071e-01 1.109906072254786213e+00 3.119000012709028269e+00 1.632861853658708506e+00 2.890644754379826598e+00 4.818867823967558639e-01 0.000000000000000000e+00 0.000000000000000000e+00 0.000000000000000000e+00
1.229498708579787714e+00 2.288929047410615425e+00 3.615622675958567456e+00 4.497609969036408195e+00 2.811197714630583100e+00 8.724458442718223239e+00 2.868163155264311648e+00 4.837896872982296870e+00 1.255132480887915403e+00 1.629229799066918449e+00
1.229498708579787714e+00 2.288929047410615425e+00 3.615622675958567456e+00 4.497609969036408195e+00 1.176787417855016038e+01 2.868163155264311648e+00 3.455640623558782210e+00 1.845533666031639042e+00 1.175489254800244021e+00 4.715181030744227675e-01
0.000000000000000000e+00 1.408889239400747811e-02 3.240671731069232342e-01 8.632602784203859958e-01 2.092735129061135346e+00 1.759582464327037465e+00 9.330639163764080646e-01 2.340045753545572094e+00 1.606289274655750554e-01 1.606289274655904042e-01
8.397165557470159802e-01 1.132704066871092374e+00 2.159307701106249588e+00 2.565925770035105913e+00 4.497609969036408195e+00 7.912880913163040653e+00 7.045679884870587273e+00 3.455640623558782210e+00 2.460711554708850723e+00 1.357691499222434706e+00
1.664859108382177544e+00 3.119000012709028269e+00 4.680091507091144187e+00 5.434982248285789908e+00 9.130247207495807871e+00 2.868163155264311648e+00 3.455640623558782210e+00 1.640474369805899668e+00 9.403914038401967046e-01 9.950036668607183943e-01
0.000000000000000000e+00 1.690667087280897374e-01 8.782133632712775251e-01 1.362298305871304072e+00 3.128146603248075142e+00 9.330639163764080646e-01 4.129492506256746132e-01 4.129492506256874917e-01 5.505990008342545039e-01 0.000000000000000000e+00
0.000000000000000000e+00 5.398697393865474758e-01 3.400694584724345049e+00 1.661827882975542403e+00 6.997979372823004418e-01 9.635482514599290615e-01 2.752995004171206461e-01 0.000000000000000000e+00 0.000000000000000000e+00 0.000000000000000000e+00
0.000000000000000000e+00 2.259213190333634103e+00 2.479205138307175815e+00 3.910183254060093927e-01 9.775458135150470740e-02 1.282962885017558285e+00 5.831649477352578437e-01 1.376497502085408109e-01 0.000000000000000000e+00 0.000000000000000000e+00
8.806783389541884555e-01 2.681316884109574694e+00 3.615622675958567456e+00 4.497609969036408195e+00 1.176787417855016038e+01 2.868163155264311648e+00 3.455640623558782210e+00 8.202371849029481687e-01 1.255132480887915403e+00 1.176665965992778062e+00
0.000000000000000000e+00 1.408889239400747811e-02 0.000000000000000000e+00 2.817778478801495345e-01 1.017413899566887991e+00 1.961939183494811001e+00 1.955091627030047130e+00 8.164309268293542532e-01 4.129492506256746132e-01 1.376497502085669011e-01
1.664859108382177544e+00 1.961939183494811001e+00 3.615622675958567456e+00 4.497609969036408195e+00 1.217366294332776278e+01 2.566251244183852087e+00 2.188572394920553332e+00 2.035389157862216081e+00 1.255132480887915403e+00 1.206836888197720281e+00
1.229498708579787714e+00 1.416790238106157895e+00 2.834882859193569971e+00 3.165944254796946744e+00 6.184634972187279978e+00 8.318669677940622620e+00 5.434414399448162847e+00 3.274321688734857627e+00 9.403914038401967046e-01 1.087562147498925214e+00
0.000000000000000000e+00 0.000000000000000000e+00 4.086064356565546896e-01 7.399373815031906609e-01 1.831143237928493317e+00 2.248355371084551635e+00 1.166329895470426259e-01 0.000000000000000000e+00 1.166329895470538253e-01 2.332659790941076505e-01
0.000000000000000000e+00 9.862224675805235374e-02 3.099772960153174828e-01 2.867324824502021086e-01 2.288929047410615425e+00 1.199615389503470908e+00 6.842820694605140641e-01 5.831649477352467414e-01 0.000000000000000000e+00 0.000000000000000000e+00
1.229498708579787714e+00 2.288929047410615425e+00 3.615622675958567456e+00 4.497609969036408195e+00 1.176787417855016038e+01 2.868163155264311648e+00 1.958196353349983321e+00 2.212379519415439866e+00 1.255132480887915403e+00 1.478375188042204247e+00
0.000000000000000000e+00 0.000000000000000000e+00 0.000000000000000000e+00 1.408889239400747811e-02 7.044446197003738364e-02 1.078947846304712410e+00 2.158133101844291524e+00 8.797179523025526748e-01 6.842820694605140641e-01 0.000000000000000000e+00
0.000000000000000000e+00 2.958667402741570474e-01 6.523870698586652361e-01 1.144330576931894772e+00 9.809695917474055005e-01 7.997435930023191197e-01 6.842820694605140641e-01 0.000000000000000000e+00 0.000000000000000000e+00 0.000000000000000000e+00
0.000000000000000000e+00 0.000000000000000000e+00 6.073534568098660769e-01 9.036852761334552842e-01 4.904273901136722014e-01 1.599487186004630690e+00 4.887729067575047326e-01 1.955091627030094148e-01 0.000000000000000000e+00 0.000000000000000000e+00
8.806783389541884555e-01 2.681316884109574694e+00 3.615622675958567456e+00 4.497609969036408195e+00 7.912880913163040653e+00 7.045679884870587273e+00 3.455640623558782210e+00 1.640474369805899668e+00 1.293038180280269511e+00 7.160089713352348895e-01
8.806783389541884555e-01 2.681316884109574694e+00 3.615622675958567456e+00 6.746874515113392867e+00 1.014471911943979343e+01 2.868163155264311648e+00 3.455640623558782210e+00 1.640474369805899668e+00 1.410587105760293003e+00 6.636180709936324584e-01
0.000000000000000000e+00 1.127111391520598249e-01 2.817975418321074788e-01 1.349674348466355367e-01 5.549530361273945500e-01 1.144330576931894772e+00 5.885817550484457872e-01 2.399230779006926717e-01 2.399230779006926717e-01 9.775458135150470740e-02
0.000000000000000000e+00 1.408889239400747811e-02 2.254222783041196498e-01 4.300987236753021636e-01 2.760099141709724813e-01 1.253314441401602197e+00 5.885817550484457872e-01 2.399230779006926717e-01 7.997435930023347184e-02 0.000000000000000000e+00
0.000000000000000000e+00 0.000000000000000000e+00 4.226667718202243434e-02 2.958874189237132302e-01 9.249217268789867719e-01 1.144330576931894772e+00 1.307959455663241510e-01 1.307959455663177673e-01 1.599487186004669437e-01 0.000000000000000000e+00
1.229498708579787714e+00 2.288929047410615425e+00 1.955091627030047130e+00 6.264528171157841996e+00 1.176787417855016038e+01 2.868163155264311648e+00 1.958196353349983321e+00 2.212379519415439866e+00 1.255132480887915403e+00 6.034184440988593634e-01
8.806783389541884555e-01 2.681316884109574694e+00 3.615622675958567456e+00 4.497609969036408195e+00 2.811197714630583100e+00 8.724458442718223239e+00 5.434414399448162847e+00 3.274321688734857627e+00 1.293038180280269511e+00 7.160089713352348895e-01
0.000000000000000000e+00 0.000000000000000000e+00 2.817778478801495623e-02 3.804266814733446855e-01 5.018362075835874903e-01 2.259213190333656807e-01 5.436979520981193303e-01 1.634757967045609717e-01 1.089838644697019854e-01 0.000000000000000000e+00
0.000000000000000000e+00 1.408889239400747811e-02 2.395111706981271071e-01 4.505796152788863473e-01 4.316301392101961065e-01 3.624653013987492178e-01 9.061632534968507013e-02 5.449193223485365029e-02 0.000000000000000000e+00 0.000000000000000000e+00
1.229498708579787714e+00 1.416790238106157895e+00 2.834882859193569971e+00 6.264528171157841996e+00 1.176787417855016038e+01 2.868163155264311648e+00 3.455640623558782210e+00 1.162002678612512829e+00 9.936465473695983430e-01 1.267178732607606495e+00
6.073534568098660769e-01 1.404553042920152039e+00 1.111765537313729624e+00 3.615622675958567456e+00 4.497609969036408195e+00 1.176787417855016038e+01 5.434414399448162847e+00 2.212379519415439866e+00 1.255132480887915403e+00 1.297349654812548492e+00
0.000000000000000000e+00 0.000000000000000000e+00 2.817778478801495345e-01 8.453926254963148312e-02 1.687092935582957809e-01 8.192356641434317410e-02 7.527543113754005255e-02 7.527543113753749904e-02 3.083072422930038803e-02 0.000000000000000000e+00
