0.000000000000000000e+00 1.065467464950594842e-02 1.461504491644876857e+01 1.979748498797753026e-02 1.878863393331689613e+00 1.600077941643075974e+01 2.815400107133590457e-01 2.412787284214583394e+01 3.024780090086886218e-03 2.108205685491198675e-03
0.000000000000000000e+00 1.209625596275486865e-03 1.523351427990374241e+01 1.434827975196047711e-01 1.158381511315643708e+00 1.654527383052970180e+01 1.460839631414416473e-01 1.827810227661856501e+01 3.024780090086886218e-03 3.024780090086886218e-03
0.000000000000000000e+00 1.209625596275486865e-03 1.065467464950594842e-02 1.916588499136592816e+01 1.670158018525240706e-01 1.509325825713383118e+01 8.234780469181441909e-01 1.817429558692640157e+01 2.420356593052449060e-02 3.024780090086886218e-03
0.000000000000000000e+00 1.209625596275486865e-03 1.209625596275486865e-03 2.676677690172005295e-04 1.608664377331416162e+01 1.607635211504409689e+00 1.345970713250343920e+01 1.771874517926092629e+00 1.775910213046715214e+01 2.345414613217278871e-02
0.000000000000000000e+00 1.609943937462258390e+01 1.670467882798367942e-01 1.364131325018189500e+01 8.426322014258671445e-01 5.524107046641744123e-01 4.206083994078563926e+00 1.226829310732877865e+01 2.420356593052449060e-02 2.108205685491198675e-03
0.000000000000000000e+00 1.209625596275486865e-03 3.484670354146325263e-04 1.241549452996434688e+01 3.768589772051843312e+00 1.237068099846815805e+01 5.430014591156079540e+00 9.165993830150249266e+00 2.420356593052449060e-02 3.024780090086886218e-03
0.000000000000000000e+00 1.065467464950594842e-02 1.486245208636843707e+01 2.760162960842038160e+00 1.382271535183726030e+01 9.588807301805725158e-01 4.264141202141475517e+00 6.543373396496176220e+00 3.024780090086886218e-03 2.108205685491198675e-03
0.000000000000000000e+00 1.209625596275486865e-03 6.042089683225179142e-01 1.027261531878096790e+01 1.164492774220343563e+01 9.163057805779883935e-01 1.065044619298068085e+01 9.228282501377448099e+00 3.024780090086886218e-03 3.024780090086886218e-03
0.000000000000000000e+00 1.209625596275486865e-03 1.209625596275486865e-03 1.509710727950645826e+01 1.319569101359703067e+00 1.727127601084153596e+01 1.357628705874455832e+00 3.132675410165098207e+00 4.452357390154270789e+00 3.024780090086886218e-03
0.000000000000000000e+00 1.065467464950594842e-02 1.209993572114669647e+01 3.480480848888732215e+00 1.255222838560639076e+01 2.178080782350203304e+00 4.056544694772967752e+00 6.495378266259224986e+00 2.420356593052449060e-02 2.108205685491198675e-03
0.000000000000000000e+00 1.209625596275486865e-03 1.707014339913194012e-01 7.956376619723029897e+00 5.209215936986229423e+00 1.164471356163698701e+01 6.513922381387552640e+00 9.041361274336820131e+00 2.420356593052449060e-02 2.108205685491198675e-03
0.000000000000000000e+00 1.129877610103730834e-01 8.310038221724679985e+00 1.219356874010311259e-01 4.760195242574535079e+00 1.454870790396918778e+01 5.972072549406256314e+00 6.497003223042330688e+00 2.420356593052449060e-02 3.024780090086886218e-03
0.000000000000000000e+00 1.209625596275486865e-03 1.661892980664346098e+00 8.787881776786823806e+00 1.751708268699710302e+00 2.188505026524506292e+00 9.829582292758328066e+00 6.107464611270031263e+00 9.228313530073881665e+00 2.108205685491198675e-03
0.000000000000000000e+00 4.786670605345767771e-02 6.538534472755365812e+00 2.988721062926918748e+00 1.727137002122587361e+01 1.907352550750690545e+00 8.105079989096022786e+00 2.096259365923426987e+00 3.024780090086886218e-03 2.108205685491198675e-03
0.000000000000000000e+00 1.209625596275486865e-03 2.676677690172005295e-04 4.904239175949822283e+00 5.819115494252520726e+00 2.299516137706676330e-02 1.014443099448754548e+00 1.636373454581305964e+01 5.302282914176641881e+00 4.453577535234092721e+00
0.000000000000000000e+00 1.209625596275486865e-03 4.778794786461582511e+00 6.204965766199621591e+00 1.400431888674745551e+01 4.346026938646382121e+00 5.938339146353673215e+00 1.872345854317562619e+00 2.345414613217278871e-02 3.024780090086886218e-03
0.000000000000000000e+00 1.065467464950594842e-02 2.077473004063824291e+00 4.068344239203159241e+00 4.200804040729025246e+00 1.636374522336469894e+01 6.651662255226638010e+00 2.994556313361794064e+00 1.329193868318958305e-01 3.024780090086886218e-03
0.000000000000000000e+00 2.926069035148181133e-02 8.191313558065145273e-01 5.482170705056653937e+00 5.209215936986229423e+00 1.164471356163698701e+01 6.242941588181338375e+00 4.803614835496025748e+00 1.546204557763346310e+00 3.024780090086886218e-03
0.000000000000000000e+00 2.042390578035997883e+00 4.244994822951777991e+00 4.632980567696396434e+00 1.273374966064460168e+01 5.971862059062763350e+00 4.055778436412441401e+00 1.357360584042446527e+00 1.329193868318958305e-01 2.094059989739347882e-03
0.000000000000000000e+00 8.193620008043593916e-01 5.658935984085108117e+00 5.209217421498439471e+00 8.014762991513991963e+00 6.481517393141774441e+00 4.160293403075473684e+00 2.889716078715928838e+00 1.234149602248021615e+00 2.346150554222855775e-02
0.000000000000000000e+00 1.065467464950594842e-02 2.143805821339248130e+00 5.258559565119270474e+00 4.632966198320433548e+00 1.091869589420430486e+01 5.023376372811101831e+00 3.132686148431177209e+00 2.228275338309241516e+00 3.657708826229215116e-01
0.000000000000000000e+00 4.439021794680773070e-01 6.410352190145786055e-01 4.686778221647412757e+00 5.497333621631144140e+00 1.089766813001667600e+01 4.762812858874835520e+00 3.052474418873479145e+00 2.337713122861079906e+00 6.212438684322314497e-01
0.000000000000000000e+00 1.155404324153514795e+00 3.488679384381942583e+00 6.649806896946821588e+00 1.128171728557102327e+01 2.719536498791451873e+00 4.468032405338012936e+00 1.206321686104281365e+00 9.727965210469500246e-01 2.159998605340395783e-01
0.000000000000000000e+00 1.209625596275486865e-03 9.602106710608576332e-03 1.131415463112055875e+00 3.488156114569711974e+00 3.236129349078153083e+00 1.854183731571291815e+01 1.565225236180361801e+00 2.411219020859466156e+00 1.108520984408120746e+00
0.000000000000000000e+00 1.209625596275486865e-03 2.676677690172005295e-04 3.810409200751014858e+00 4.417524807272197762e+00 1.019294860646003187e+01 7.354367074948872096e-01 5.806836711615641633e+00 2.851001083538772018e+00 2.914769444444581747e+00
0.000000000000000000e+00 2.676677690172005295e-04 1.209625596275486865e-03 6.042089683225179142e-01 5.835186189768923448e+00 2.122798622833304005e+00 3.751218338684211062e+00 1.255216621546741784e+01 5.023631672622138389e+00 9.179472340362015981e-02
0.000000000000000000e+00 1.209625596275486865e-03 2.143793282876735873e+00 5.258403101269251145e+00 2.370192341751511389e+00 3.214682996326741815e+00 1.053442341027889562e+01 4.346089455429636317e+00 1.190806519138770253e-01 1.208797111996228635e+00
0.000000000000000000e+00 1.209625596275486865e-03 2.676677690172005295e-04 2.809062216672783219e+00 5.258159433671281136e+00 1.380544851923392491e+00 1.473032934804005301e+01 3.533173517416654530e+00 2.158260567618398573e-01 5.237099170920520574e-01
0.000000000000000000e+00 2.676677690172005295e-04 1.209625596275486865e-03 1.065467464950594842e-02 5.187430409765804162e-01 1.163268475991987394e+01 1.237087036536000184e+01 6.713032429344529817e-01 2.183596567883617556e+00 3.448281518194355466e-01
0.000000000000000000e+00 1.209625596275486865e-03 2.676677690172005295e-04 8.967643682741144318e-01 1.503110393904271591e+00 4.417590099269083304e+00 3.048300060740055883e+00 1.146326269441373213e+01 2.668838889333668529e+00 2.991312421666126209e+00
0.000000000000000000e+00 2.676677690172005295e-04 1.209625596275486865e-03 2.143793282876735873e+00 3.979676651771548279e+00 5.624023186092762749e+00 2.543389345121103595e+00 1.146295576849796127e+01 4.170647563476565511e-01 6.238943976647982372e-03
0.000000000000000000e+00 1.209625596275486865e-03 2.676677690172005295e-04 1.209625596275486865e-03 8.967643682741144318e-01 9.653591256829402667e+00 6.905999564374983635e+00 6.017944142228216720e+00 1.667734945558066562e+00 3.447640037874346031e-01
0.000000000000000000e+00 2.676677690172005295e-04 8.193620008043593916e-01 8.095781693201750784e+00 3.624530929729383288e+00 9.103727193270486850e+00 1.886067613718275249e-01 2.183681871122078899e+00 5.106231869943076429e-01 1.263289350396785624e-02
0.000000000000000000e+00 1.209625596275486865e-03 2.676677690172005295e-04 1.107407760436768029e+00 2.270914682182256339e+00 8.810653875373576582e+00 6.925723936444980744e+00 1.999818609372093103e+00 2.681719582976073379e+00 1.787997871809282047e-01
0.000000000000000000e+00 1.209625596275486865e-03 2.676677690172005295e-04 1.632811093457769092e+00 2.761966268496621968e+00 2.105714986562430280e+00 8.416111327040818324e+00 6.743936694360144202e+00 1.174725753771676651e+00 3.572344218561893658e-01
0.000000000000000000e+00 2.676677690172005295e-04 1.065467464950594842e-02 3.654641364250320379e+00 6.808339869579126180e+00 1.175465899956725568e+00 3.362625672930009468e+00 4.384576748275847535e+00 3.078121107624465225e+00 1.258499732838514254e-02
1.223912374777043066e+00 2.090234844938363423e+00 3.364059049108180766e+00 3.891443301918289688e+00 7.443861587315181438e+00 6.144789558483021885e+00 3.011906377246865940e+00 1.496565103283591158e+00 1.240877768392121050e+00 6.554061508921504853e-01
3.088484543910414715e-01 9.309012390554384231e-01 1.732012102857321434e+00 3.364033378471816160e+00 3.891443301918289688e+00 1.071087909023187734e+01 2.576235616216782986e+00 3.011906377246865940e+00 2.244401502367174395e+00 1.225803458999970008e+00
0.000000000000000000e+00 1.209625596275486865e-03 2.676677690172005295e-04 1.995768250049388334e-02 2.850998250777340814e+00 7.318229387180677392e+00 9.263873853437186057e+00 1.938967110235163271e-01 3.690757885619200818e-01 2.085848476168852550e-01
0.000000000000000000e+00 2.676677690172005295e-04 1.209625596275486865e-03 1.179402606011888288e+00 5.040019460790244210e+00 2.988720000858734238e+00 5.711587585012084745e+00 2.024985105502613791e+00 9.310880709422613144e-01 1.457916719231613367e+00
0.000000000000000000e+00 2.676677690172005295e-04 1.209625596275486865e-03 1.995768250049388334e-02 1.152706181696126819e+00 4.951603273679362260e+00 5.624023186092762749e+00 2.878958717644947374e+00 2.751011823995055394e+00 1.277340696948157106e+00
0.000000000000000000e+00 2.676677690172005295e-04 1.209625596275486865e-03 9.602106710608576332e-03 5.206349436710366874e-01 4.649963322952322287e+00 4.210791177888944858e+00 6.925891503461161669e+00 1.944372232357672592e-01 1.480401644368203984e+00
0.000000000000000000e+00 2.676677690172005295e-04 1.209625596275486865e-03 1.209625596275486865e-03 2.683343639045517204e+00 5.678627142900873892e+00 3.607155353738865866e+00 4.747771880478921069e+00 3.761128739806974264e-01 1.316590521716713529e-02
0.000000000000000000e+00 1.209625596275486865e-03 2.676677690172005295e-04 2.809062216672783219e+00 1.136593103053352039e+00 3.366933575706943849e+00 1.256837402547486437e+00 5.879605969732875081e+00 1.117511603707751933e+00 9.205308920545197671e-01
0.000000000000000000e+00 1.209625596275486865e-03 2.676677690172005295e-04 8.569366295162046399e-01 1.653190952851182782e+00 2.654244494609831140e+00 5.335705299540581592e+00 3.550121128831118522e+00 1.283476986941772813e+00 3.913757745319886294e-01
0.000000000000000000e+00 1.209625596275486865e-03 2.676677690172005295e-04 1.209625596275486865e-03 2.809062216672783219e+00 3.184499606047085596e+00 1.593151619127676000e+00 7.053933515330059301e+00 1.942344122442813126e-01 1.291179208157444518e-02
0.000000000000000000e+00 1.209625596275486865e-03 2.676677690172005295e-04 8.370227601372496329e-01 2.629104391922474804e+00 5.447598035597088995e+00 3.026796309586570199e+00 3.621512659741423779e-01 1.689504219156757747e+00 2.100712104530946256e-01
0.000000000000000000e+00 2.676677690172005295e-04 1.209625596275486865e-03 1.209625596275486865e-03 1.104692528709852573e+00 1.403066916464326352e+00 6.684894224327086576e+00 3.885838297372948169e+00 1.792670194621645563e-01 1.943140090484190841e-01
0.000000000000000000e+00 1.209625596275486865e-03 8.768504988951595358e-01 3.778735638327772595e+00 8.093046468483598987e-01 2.602776972991928339e+00 2.616074666468634291e+00 5.145875353947646502e-01 1.536656674637819631e+00 7.935971403715326791e-03
0.000000000000000000e+00 1.209625596275486865e-03 2.676677690172005295e-04 6.190337781040003984e-01 2.927666492664461106e+00 7.784779856478132309e+00 3.468898137308328855e-01 1.131083862169649651e-02 2.665421361608027659e-02 1.749717475453131665e-01
0.000000000000000000e+00 2.676677690172005295e-04 1.209625596275486865e-03 6.376412030290397048e-01 1.928838656477842861e-01 2.211212671689214648e+00 5.818859856550632870e+00 2.183870580794239125e+00 3.470927768343021191e-01 1.943791845424540643e-01
0.000000000000000000e+00 1.209625596275486865e-03 2.676677690172005295e-04 2.676677690172005295e-04 1.203400887870261560e+00 4.951785033171277384e+00 4.921098252341312040e+00 1.750887913814458685e-01 1.141296188865331684e-02 1.128340496277504060e-02
0.000000000000000000e+00 2.676677690172005295e-04 6.376412030290397048e-01 2.867970708791251155e+00 1.770776732330145098e+00 2.107967240256914732e+00 2.760151859324461832e+00 6.977929586637670045e-01 1.792694465034120610e-01 1.157752984271916141e-02
0.000000000000000000e+00 1.209625596275486865e-03 2.676677690172005295e-04 1.209625596275486865e-03 1.629520688615961221e+00 1.793349552010881309e+00 5.200448005117013217e+00 1.738126540004344189e+00 3.469542651628310104e-01 2.665421361608027659e-02
0.000000000000000000e+00 1.209625596275486865e-03 2.676677690172005295e-04 6.357498954572612382e-01 2.867970708791251155e+00 3.367008021557169606e+00 2.039883664182352341e+00 1.014556624889920045e+00 1.790771019234597694e-01 3.622458964669530990e-01
0.000000000000000000e+00 2.676677690172005295e-04 1.209625596275486865e-03 9.602106710608576332e-03 8.791114263724293387e-01 9.234749636463773781e-01 2.117363606892503913e+00 4.210966299860496420e+00 1.738231350395679664e+00 1.791606293442399578e-01
8.961241220529692075e-01 1.601843990840666532e+00 2.563587145157515401e+00 5.620143338209339312e+00 7.262465670331800460e+00 3.156610909517384211e+00 2.576276596329293511e+00 3.011874560925116739e+00 2.244401502367174395e+00 1.026312614520510369e+00
0.000000000000000000e+00 1.209625596275486865e-03 2.676677690172005295e-04 2.676677690172005295e-04 2.982894634335928608e-01 9.608034746912048618e-01 4.156561319145041900e+00 3.236129491347389919e+00 4.415949125736374214e-01 4.551415483825072550e-01
0.000000000000000000e+00 2.676677690172005295e-04 1.995768250049388334e-02 1.891173926954517470e-02 3.298796890946442684e-01 3.464917561721215122e+00 1.516336996869675602e+00 1.685850627043949723e+00 6.263779287393687056e-01 1.607681120744800074e+00
0.000000000000000000e+00 2.676677690172005295e-04 1.209625596275486865e-03 6.357498954572612382e-01 1.300659391451012059e+00 1.963430373106603399e+00 3.963648127099709040e+00 5.992375301200518756e-01 3.110905588929391841e-01 1.536317536865376421e-01
0.000000000000000000e+00 1.209625596275486865e-03 2.676677690172005295e-04 1.209625596275486865e-03 9.672087590923217695e-03 1.571363151560853710e+00 1.673940737169489212e+00 3.694854366910346855e+00 1.492259222979896327e+00 1.670467882798367942e-01
0.000000000000000000e+00 1.209625596275486865e-03 2.676677690172005295e-04 5.856015433974786077e-01 1.384516471357664980e+00 3.361357720205823796e+00 1.160356992839172152e+00 1.380544851923392491e+00 2.975910500026303640e-01 1.670467882798367942e-01
0.000000000000000000e+00 2.676677690172005295e-04 4.786670605345767771e-02 7.972302043941671412e-01 2.330611214546751686e+00 2.631541516319976903e+00 2.166648039343466725e-01 1.133156492153165162e+00 8.711653467703849296e-01 2.300894252979436908e-02
0.000000000000000000e+00 2.676677690172005295e-04 1.209625596275486865e-03 1.065467464950594842e-02 3.567789377252886251e-01 3.592087165464304399e-01 3.778685096630170825e+00 2.328757440314129568e+00 8.737850986590384172e-01 2.302184540430192439e-02
0.000000000000000000e+00 1.209625596275486865e-03 2.676677690172005295e-04 9.438174530839721355e-02 6.976951603762389098e-01 2.211289937520440674e+00 1.028216111095515473e+00 2.316421081942061200e+00 1.009430232627816615e+00 9.420839582000352722e-03
0.000000000000000000e+00 1.209625596275486865e-03 2.676677690172005295e-04 1.065467464950594842e-02 3.710315624154303937e-01 5.768434767406308561e-01 3.197819299702234552e+00 2.423176080622339246e+00 5.146158927884769696e-01 1.978407732848415715e-02
0.000000000000000000e+00 1.209625596275486865e-03 2.676677690172005295e-04 8.967643682741144318e-01 2.450182678407835102e+00 1.770839331398508021e+00 1.265597741172423074e+00 1.315635889000290326e-01 2.672046549076473321e-01 1.978874545272487490e-02
0.000000000000000000e+00 2.676677690172005295e-04 4.153969300877937698e-01 1.195673152526901983e+00 1.375551828065842308e+00 1.683001403025165210e+00 7.524567424342598621e-01 8.857467175327607967e-01 2.553345763574335625e-01 7.616944619151016539e-03
0.000000000000000000e+00 1.209625596275486865e-03 2.676677690172005295e-04 2.024199221810145388e-01 1.106235255472143297e+00 1.554630267047862446e+00 1.770888442831634935e+00 1.488064957106758568e+00 1.315833505335768649e-01 1.980155294913744923e-02
0.000000000000000000e+00 2.676677690172005295e-04 1.209625596275486865e-03 8.507873745740927862e-02 2.557756993644396903e+00 1.310012980125609294e+00 3.747041628088438880e-01 1.074393119011787689e+00 4.249004634384005996e-01 6.383780697090573122e-03
0.000000000000000000e+00 2.676677690172005295e-04 1.209625596275486865e-03 1.209625596275486865e-03 3.995317241729260949e-01 1.230794469774934230e+00 2.399186707013075903e+00 8.888855535991064816e-01 5.422823354846998400e-01 2.270140800905317002e-01
0.000000000000000000e+00 2.676677690172005295e-04 1.065467464950594842e-02 8.791114263724293387e-01 1.553221044978179366e+00 1.310093739504734511e+00 1.064025947127835492e+00 2.270223494219482663e-01 1.219329453540738406e-01 2.166290248677511798e-01
0.000000000000000000e+00 2.676677690172005295e-04 1.209625596275486865e-03 3.726390560173684641e-01 9.027271035976381919e-01 1.673908967635401090e+00 1.859136066896699635e+00 2.164588440716298245e-01 1.684628333315666901e-02 1.684628333315666901e-02
0.000000000000000000e+00 1.209625596275486865e-03 2.676677690172005295e-04 1.209625596275486865e-03 1.224683938001719374e+00 1.253000496787160856e+00 1.455113745696037020e+00 2.792611070434932174e-01 4.470661129882392837e-01 1.115055683834544203e-01
0.000000000000000000e+00 1.209625596275486865e-03 7.971950213793399520e-01 4.955261904890467251e-01 1.002854948241832300e+00 1.391036883024672210e+00 1.908971872303977246e-01 5.339224392978011435e-01 1.685099671222030013e-02 6.384066824639889233e-03
0.000000000000000000e+00 2.676677690172005295e-04 1.209625596275486865e-03 1.209625596275486865e-03 4.422895982433514561e-01 4.328982647042516341e-01 2.151738345676256881e+00 8.028411346025251527e-01 1.908971872303977246e-01 1.417040896793016896e-02
0.000000000000000000e+00 2.676677690172005295e-04 5.874928509692570744e-01 5.245927403636092556e-01 7.141206825284250881e-01 7.785183372615456232e-01 9.553728752544176084e-01 2.792611070434932174e-01 5.275215079154896812e-03 5.217711256701949504e-03
0.000000000000000000e+00 2.676677690172005295e-04 1.209625596275486865e-03 5.688854260442178790e-01 4.089252183828739340e-01 7.978955887211022224e-01 5.468343647515552242e-01 9.470906029985364238e-01 2.702324019382268960e-01 1.416855025790263699e-02
0.000000000000000000e+00 2.676677690172005295e-04 1.209625596275486865e-03 6.357475481745327173e-01 4.955614813672015173e-01 2.865567548134449471e-01 6.025843701009573339e-01 1.019686752759480619e+00 1.493811793665802690e-01 7.679954472325464798e-02
0.000000000000000000e+00 1.196126088155521124e-03 1.209625596275486865e-03 4.681413811456029694e-02 2.351438403896876639e-01 6.488458156610231731e-01 1.152953477832544538e+00 7.195960265683982726e-01 1.568583410151092872e-01 1.163433615037896135e-02
0.000000000000000000e+00 2.676677690172005295e-04 2.676677690172005295e-04 1.209625596275486865e-03 8.990174783201789754e-01 4.931711275995998012e-01 4.626439210674012648e-01 5.467379544962108762e-01 2.420327824240409154e-01 4.010507164784622540e-03
0.000000000000000000e+00 2.676677690172005295e-04 1.209625596275486865e-03 9.438174530839721355e-02 2.855604586409112855e-01 4.088971726169415843e-01 9.655961850232186450e-01 2.027050126836435762e-01 4.274454100628508613e-01 9.551901871610793751e-03
0.000000000000000000e+00 1.209625596275486865e-03 1.377867067545858748e-01 6.180531847382936261e-01 6.687959130619460790e-01 8.553110300603143645e-02 5.525504958579829928e-01 9.441911556842302183e-03 9.537948673909125638e-03 3.077890190978477183e-03
0.000000000000000000e+00 1.209625596275486865e-03 2.664987146698394164e-04 9.602106710608576332e-03 2.735864367707333544e-01 1.510992224431575992e-01 7.282179292818454774e-01 4.629403240082547444e-01 1.580931683254012676e-01 7.979743566336149063e-03
0.000000000000000000e+00 1.196126088155521124e-03 1.063958995141567679e-02 2.821144321810392305e-02 2.227855811969378930e-01 4.587816800513578319e-01 6.336990334619071463e-01 1.322398004805425131e-01 2.052062820338344459e-03 6.599483974777925650e-03
0.000000000000000000e+00 2.676677690172005295e-04 1.209625596275486865e-03 9.599486552888145813e-03 1.812612563297069102e-01 2.848166933932221312e-01 3.129347838871334719e-01 2.629884689952290966e-01 7.187660068850740269e-02 4.052175093271331158e-02
0.000000000000000000e+00 2.676677690172005295e-04 1.209625596275486865e-03 1.601286045947543368e-01 2.285739010239155877e-01 2.796078786111213521e-01 1.449373917173682191e-01 5.942168426380808194e-02 4.589698315356118517e-03 1.264140862602356917e-03
