3.213063222188951989e-02 2.514557973408503271e-03 5.995419582771403496e-04 3.366643789702303063e-05 4.330837502539096307e-05
3.706323477164099461e-02 2.509290022141946654e-03 5.849883760017623221e-04 3.264018886908860793e-05 5.102539138629839797e-05
3.313506476404221024e-02 2.552470481233083590e-03 5.993580958308850331e-04 3.382940877544512450e-05 4.431168602752857721e-05
3.711288116712878338e-02 2.511338160525356574e-03 5.836222035757465416e-04 3.258662575540031221e-05 5.115858104979932662e-05
3.088078564712216229e-02 2.546755652318117430e-03 5.794013196993800380e-04 3.006920531067514796e-05 4.311665698118291481e-05
3.492406669607084346e-02 2.598070353413973934e-03 6.248962853978808941e-04 3.289756663292997611e-05 4.643759481319373805e-05
3.373928049963174913e-02 2.600423808691585195e-03 6.207097357018169547e-04 3.442155676752510415e-05 4.450943969843014882e-05
3.930718404006601496e-02 2.650567075160913024e-03 6.034355704123563853e-04 3.385595643797467761e-05 5.331434813797708983e-05
3.343605974822688037e-02 2.598592452508077279e-03 6.227188613320358297e-04 3.469276944206672165e-05 4.419947052729609604e-05
3.394442074935741238e-02 2.612590996575442966e-03 6.184346317978854472e-04 3.481025916960491944e-05 4.494095613308961323e-05
3.354370125921843360e-02 3.064968989044743186e-03 5.784105116446490794e-04 3.134935708120144108e-05 4.428026177408657507e-05
3.361573211474148254e-02 3.064714797952055193e-03 5.879148264534550788e-04 3.175240944312816870e-05 4.422386560966661353e-05
3.294034335997000906e-02 2.341125771570461925e-03 6.634962417009346216e-04 3.633485858740219225e-05 4.430122207499687532e-05
3.221934623283010529e-02 2.534956839489245582e-03 6.248370506305386558e-04 3.521677643651744582e-05 4.450686379968418955e-05
3.666330033488385265e-02 2.573068464375716669e-03 6.246148271235483704e-04 3.372543517228677567e-05 5.046192439097874424e-05
3.451626137117205090e-02 2.627777378282166419e-03 6.206152474888750221e-04 3.475512808434740394e-05 4.551536973875900565e-05
2.921737926669191326e-02 2.659511847246350588e-03 6.091433006949742695e-04 3.099312739715938360e-05 4.084362497035270653e-05
3.261011999859048105e-02 3.241536532584078558e-03 5.835411696471743759e-04 3.353034608225375572e-05 4.405951769831126192e-05
3.606808801772785900e-02 2.621928127165117344e-03 6.640257767840058783e-04 3.759070791152385212e-05 4.697110014856939762e-05
3.507503032178236474e-02 2.606713447220906660e-03 6.976154483202127218e-04 3.785577529700501085e-05 4.583893845587018771e-05
3.392762730671106813e-02 3.191054495554193193e-03 6.662851482029178958e-04 3.729889129416813053e-05 4.451227069844777135e-05
3.296907113849741056e-02 3.093118155364360869e-03 6.605199941541773116e-04 3.829073645216509402e-05 4.548973997822090110e-05
3.548616658268998608e-02 3.203611493245811254e-03 8.088201609714226314e-04 4.490563541475422430e-05 4.576025488968127683e-05
3.287062290967777273e-02 3.391980446391675962e-03 8.113079836697933414e-04 4.527515628424827471e-05 4.360801782532208309e-05
2.774150832389699409e-02 2.517575673233435774e-03 6.879716063039198340e-04 3.388672317103116297e-05 4.573937847551362161e-05
2.973311273303245669e-02 2.702511876049153682e-03 6.842739220613891548e-04 3.399019659228947666e-05 4.659529607831129269e-05
3.023880091778771706e-02 2.648925977592737988e-03 8.224528280590505738e-04 4.455522516960910991e-05 4.514931067415283719e-05
2.482974026349420882e+00 4.722738413720312112e-01 1.755059867426301407e-02 2.569492709810070248e-04 1.614311247637163597e-03
2.748919177393197022e-02 2.573871533039492031e-03 7.008835342238986434e-04 3.419917461146961349e-05 4.530338502068481183e-05
2.829533869658937620e-02 2.576230919174183915e-03 6.753977707283850829e-04 3.353987614003898972e-05 4.566786672171022543e-05
3.403677862383323038e+00 6.573460006837044123e-01 1.938114093798215878e-02 2.555041002415704005e-04 2.816404801442268669e-03
3.790633994400366191e+00 1.042262374680487325e+00 9.366396557963993508e-03 2.710800829119569088e-04 5.546717654148934293e-03
2.697658010700350328e-02 2.436463105654308910e-03 6.940376785458741071e-04 3.392137398670945578e-05 4.603768051795471800e-05
2.775661715761620907e-02 2.471602019819182580e-03 6.861113180463955259e-04 3.375111248932535909e-05 4.654342274741201231e-05
3.472773818737994844e+00 5.470297087809511405e-01 1.637400415773940243e-02 2.655905931943414221e-04 2.721553981797237946e-03
2.637815419191674032e-02 2.623908585715217529e-03 6.792616792478421229e-04 3.372149927983204154e-05 3.935162663840679662e-05
1.887529856476673373e+00 1.719113295896406990e-01 1.910319359352799853e-02 3.032993474907955621e-04 6.679431282354122501e-04
2.392862278432543288e+00 3.745058621761281348e-01 1.276202982525175694e-02 2.840993474195529838e-04 1.174689685370696422e-03
2.619222541094117299e-02 2.657167965003751162e-03 6.885008764577775411e-04 3.391647102915620247e-05 3.954065234161875642e-05
2.534024559996907872e-02 3.081112998116849154e-03 6.783331439874607741e-04 3.378576611619647232e-05 3.834098217396920538e-05
2.813043342922139090e-02 2.479401397343961120e-03 6.946604473004900976e-04 3.396410436905567025e-05 4.695408276782494719e-05
2.619719644953788854e-02 2.639233587503188837e-03 6.866533001175483941e-04 3.389658608234733531e-05 3.903433391345593291e-05
2.541668396527451204e-02 2.961769413386185039e-03 6.887794646586390800e-04 3.406354775256426249e-05 3.891490471435867340e-05
2.813064467039805630e-02 2.458458367726929807e-03 6.997385830961239984e-04 3.419842492516887033e-05 4.693517896694340087e-05
2.623649118819127227e-02 2.596985453394109154e-03 7.058541589611414587e-04 3.443598738850098343e-05 3.867024432271429609e-05
3.249276701412303403e+00 5.952896986849421923e-01 1.808315692465498406e-02 2.645471207412032361e-04 2.792491577087400680e-03
2.646209846738549823e-02 2.560860316292440462e-03 7.242513459298791176e-04 3.526819227937114462e-05 3.905719110579708979e-05
2.659007786412207960e-02 2.606839840620372474e-03 7.082573699751178219e-04 3.451305642028416160e-05 3.933445916667949784e-05
2.609768325018602120e-02 3.096494343280098340e-03 7.051691025478426782e-04 3.456583501623770567e-05 3.836217635325672823e-05
2.723229372476695248e-02 2.617939385056254793e-03 7.312432215155783601e-04 3.520811538088996774e-05 3.918212801706709935e-05
2.622413005988025528e-02 2.969247142162833100e-03 7.208559974435661735e-04 3.495613019593891838e-05 3.889875603087026548e-05
2.695639962176699100e-02 2.637315492971214082e-03 7.303780661571044859e-04 3.516771940648188624e-05 3.869869465903831422e-05
2.583696835838741532e-02 3.195939413926029374e-03 6.847439246951020917e-04 3.433107135448490931e-05 3.879282593892656309e-05
2.723616833400895054e-02 2.602904959454555803e-03 7.503735498825604179e-04 3.587440840018557298e-05 3.863077381837856362e-05
2.696841699505444362e-02 2.681373443389382851e-03 7.220484450138342503e-04 3.495107616638686195e-05 3.866385646382129016e-05
2.646839101914281664e-02 2.638503117732566260e-03 7.381126923890562151e-04 3.552696646038126603e-05 3.847160683368160990e-05
2.658780806813614006e-02 3.087701597143359487e-03 7.291256042670191898e-04 3.525913600331463075e-05 3.847270936807950867e-05
2.668425076659396503e-02 2.714608738452945792e-03 7.264198459914067690e-04 3.506855899187103783e-05 3.845479674496103076e-05
2.696797236044060422e-02 2.682643857941258581e-03 7.396958000418959707e-04 3.557380351758378164e-05 3.851639417331536832e-05
2.729342295061489357e-02 2.656176829590307584e-03 7.519006953269904373e-04 3.600025835953102880e-05 3.862186157309199260e-05
3.118483280838879254e-02 2.686156371087563763e-03 9.329860258218652773e-04 4.862438647554821329e-05 3.896185642477233558e-05
2.788103114459763998e-02 2.643839969740734153e-03 7.643099286569723016e-04 3.618810783236630664e-05 3.883363946440349974e-05
2.793200424998873443e-02 2.644154773442856324e-03 7.782015153776770163e-04 3.660323326466774236e-05 3.860665164568438977e-05
2.738658704308704825e-02 3.238229076309448798e-03 7.635895002689815783e-04 3.639361139772468638e-05 3.806933537467818761e-05
2.796889062721412411e-02 2.701670141775485649e-03 7.749824462926518292e-04 3.651155567097894635e-05 3.859681576222543075e-05
2.787769328334700064e-02 2.664851516454291424e-03 7.768167556621654885e-04 3.656385175487634874e-05 3.859516843367108934e-05
1.883818184743540058e+01 5.319127306232580565e-01 1.670379355808562505e-01 4.653686940767166403e-04 5.697991738916404966e-03
2.838318013274070128e-02 2.807233960939366831e-03 7.836765334307216552e-04 3.689966672506444015e-05 3.825657013284252192e-05
2.798752804564408336e-02 3.283820281717266497e-03 7.877011108075775495e-04 3.694857637361222136e-05 3.802222684823300429e-05
2.839359496257384124e-02 2.704729736854164825e-03 8.032677977355171623e-04 3.730784499043820275e-05 3.838500773042591101e-05
2.907776749521140749e-02 3.217644299606112895e-03 8.077532915884705214e-04 3.756895688161003690e-05 3.811259122416392914e-05
3.044143070138684640e-02 2.846877984892500282e-03 8.656396049362517775e-04 4.018363353870895262e-05 3.829860291386651496e-05
3.269532031377310466e-02 2.864077424495553754e-03 9.847274349054769942e-04 5.019758889947658134e-05 3.839032880931682047e-05
3.027965303521091417e-02 2.843174844985919304e-03 8.729991421056950036e-04 3.932977306718438018e-05 3.834047327606234499e-05
2.842689387753738126e-02 3.479960745243068903e-03 7.950788196522664761e-04 3.766070950053523615e-05 3.824025783442108354e-05
3.366343688886030278e-02 2.907717969328935895e-03 1.033066798781590587e-03 5.120125211275971871e-05 3.817633947567548424e-05
3.028423384227732496e-02 3.349409098510047582e-03 8.922944572099407706e-04 4.091075813901301424e-05 3.802047831247071117e-05
3.203414542246466740e-02 2.906345714498658438e-03 9.627309848674661923e-04 4.275093890473983984e-05 3.814483480510248611e-05
3.071973935620209845e-02 3.031521350098144180e-03 8.896157883209158826e-04 3.986052650014125607e-05 3.804867135304154462e-05
9.484344631653193858e+00 3.333404234940903210e-01 8.589122389760923959e-02 2.680970083765563572e-04 2.205341364298985928e-03
3.492629751372222646e-02 3.707204098655227185e-03 1.082770084215945458e-03 5.020500751581988708e-05 3.789312883382550272e-05
3.313968789466580772e-02 3.657633538797230768e-03 1.001260403089154847e-03 4.460266374649260755e-05 3.780131592201216935e-05
3.311060766088154417e-02 3.347964681708613752e-03 9.847150212176942075e-04 4.281563558632423553e-05 3.807311726222180310e-05
3.623942040068730414e-02 3.305149713402345292e-03 1.108366622298392456e-03 4.878056948793059878e-05 3.792887458697386031e-05
3.581097927055848507e-02 4.072340273168942142e-03 1.078867228424375616e-03 4.541977658837783287e-05 3.802259642868813819e-05
3.787597676691224768e-02 4.377152574917446588e-03 1.170469528751647221e-03 4.929882977637927523e-05 3.793014208230516097e-05
7.430342618690694678e+00 2.561760531163738142e-01 6.398929946860903994e-02 3.319003251288164921e-04 2.183907859041813067e-03
