1.947120335742728514e+01 4.331528388227146564e+01
1.947120335742728514e+01 4.331528388227146564e+01
1.947120335742728514e+01 4.331528388227146564e+01
1.947120335742728514e+01 4.331528388227146564e+01
1.947120335742728514e+01 4.331528388227146564e+01
1.947120335742728514e+01 4.331528388227146564e+01
1.947120335742728514e+01 4.331528388227146564e+01
1.958854898785052612e+01 4.097279377838273007e+01
1.976914685735158272e+01 3.924986197307698177e+01
2.012667659045688140e+01 3.741361703366022340e+01
2.018581161170528659e+01 3.631456030548913816e+01
2.029771013374218214e+01 3.561061967226994085e+01
2.051568527346872983e+01 3.422708373951737570e+01
2.109675625231589535e+01 3.274652057282629158e+01
2.147349702187487708e+01 3.144530661923191417e+01
3.762733778759569248e+01 3.036894987204887286e+01
4.308290918518310519e+01 3.098940065225745144e+01
4.638070969025021384e+01 3.111278805331967590e+01
2.172728531678871633e+01 2.530832047825247955e+01
2.176742689017398291e+01 2.378907992868014531e+01
2.159685360206612259e+01 2.143678747178036303e+01
2.156593558651266918e+01 2.059541811526886335e+01
2.162433279087683857e+01 1.945425219327947985e+01
2.172823058370412852e+01 1.792306211713211539e+01
2.191299727384623353e+01 1.637465357741207583e+01
2.198249146959785350e+01 1.499285638749203819e+01
2.163490262716475598e+01 1.285173228909275167e+01
2.207605525420018111e+01 1.191685049138475705e+01
2.182453611467375865e+01 1.049888188824653845e+01
2.186719583835713010e+01 8.860102070537555718e+00
2.226851820821466177e+01 7.487179556894129284e+00
2.212394689332723630e+01 5.901689373495849544e+00
2.254233005236579501e+01 4.461512419940252272e+00
2.252161721427893681e+01 2.974536375614358796e+00
2.310278030298630014e+01 1.483128632148518644e+00
