0.000000000000000000e+00 1.209625596275486865e-03 1.065467464950594842e-02 1.899729036865775364e-02 1.945395277180870508e+01 3.622672853098649615e-01 1.473020604200216610e+01 2.814873543610599271e-01 1.827804431058344292e+01 2.420356593052449060e-02 2.108205685491198675e-03
0.000000000000000000e+00 1.209625596275486865e-03 1.209625596275486865e-03 1.608664377331416162e+01 1.031399842214580476e+00 1.436724409275474557e+01 6.878999369743574732e-01 2.412786139252832740e+01 2.420356593052449060e-02 3.024780090086886218e-03 2.108205685491198675e-03
0.000000000000000000e+00 1.209625596275486865e-03 1.995768250049388334e-02 1.583937921523437709e+01 2.298794595737945617e-02 1.158609286487743528e+00 1.509322545507336244e+01 2.815515903814684862e-01 1.827809370330104244e+01 2.420356593052449060e-02 2.108205685491198675e-03
0.000000000000000000e+00 1.209625596275486865e-03 1.995768250049388334e-02 1.583947307613707522e+01 1.031399842214580476e+00 1.436724409275474557e+01 9.588169386696726582e-01 1.838190039299320944e+01 2.108205685491198675e-03 3.024780090086886218e-03 3.024780090086886218e-03
0.000000000000000000e+00 2.676677690172005295e-04 1.209625596275486865e-03 1.065467464950594842e-02 1.945379109922546945e+01 1.200777923302149297e+01 6.767053009859842483e-01 1.272241978066333823e-02 6.524150983852407215e+00 9.101452115604043769e+00 3.024780090086886218e-03
0.000000000000000000e+00 1.209625596275486865e-03 1.241549452996434688e+01 3.480472087406929482e+00 7.267569025820255213e+00 3.745271554668834768e-01 3.639687801588737059e+00 5.154443532846823217e+00 1.251158511717824595e+01 4.519344594074181654e-02 2.108205685491198675e-03
0.000000000000000000e+00 1.209625596275486865e-03 1.065467464950594842e-02 9.281994132099534056e+00 6.473689975056169388e-01 1.089714321514602169e+01 2.541167043595278674e+00 1.197858653723904077e+01 8.667456075618501288e+00 6.768991923018682910e-02 2.108205685491198675e-03
0.000000000000000000e+00 1.209625596275486865e-03 1.241532413340064522e+01 1.435051379089723467e-01 2.904231980778436917e+00 1.180501361752370393e+01 7.326775395733579721e+00 8.792095475465767862e+00 2.418295097049550507e-02 2.108205685491198675e-03 3.024780090086886218e-03
0.000000000000000000e+00 1.209625596275486865e-03 1.065467464950594842e-02 1.229971734301082797e+01 1.380540987507318240e+00 2.944645342979166358e-01 1.581929090657767745e+01 6.514074704248631775e+00 6.208400107801942625e+00 1.111762393148924832e-01 2.108205685491198675e-03
0.000000000000000000e+00 1.209625596275486865e-03 9.438174530839721355e-02 1.135379921297047012e+01 1.504244572467153374e+00 1.073735240215378006e+01 5.983593588778463257e+00 3.122234805693103965e+00 8.979044910420295622e+00 2.420356593052449060e-02 3.024780090086886218e-03
0.000000000000000000e+00 1.129877610103730834e-01 1.114390173062302658e+01 2.904236718117096494e+00 1.382273848884249290e+01 5.523851878988712549e-01 7.868978670279705767e+00 4.488738004288980399e+00 2.345414613217278871e-02 3.024780090086886218e-03 2.108205685491198675e-03
0.000000000000000000e+00 2.926069035148181133e-02 1.177474068760207437e+01 1.627959132866267034e+00 1.128186472541339391e+01 8.146979218311736659e+00 3.212837231199059396e+00 4.415797952367709556e+00 3.024780090086886218e-03 2.108205685491198675e-03 3.024780090086886218e-03
0.000000000000000000e+00 1.209625596275486865e-03 3.856369820246974278e-02 1.484416585825629298e+00 1.167448080108287556e+01 5.991755845603119468e-01 8.655999552527143814e-01 1.436714759579723655e+01 4.160392478484432388e+00 6.545076071355497405e+00 2.108205685491198675e-03
0.000000000000000000e+00 1.209625596275486865e-03 2.926069035148181133e-02 3.554910435484019970e+00 9.225783586955952131e+00 6.978366578337121817e-01 1.309669866590084197e+01 1.771862154147579638e+00 3.848947793581332544e+00 6.545100384966683116e+00 2.108205685491198675e-03
0.000000000000000000e+00 1.209625596275486865e-03 5.716971390444561263e-02 6.538167430543058600e+00 4.102054443796994576e+00 1.708979632393539561e+01 1.980394028913891935e+00 6.659811530614947905e+00 1.633174592300138173e+00 2.108205685491198675e-03 3.024780090086886218e-03
0.000000000000000000e+00 1.209625596275486865e-03 1.661892980664346098e+00 6.309460662401997766e+00 3.768594272352342234e+00 2.711197697521514627e+00 1.162368901995053250e+01 4.990639183933729406e+00 6.112215451718225445e+00 2.420895353454786958e-02 2.345414613217278871e-02
0.000000000000000000e+00 2.676677690172005295e-04 1.065467464950594842e-02 1.065832665818858792e-02 2.683767232050651597e+00 3.538200251327436874e+00 2.988720000858734238e+00 1.690828909527515833e+01 5.613677560857196269e+00 4.344136272525145337e+00 4.518488048790399170e-02
0.000000000000000000e+00 6.042089683225179142e-01 4.359794313526038856e+00 7.210807061089707926e-01 4.903718200090102286e+00 1.273374966064460168e+01 2.313746793417875480e+00 5.302274539185287239e+00 4.526518465932408475e+00 2.873754031382610118e-03 3.024780090086886218e-03
0.000000000000000000e+00 1.209625596275486865e-03 1.107407760436768029e+00 5.305270678444449217e+00 4.777039410018853793e+00 1.309673449377952181e+01 3.804180223138740491e+00 3.132675410165098207e+00 2.518717542634942408e+00 1.111361748465310662e+00 4.594674671835689839e-02
0.000000000000000000e+00 1.209625596275486865e-03 1.545565431838038961e+00 3.052654875042971838e+00 4.087082152259140067e+00 1.200785727754532139e+01 4.839883001010062635e+00 5.924649345018259794e+00 1.717549445667482466e+00 1.181325053086101251e+00 6.693709190984456492e-02
0.000000000000000000e+00 1.107407760436768029e+00 2.211423498306865465e+00 2.036044085670130510e+00 5.641392463953597947e+00 1.073718483513759736e+01 4.888010384018534715e+00 5.136726342660236533e+00 1.360232761014869451e+00 2.324765121428336301e-01 2.308451397230451285e-01
0.000000000000000000e+00 2.676677690172005295e-04 1.107407760436768029e+00 3.560958732441496633e+00 6.217629070073488862e+00 8.740790623919005853e+00 3.332390697857567474e+00 4.491795034805798892e+00 3.132636239907436781e+00 1.717528435357979166e+00 6.722505978959273376e-01
0.000000000000000000e+00 1.227399169728634609e+00 3.125360198324648398e+00 2.538928653636027377e+00 6.047105395663897376e+00 9.103574724594221124e+00 4.752333150689310060e+00 2.090571736723628060e+00 1.783483489677651468e+00 7.156252816839467901e-01 7.228634653363150697e-01
0.000000000000000000e+00 1.707014339913194012e-01 2.138793621112213827e+00 2.108547573917468387e+00 4.225758028756829709e+00 5.543450311077791959e+00 8.558935263060009291e+00 3.939531779469205297e+00 2.010370745432009443e+00 2.168234336239461157e+00 5.818759911465021251e-01
0.000000000000000000e+00 1.209625596275486865e-03 2.676677690172005295e-04 1.890511456159650605e-02 9.682436450917111803e-03 1.125966243137391132e+01 8.751432961672323430e+00 9.466442931215384604e+00 4.123552008712503270e-01 4.268710772584993762e-01 1.460496141102484435e-01
0.000000000000000000e+00 1.209625596275486865e-03 9.602106710608576332e-03 9.605427516128058410e-03 6.836319493333429698e+00 2.017539694464131017e+01 5.107765744054301171e-01 1.225116324301482651e+00 2.913406420409818121e-01 4.267905566490329816e-01 4.170759463990246774e-01
0.000000000000000000e+00 1.209625596275486865e-03 1.209625596275486865e-03 5.856015433974786077e-01 6.277055808817231686e+00 2.246498491099727879e+00 2.022431833103370380e+00 1.218925524654566139e+01 2.855605862707637055e+00 2.084225878878939398e+00 8.881411153392438917e-01
8.961241220529692075e-01 1.601843990840666532e+00 2.563587145157515401e+00 2.970441335502452596e+00 5.706884252689412129e+00 7.262418462258030338e+00 2.576400602683114549e+00 3.011874560925116739e+00 1.496565103283591158e+00 1.240866359584532619e+00 7.243760571792269287e-01
0.000000000000000000e+00 2.676677690172005295e-04 1.209625596275486865e-03 1.065467464950594842e-02 2.143805821339248130e+00 3.714591303044004533e+00 1.488064265005048403e+00 1.365620549399410910e+00 1.708979632393539561e+01 1.565216662862843888e+00 1.529095650334551595e-02
0.000000000000000000e+00 2.676677690172005295e-04 1.209625596275486865e-03 2.676677690172005295e-04 6.763649114793695460e+00 2.644013936792374064e+00 1.365707164008047592e+00 1.436732425344066932e+01 1.500678971160233521e+00 1.460379042118660486e-01 2.033966295189115411e-02
6.352124594239126898e-01 1.341422262596577264e+00 3.182133215327597409e+00 1.262361174465650882e+00 3.891481674915937994e+00 1.071082807190884978e+01 2.576235616216782986e+00 3.011938335324412908e+00 1.496565103283591158e+00 1.240855006526134341e+00 3.967943509951951664e-01
6.352124594239126898e-01 1.341422262596577264e+00 1.888811239166937606e+00 2.313198632663243881e+00 3.891443301918289688e+00 7.262363449282195127e+00 3.156561589383718669e+00 4.744081961866489117e+00 2.005192533895169493e+00 1.732200846337282885e+00 9.133513006627338449e-01
0.000000000000000000e+00 2.676677690172005295e-04 1.209625596275486865e-03 2.676677690172005295e-04 3.302946413878863978e-04 3.810409200751014858e+00 2.654244494609831140e+00 8.583920685859917299e+00 7.833041370902499523e+00 1.506733471951573033e+00 3.572112255952871185e-01
0.000000000000000000e+00 2.676677690172005295e-04 1.209625596275486865e-03 2.676677690172005295e-04 1.227399169728634609e+00 6.834547020439265097e+00 3.336422006566274412e+00 7.470292214757094484e+00 3.258314198131508466e+00 1.353533714793624165e+00 5.106836896995033959e-01
1.223912374777043066e+00 1.301630660582534293e+00 2.563608093372907515e+00 2.970441335502452596e+00 5.706884252689412129e+00 7.262471008680096318e+00 2.576235616216782986e+00 3.011874560925116739e+00 1.496565103283591158e+00 1.240877768392121050e+00 6.898884357536274603e-01
0.000000000000000000e+00 2.676677690172005295e-04 1.209625596275486865e-03 2.676677690172005295e-04 2.939522176379688378e+00 1.037741352981084830e+01 1.872285762497215122e+00 5.106860624052551589e-01 3.114105466147974788e+00 1.813762403336777407e+00 1.819233137906413278e+00
8.961241220529692075e-01 1.048127241387995623e+00 1.816214097938917638e+00 2.418282231832673546e+00 3.891443301918289688e+00 7.443963808364785883e+00 2.990550716741034343e+00 2.577003008422735775e+00 3.011874560925116739e+00 2.244420835635189349e+00 1.311304644244233319e+00
8.762102526740143116e-01 1.089996694029166102e+00 1.888811239166937606e+00 2.313198632663243881e+00 3.891443301918289688e+00 1.071082807190884978e+01 2.576235616216782986e+00 3.011874560925116739e+00 1.496682505385715567e+00 8.760621505547020460e-01 5.125538141363300548e-01
0.000000000000000000e+00 1.209625596275486865e-03 2.676677690172005295e-04 9.602106710608576332e-03 1.632822509905684560e+00 1.554423792188798004e+00 8.792971002432411254e+00 3.382324721190109074e+00 3.455891343387365922e+00 9.161477888285184390e-01 3.890634914779033116e-01
0.000000000000000000e+00 1.209625596275486865e-03 2.676677690172005295e-04 4.280369735532097430e-01 2.303831325973457744e+00 4.430428371635144025e+00 3.463096511416412060e+00 2.711209193806819684e+00 3.456403277251413719e+00 2.556318112353355598e+00 1.330759384320196609e-02
0.000000000000000000e+00 1.209625596275486865e-03 2.676677690172005295e-04 2.676677690172005295e-04 2.813803598752421919e+00 3.449469966096701867e+00 5.497333621631144140e+00 3.194860245187537195e+00 2.387998569938630133e+00 1.277317379196385216e+00 1.337842324957229205e-02
0.000000000000000000e+00 2.676677690172005295e-04 1.209625596275486865e-03 2.676677690172005295e-04 6.376412030290397048e-01 2.748484850699457027e+00 4.705280192899318870e+00 9.648428552096810051e+00 1.937037750267855130e-01 2.814120855272151528e-02 1.306391101719387750e-02
0.000000000000000000e+00 1.209625596275486865e-03 2.676677690172005295e-04 5.856015433974786077e-01 3.047057809896163594e+00 3.366859948558177162e+00 2.328001348827267059e+00 4.872559513947469334e+00 1.117511603707751933e+00 1.480401644368203984e+00 3.744133396197324992e-01
0.000000000000000000e+00 1.209625596275486865e-03 1.209625596275486865e-03 9.602106710608576332e-03 2.809077175524557379e+00 3.361233406571127791e+00 5.497333621631144140e+00 1.181930615647497129e+00 2.654278497115676594e-02 2.751184262040945683e+00 7.388820625614450632e-01
0.000000000000000000e+00 1.209625596275486865e-03 2.676677690172005295e-04 3.362790163989083105e-04 1.209625596275486865e-03 2.073542005284416234e+00 6.204240873493845676e+00 3.624530929729383288e+00 2.360323698493488109e+00 1.278691859023135091e+00 1.276345231858574958e-02
8.961241220529692075e-01 1.048109775007661781e+00 1.888794455990133514e+00 4.207442856811106857e+00 5.706884252689412129e+00 7.262471008680096318e+00 2.576276596329293511e+00 3.011906377246865940e+00 1.496565103283591158e+00 1.240855006526134341e+00 6.898884357536274603e-01
0.000000000000000000e+00 1.209625596275486865e-03 2.676677690172005295e-04 2.926069035148181133e-02 3.744669110378595752e-04 2.767200672798754368e+00 5.153302171142374100e+00 5.711536023140054041e+00 3.471446271763520830e-01 1.176126504383210973e-02 1.942864549896397841e-01
0.000000000000000000e+00 2.676677690172005295e-04 1.209625596275486865e-03 2.676677690172005295e-04 2.218018772016797424e+00 1.375344014015950078e+00 3.261700474173963915e+00 4.039530444677397192e+00 1.704465913811499700e+00 3.755996426499722540e-01 2.101195735172663170e-01
0.000000000000000000e+00 2.676677690172005295e-04 1.209625596275486865e-03 8.370227601372496329e-01 2.271059029832092069e+00 2.959235258436053062e+00 2.355209502791364873e+00 1.734627558432439098e+00 2.375672942115235386e+00 1.795202439124960192e-01 1.169372810734206625e-02
0.000000000000000000e+00 2.676677690172005295e-04 2.676677690172005295e-04 1.209625596275486865e-03 3.610244015254514771e+00 4.800160906453925236e-01 3.997419554949740217e+00 2.887063956169252155e+00 8.502516324993406593e-01 1.140342014996428496e-02 2.664271733076744447e-02
0.000000000000000000e+00 2.676677690172005295e-04 2.676677690172005295e-04 8.990174783201789754e-01 5.632999774684486205e-01 5.888923073394741969e+00 2.310824336807908885e+00 1.463553444639708490e+00 3.468419391701933474e-01 1.152340431045864588e-02 1.944037374542082475e-01
0.000000000000000000e+00 2.676677690172005295e-04 1.209625596275486865e-03 1.209625596275486865e-03 2.968917048321723651e-01 1.887394619925055750e+00 5.047999787209623612e+00 1.627952021843059427e+00 1.503025958350226454e-01 2.026267467640192610e+00 1.791767385952961200e-01
0.000000000000000000e+00 2.676677690172005295e-04 1.209625596275486865e-03 7.772811520003851671e-01 1.174974020227159022e+00 3.272863525860180811e+00 1.475384059922177471e+00 2.472060191149724417e+00 1.185671277855276040e+00 5.147300018680833755e-01 1.944037374542082475e-01
0.000000000000000000e+00 1.209625596275486865e-03 1.209625596275486865e-03 3.243829888803727822e-04 9.602106710608576332e-03 3.704682660624445401e+00 4.522822128791490925e+00 1.489676177849976746e+00 2.976429271711029112e-01 1.534735595564939437e-01 1.668038131713014682e-01
0.000000000000000000e+00 1.209625596275486865e-03 2.676677690172005295e-04 2.676677690172005295e-04 1.661892980664346098e+00 2.689506807942286137e+00 2.316107641615981816e+00 5.146234162885384711e-01 1.302632109331405053e+00 1.895760111569015249e+00 1.137594308232224398e-02
0.000000000000000000e+00 1.209625596275486865e-03 3.243829888803727822e-04 1.209625596275486865e-03 9.602106710608576332e-03 6.190397450961452330e-01 1.342565583993434286e+00 4.838197172171534888e+00 1.627955680927049453e+00 8.873482153118105176e-01 7.299463275129073336e-01
0.000000000000000000e+00 1.209625596275486865e-03 2.676677690172005295e-04 8.967643682741144318e-01 1.553221044978179366e+00 2.654305312741623624e+00 2.246304265729417438e+00 8.873810168103771767e-01 1.014761944517763137e+00 1.537058388387320673e-01 3.622672853098649615e-01
0.000000000000000000e+00 1.209625596275486865e-03 2.676677690172005295e-04 2.676677690172005295e-04 6.209250856757788650e-01 9.145529059825286966e-01 2.108577453771707688e+00 1.240682059745362720e+00 2.246498491099727879e+00 2.327969440034950654e+00 1.119094272533354383e-02
0.000000000000000000e+00 1.209625596275486865e-03 1.209625596275486865e-03 9.602106710608576332e-03 5.187430409765804162e-01 1.090162473219076666e+00 2.326521028715780037e+00 1.685667158007289723e+00 2.370192341751511389e+00 7.432821575696660910e-01 4.417742921889323826e-01
0.000000000000000000e+00 1.209625596275486865e-03 1.065467464950594842e-02 3.024196651401267390e-04 3.710315624154303937e-01 1.803511178141837368e+00 2.919677358194373351e+00 1.580615802920953605e+00 1.895824821859895204e+00 2.975613597707049696e-01 9.547898256807945544e-03
0.000000000000000000e+00 2.676677690172005295e-04 1.209625596275486865e-03 1.203400887870261560e+00 6.302079424433475463e-01 3.626246099814988355e+00 9.501836687973376216e-01 5.026027947627776937e-01 1.244919419471758326e+00 2.976170694882260825e-01 1.670393586568704458e-01
0.000000000000000000e+00 1.209625596275486865e-03 1.209625596275486865e-03 2.676677690172005295e-04 8.967643682741144318e-01 2.151345496718797268e+00 2.124271188809177424e+00 1.370758676726741454e+00 1.244852053060229613e+00 4.551786877975945722e-01 1.536097810744115888e-01
0.000000000000000000e+00 1.209625596275486865e-03 2.676677690172005295e-04 2.676677690172005295e-04 4.439021794680773070e-01 6.408872223992191364e-01 2.979790988634138937e+00 2.526355695214459463e+00 3.789707588196987720e-01 5.027446179295658180e-01 5.992572146941278488e-01
0.000000000000000000e+00 2.676677690172005295e-04 1.065467464950594842e-02 4.137894364858556995e-01 2.353907870458824991e+00 1.318655877284715672e+00 9.757302916017128736e-01 4.249044450050979971e-01 1.751676805040762952e+00 4.415441893451287347e-01 9.447183721021969183e-03
0.000000000000000000e+00 2.676677690172005295e-04 2.676677690172005295e-04 1.065467464950594842e-02 1.203410308687175467e+00 7.978363488771244016e-01 9.575402333539210220e-01 3.156909966062641626e+00 2.552629011784462443e-01 1.009430232627816615e+00 2.301550466440289641e-02
0.000000000000000000e+00 2.676677690172005295e-04 1.209625596275486865e-03 2.676677690172005295e-04 4.439021794680773070e-01 1.510216276560976345e+00 1.136634349785085485e+00 3.367236311651760960e+00 6.264215819899962012e-01 7.976423580815211745e-03 1.977921255976987369e-02
1.223912374777043066e+00 2.090222074997786894e+00 3.364033378471816160e+00 3.891481674915937994e+00 3.190162764457230793e+00 7.262418462258030338e+00 2.576235616216782986e+00 3.011874560925116739e+00 1.496584436551605890e+00 1.240866359584532619e+00 6.209238660306733992e-01
0.000000000000000000e+00 2.676677690172005295e-04 1.209625596275486865e-03 1.065467464950594842e-02 8.569437379792315124e-01 9.235575904246197121e-01 2.181413009918389267e+00 1.593150806167722200e+00 8.857493222334953398e-01 1.316072421506566670e-01 5.418408747214172039e-03
0.000000000000000000e+00 1.209625596275486865e-03 2.676677690172005295e-04 5.688854260442178790e-01 2.103724621600454814e+00 6.065580536043272408e-01 1.064055249791404867e+00 1.370496638202110207e+00 3.909349823941555835e-01 1.313382990208837864e-01 1.981252838841337030e-02
0.000000000000000000e+00 1.209625596275486865e-03 2.676677690172005295e-04 1.209625596275486865e-03 2.845377666565306884e-01 6.728575089288780786e-01 1.303041793161285877e+00 2.565946592005249105e+00 8.471206994605620100e-01 2.672229412636035195e-01 7.725440045266353251e-03
0.000000000000000000e+00 1.209625596275486865e-03 2.676677690172005295e-04 2.845377666565306884e-01 9.932198158661023069e-01 1.002748694728070156e+00 2.566133343844936743e+00 3.321090114428654205e-01 4.415124633006938838e-03 4.268737826023506488e-01 1.981880345008874000e-02
0.000000000000000000e+00 2.676677690172005295e-04 1.209625596275486865e-03 7.576064490833120391e-02 1.032765010481221823e+00 3.270640940578757316e+00 2.792611070434932174e-01 4.456273166975289191e-01 2.147230824892337187e-01 6.462570675234854956e-03 1.684902538011394738e-02
0.000000000000000000e+00 2.676677690172005295e-04 1.209625596275486865e-03 6.376412030290397048e-01 1.342653300323611631e+00 1.818310737447460301e+00 1.908963898840936591e-01 5.340492346252826428e-01 4.267088601217483568e-01 6.413430938949292795e-03 1.219344118214212291e-01
0.000000000000000000e+00 2.676677690172005295e-04 1.209625596275486865e-03 2.676677690172005295e-04 3.726159455842817381e-01 8.445241492779659298e-01 1.102788775560826551e+00 5.398670940306380395e-01 1.065414846773288460e+00 6.327178476595988199e-01 2.165087442272691232e-01
0.000000000000000000e+00 1.209625596275486865e-03 2.676677690172005295e-04 3.995317241729260949e-01 1.125417553386454772e+00 6.025005579294097080e-01 1.745706348239445038e+00 1.819177465273780214e-01 2.792621684072167376e-01 1.417069357615606019e-02 9.370550390474782776e-02
0.000000000000000000e+00 1.209625596275486865e-03 9.602106710608576332e-03 2.488785604194500567e-01 7.208643599954369652e-01 1.303041793161285877e+00 5.406014839931233551e-01 7.291704797148331751e-01 1.908971872303977246e-01 2.701461003404672656e-01 1.025346133892515860e-01
0.000000000000000000e+00 1.209625596275486865e-03 6.542015381653616679e-02 6.976746826316261307e-01 7.390152816580871642e-01 7.025588370559374685e-01 1.382659275104364927e+00 1.025332674173042996e-01 1.907579468346768115e-01 5.217711256701949504e-03 5.303812487812057004e-03
0.000000000000000000e+00 1.209625596275486865e-03 2.676677690172005295e-04 5.716971390444561263e-02 4.683381174690449261e-02 4.352913448256938156e-01 2.168796726846558276e-01 1.553296829036836524e+00 1.165775151612885807e+00 1.025303331403978474e-01 5.067070188229001737e-03
0.000000000000000000e+00 2.676677690172005295e-04 2.676677690172005295e-04 1.209625596275486865e-03 2.858757825983798684e-01 4.189155870132933446e-01 1.091211871989915538e+00 5.995420890549642001e-01 8.103682985922130433e-01 7.675400726056977319e-02 1.416507009170169494e-02
4.418313653943950481e-01 7.564190737440441570e-01 1.001373931263200845e+00 1.380531820854591363e+00 2.313198632663243881e+00 3.891443301918289688e+00 1.071082807190884978e+01 2.576235616216782986e+00 3.011874560925116739e+00 2.244401502367174395e+00 1.311349875667283005e+00
0.000000000000000000e+00 1.065467464950594842e-02 5.688913930363626026e-01 1.203521523914466568e-01 1.689432890256138131e-01 2.628935953283824123e-01 5.465717226978586973e-01 4.869399539190284454e-01 4.871600490806470840e-01 1.163041035172332829e-02 3.902191056731487296e-03
0.000000000000000000e+00 2.676677690172005295e-04 1.036847531593851485e-01 4.352204874897103171e-01 5.246402344577176802e-01 5.465030588793684529e-01 4.524420412640762224e-01 1.886470619966669204e-01 1.289534202056148993e-01 3.211673369243451311e-03 3.193508612418620440e-03
0.000000000000000000e+00 1.209625596275486865e-03 2.664987146698394164e-04 1.062459351361717819e-02 7.472648247304347624e-02 1.487054314332782734e-01 4.786388262349206557e-01 6.337506100449791235e-01 7.083653144685750913e-01 9.541030517541515543e-03 3.179516079851682844e-03
0.000000000000000000e+00 2.676677690172005295e-04 1.209625596275486865e-03 1.707014339913194012e-01 2.000659302028840458e-01 1.799935390555740811e-01 5.246675080508698130e-01 5.464796703547735168e-01 1.079781728989714640e-01 5.251744276761642627e-02 2.457690907571081444e-03
0.000000000000000000e+00 2.664987146698394164e-04 2.676677690172005295e-04 1.918299490883501601e-01 6.227105122127057912e-02 2.030883861420661185e-01 3.849296294622532311e-01 4.231243251467571298e-01 2.115532201279376745e-01 7.969279203025557423e-03 2.516133007630370552e-03
0.000000000000000000e+00 1.209625596275486865e-03 7.472316166752410171e-02 1.060978807112211569e-01 8.697002947236683046e-02 3.393345175620877119e-01 2.169595239903965023e-01 1.790264942309983953e-01 1.811875077991163818e-01 2.000786032404361370e-03 6.653068976492905462e-03
8.961241220529692075e-01 1.601843990840666532e+00 2.563608093372907515e+00 2.970537642663644284e+00 5.706930113504015800e+00 7.262418462258030338e+00 2.576235616216782986e+00 3.011874560925116739e+00 1.496565103283591158e+00 1.240866359584532619e+00 5.692057753025805411e-01
