9.904405276979517253e-03 2.030669739298713789e-05 1.042611885878950420e-03 6.120756514310242598e-05 1.305378667974969658e-04
9.169859830092597780e-03 1.984815402642257782e-05 1.030888992944003482e-03 5.870817007370096629e-05 1.224254124977459566e-04
9.172339658427130366e-03 1.983960859335722249e-05 1.030889303058636890e-03 5.870623544372151575e-05 1.224180371616590912e-04
9.169859830092597780e-03 1.984815402642257782e-05 1.030888992944003482e-03 5.870817007370096629e-05 1.224254124977459566e-04
9.173868071003201535e-03 1.983533954062432122e-05 1.030890671863934731e-03 5.870544583605431452e-05 1.224187538449149641e-04
9.197912890593103533e-03 1.978545397764804029e-05 1.030038740533603019e-03 5.879846914884589949e-05 1.226156230150939053e-04
1.074243237388505627e-02 2.222318260462927359e-05 1.096504238131415726e-03 6.722056198100427734e-05 1.319368367764494330e-04
9.151988977801632855e-03 1.972032102973439265e-05 1.032342919291141586e-03 5.872114933340287111e-05 1.225832607738783773e-04
9.105267370486141987e-03 1.956167324342488430e-05 1.049432539293888291e-03 5.875610497618848603e-05 1.226464472818803884e-04
9.090595360363997249e-03 1.959590106921662469e-05 1.048298540632864673e-03 5.878924608196161374e-05 1.225797784471460109e-04
9.125104969311804634e-03 1.965330718353726691e-05 1.048238971212670564e-03 5.885666266879432273e-05 1.228798478633111898e-04
9.110196235639406517e-03 2.086368493452653899e-05 1.051522190421707963e-03 5.907461707785572285e-05 1.223855197139723258e-04
9.152861371756717407e-03 2.073467056907898174e-05 1.087998948648763453e-03 5.984787042255789455e-05 1.229084671155254553e-04
9.159781516402804719e-03 2.284505550643608579e-05 1.055536930843821442e-03 5.947978148096592829e-05 1.222874960998379440e-04
9.826191506674502446e-03 2.330052099631895986e-05 1.339225953951883076e-03 6.751541515100929313e-05 1.218880647240523396e-04
9.303024187298261985e-03 2.428030199616086119e-05 1.098389999552818082e-03 6.053970200768941039e-05 1.243952098698577840e-04
1.043374503669038979e-02 3.014391916685901909e-05 1.065849017385497996e-03 6.487736455382279381e-05 1.324765568327046440e-04
9.337250121520533283e-03 2.610619757984577831e-05 1.095029472687877089e-03 6.087050763056298992e-05 1.233070533607638500e-04
1.097126426073524036e-02 3.110792622868772023e-05 1.149428230378774082e-03 7.016770293700728858e-05 1.338353521721053158e-04
1.101280154665687863e-02 3.390208644140392253e-05 1.039902723147392545e-03 6.535757633867112827e-05 1.402605058558085375e-04
1.030966157391096163e-02 3.187658158325974570e-05 1.062411148148906422e-03 6.317722970757650922e-05 1.330812879674474225e-04
1.071848186475692598e-02 5.281630490586295188e-05 1.253007500808101795e-03 7.089359676277053393e-05 1.290128524776877150e-04
9.372880989072369246e-03 3.334832385678918466e-05 1.104933458925779757e-03 6.166719478196120807e-05 1.218255196839548794e-04
1.050483493113144214e-02 3.467886019573033536e-05 1.065784176971199372e-03 6.383262634276361909e-05 1.345787170750228662e-04
1.092329810735305842e-02 3.777878854325761695e-05 1.086589677797897236e-03 6.488933653872547096e-05 1.369652192854427101e-04
9.566984517000588772e-03 3.879235711722935363e-05 1.112613373676487900e-03 6.251300008442603983e-05 1.226090105394979628e-04
1.015996118036725619e-02 3.846500518188391893e-05 1.149105557711072728e-03 6.443179494417962242e-05 1.282669472524499354e-04
1.050395580760574328e-02 3.973872345328935217e-05 1.075645807911626778e-03 6.369865155361703428e-05 1.325195874864601106e-04
1.128964155341359923e-02 4.197825188313325111e-05 1.087726684116625342e-03 6.629013401186950366e-05 1.411393887541847732e-04
1.069978154242419086e-02 4.313653108159083580e-05 1.108270055454342899e-03 6.497289909345740043e-05 1.339733551830667277e-04
1.187191840441896400e-02 6.773831300158273576e-05 1.192233141500848373e-03 7.112476653174425254e-05 1.385708050263122638e-04
1.022247774267499333e-02 4.905149608473942434e-05 1.125193454837583856e-03 6.377419283921482789e-05 1.260781214530653593e-04
1.038535300877322862e-02 4.799246014966069521e-05 1.160930657459362898e-03 6.518097009520122740e-05 1.277832927116397772e-04
1.088215953648483808e-02 4.989423326204780708e-05 1.118632295295367415e-03 6.544870747525118081e-05 1.336925943851774770e-04
1.047629212666545927e-02 5.229682451723253377e-05 1.166549801574799606e-03 6.557263254161312463e-05 1.276072732667516340e-04
1.095858253602171109e-02 5.438031232423839605e-05 1.105026218018143958e-03 6.558942172166958755e-05 1.338143453537781846e-04
1.059373408086108567e-02 5.663443771507485901e-05 1.171178308796274724e-03 6.588068895616247815e-05 1.274845508609853543e-04
1.250653969664959272e-02 8.628334132841575450e-05 1.221124234270399385e-03 7.366067936578327060e-05 1.412225243240889045e-04
1.121493212708288278e-02 6.353117075158145200e-05 1.144319857200962534e-03 6.685379471845019194e-05 1.336160473693332579e-04
1.239793151379339070e-02 6.886858650940180110e-05 1.117465745077490151e-03 6.841084488633429280e-05 1.432683725410842965e-04
1.128562779522368845e-02 6.843284646396283113e-05 1.135333923340301442e-03 6.705280844029934525e-05 1.334878824200132034e-04
1.123767904905209267e-02 7.131894407219743553e-05 1.136835772061739296e-03 6.679377004452592876e-05 1.317449380892337795e-04
1.149883268538929616e-02 7.340232759344149545e-05 1.155302749525139849e-03 6.734475760312466869e-05 1.330441349861059472e-04
1.152610700408416428e-02 7.849130355546604643e-05 1.154868924807987869e-03 6.807354581276663032e-05 1.333561787122025633e-04
1.111635748495556561e-02 8.209458027942790595e-05 1.249737710636387522e-03 7.019952541036407066e-05 1.269817939274620988e-04
1.141909694405914520e-02 8.403124849824683703e-05 1.250806804439777951e-03 7.046679575914314910e-05 1.289153673967939314e-04
1.338894452898529291e-02 9.862680570447548219e-05 1.161608765109339338e-03 6.992838189100740898e-05 1.404942021871904523e-04
1.146410583006759500e-02 9.867097982157836743e-05 1.273613807152644030e-03 7.198394038371752927e-05 1.268674618969420440e-04
1.183154872785523691e-02 9.923014781693979694e-05 1.277629454645935227e-03 7.250135299712290847e-05 1.298552668170934127e-04
1.223480493516243724e-02 1.008234433083779962e-04 1.218173444633543221e-03 7.107959281622769495e-05 1.344304173629755318e-04
1.243385727977176433e-02 1.000404072758734786e-04 1.243347078936760455e-03 7.228909562256364456e-05 1.363191701292179039e-04
1.246049252610719957e-02 1.033564259181818585e-04 1.223063320586852999e-03 7.169340220863687214e-05 1.362344095990716711e-04
1.288366772377154933e-02 1.343464546003479297e-04 1.449395208840234192e-03 8.308726985720874881e-05 1.306608314656139153e-04
1.426888349249492115e-02 1.174235060747626529e-04 1.252419029256357594e-03 7.436630227925934808e-05 1.441198320182051804e-04
1.206017083974084310e-02 1.157036759175278265e-04 1.351095525897681813e-03 7.645891578225659231e-05 1.288186436852750293e-04
1.242173614224578379e-02 1.210542792511879525e-04 1.362990420632549313e-03 7.736622936612783390e-05 1.306446541729147225e-04
1.257124303439513188e-02 1.266277041013600128e-04 1.375817332492050701e-03 7.831126244856619187e-05 1.308791025128338387e-04
1.284238998689562518e-02 1.251473070560963827e-04 1.309305737703889919e-03 7.557593907762696049e-05 1.340658407606582761e-04
1.316828989599547715e-02 1.241559623361358615e-04 1.299323845723037840e-03 7.568841338831889447e-05 1.378983636245911988e-04
1.401749054683864779e-02 1.484977577775726902e-04 1.401146446800850907e-03 8.181767198279484086e-05 1.378221074494733465e-04
1.305290422460908886e-02 1.252443664552018452e-04 1.302237313857921566e-03 7.554562917293533195e-05 1.362111989578499111e-04
1.541325922727960866e-02 1.359299077647327869e-04 1.316863500564114178e-03 7.886184506105707657e-05 1.626983576178265938e-04
1.405181858094067121e-02 1.302889480065531924e-04 1.354025243466200346e-03 7.926368703387310082e-05 1.442023378554029554e-04
1.322524771776555606e-02 1.554650655710292410e-04 1.475449856382818814e-03 8.429143622032866782e-05 1.309477775212579810e-04
1.385100652179636210e-02 1.642123902021023249e-04 1.563481462232177693e-03 8.928359851501873376e-05 1.330200966060975218e-04
1.372621719872449061e-02 1.404863633990268226e-04 1.353701578783481118e-03 7.828655459904010230e-05 1.378407340870330176e-04
1.446069491373809697e-02 1.876581596348780683e-04 1.545543634231503387e-03 8.953168769899296018e-05 1.330141023072437694e-04
1.373113368649174666e-02 1.502107913915795611e-04 1.454007809817509708e-03 8.245682066575823468e-05 1.343735501976052720e-04
1.429605386616248502e-02 1.520408777362101992e-04 1.410656490585356559e-03 8.150574858414029965e-05 1.400875202417180884e-04
1.449655663039420977e-02 1.546923198993870659e-04 1.419951365121657543e-03 8.249031523601211690e-05 1.420312994742692857e-04
1.458905918809488486e-02 1.633778642179361509e-04 1.443211020263680941e-03 8.346841913760563931e-05 1.401396886471623061e-04
1.498014429088962395e-02 1.770725516056413597e-04 1.436426810495051260e-03 8.328348368947997057e-05 1.402464338632109409e-04
1.701059790631555269e-02 1.817869092749967652e-04 1.498594993935609826e-03 9.000957154106447406e-05 1.667241417931844376e-04
1.517000632377593465e-02 1.808906982482690301e-04 1.475388722935373677e-03 8.530862987513045082e-05 1.405086526795327247e-04
1.500833795297800387e-02 1.917533779763715206e-04 1.581061845161692075e-03 8.971674965025382587e-05 1.356955306898968607e-04
1.593031116769462463e-02 1.995748492995392490e-04 1.515829613169886831e-03 8.789393515758853973e-05 1.424608911683065363e-04
1.807930122040045037e-02 2.052449878348891260e-04 1.523446873222481868e-03 9.122211939088637985e-05 1.628305422946421460e-04
1.570287615138361501e-02 2.116172737015612154e-04 1.799272759817724127e-03 1.006060363164449332e-04 1.389964035140064513e-04
1.756515913560268566e-02 2.510703646227676819e-04 1.655255983326723657e-03 9.473454073875155039e-05 1.409820134726173899e-04
1.739039617329173407e-02 2.320399326403747246e-04 1.649127683877053092e-03 9.517739267326707153e-05 1.461627263640992403e-04
2.245429467268773849e-02 3.133823709804719982e-04 1.765858855109182605e-03 1.055530109010386139e-04 1.601140386309199339e-04
1.960180066495815013e-02 3.049309316848687634e-04 1.905559623972459234e-03 1.120572492858091054e-04 1.494453988050193662e-04
2.062257667460942051e-02 3.350684572816965559e-04 2.038875391412791824e-03 1.194541220717678943e-04 1.512149984712097845e-04
2.257711676104071780e-02 3.843639494379341758e-04 2.220404633587503250e-03 1.290042337340681518e-04 1.556204012008755044e-04
2.128183450125215384e-02 3.426944585659322381e-04 1.976040365626385593e-03 1.240636967206732279e-04 1.609854288365546366e-04
2.464992349930578835e-02 4.049690908259666257e-04 2.243486635419963873e-03 1.331039814105069552e-04 1.553863435788441737e-04
3.526276037062968383e-02 5.374765809213821266e-04 2.003308637414899160e-03 1.155780059882433047e-04 1.628898674352835876e-04
