4.000000000000000222e-01 5.769999999999999574e-01 5.949999999999999734e-01 5.949999999999999734e-01 8.000000000000000444e-01 2.000000000000000111e-01 -5.000000000000000278e-02 2.000000000000000111e-01 -2.000000000000000111e-01 -2.000000000000000111e-01
4.000000000000000222e-01 5.600000000000000533e-01 6.159999999999999920e-01 7.309999999999999831e-01 8.000000000000000444e-01 2.000000000000000111e-01 -2.000000000000000111e-01 2.000000000000000111e-01 -5.000000000000000278e-02 -2.000000000000000111e-01
4.000000000000000222e-01 5.600000000000000533e-01 6.159999999999999920e-01 7.289999999999999813e-01 8.000000000000000444e-01 2.000000000000000111e-01 -2.000000000000000111e-01 2.000000000000000111e-01 -5.000000000000000278e-02 -2.000000000000000111e-01
4.000000000000000222e-01 5.600000000000000533e-01 6.159999999999999920e-01 7.309999999999999831e-01 8.000000000000000444e-01 2.000000000000000111e-01 -2.000000000000000111e-01 2.000000000000000111e-01 -5.000000000000000278e-02 -2.000000000000000111e-01
4.000000000000000222e-01 5.600000000000000533e-01 6.159999999999999920e-01 7.279999999999999805e-01 8.000000000000000444e-01 2.000000000000000111e-01 -2.000000000000000111e-01 2.000000000000000111e-01 -5.000000000000000278e-02 -2.000000000000000111e-01
4.000000000000000222e-01 5.480000000000000426e-01 6.159999999999999920e-01 7.139999999999999680e-01 8.000000000000000444e-01 2.000000000000000111e-01 -2.000000000000000111e-01 2.000000000000000111e-01 -5.000000000000000278e-02 -2.000000000000000111e-01
4.000000000000000222e-01 5.240000000000000213e-01 5.949999999999999734e-01 6.700000000000000400e-01 8.000000000000000444e-01 2.000000000000000111e-01 -2.000000000000000111e-01 -5.000000000000000278e-02 2.000000000000000111e-01 -2.000000000000000111e-01
4.000000000000000222e-01 5.360000000000000320e-01 6.109999999999999876e-01 7.179999999999999716e-01 8.000000000000000444e-01 2.000000000000000111e-01 -2.000000000000000111e-01 2.000000000000000111e-01 -5.000000000000000278e-02 -2.000000000000000111e-01
4.000000000000000222e-01 5.340000000000000302e-01 5.959999999999999742e-01 7.109999999999999654e-01 8.000000000000000444e-01 2.000000000000000111e-01 -2.000000000000000111e-01 2.000000000000000111e-01 -5.000000000000000278e-02 -2.000000000000000111e-01
4.000000000000000222e-01 5.240000000000000213e-01 5.959999999999999742e-01 7.179999999999999716e-01 8.000000000000000444e-01 2.000000000000000111e-01 -2.000000000000000111e-01 2.000000000000000111e-01 -5.000000000000000278e-02 -2.000000000000000111e-01
4.000000000000000222e-01 5.230000000000000204e-01 5.959999999999999742e-01 7.059999999999999609e-01 7.990000000000000435e-01 2.000000000000000111e-01 -2.000000000000000111e-01 2.000000000000000111e-01 -5.000000000000000278e-02 -2.000000000000000111e-01
4.000000000000000222e-01 5.240000000000000213e-01 5.959999999999999742e-01 7.149999999999999689e-01 7.840000000000000302e-01 2.000000000000000111e-01 -2.000000000000000111e-01 2.000000000000000111e-01 -5.000000000000000278e-02 -2.000000000000000111e-01
4.000000000000000222e-01 5.230000000000000204e-01 5.769999999999999574e-01 6.959999999999999520e-01 7.850000000000000311e-01 2.000000000000000111e-01 -2.000000000000000111e-01 2.000000000000000111e-01 -5.000000000000000278e-02 -2.000000000000000111e-01
4.000000000000000222e-01 5.210000000000000187e-01 5.959999999999999742e-01 7.059999999999999609e-01 7.650000000000000133e-01 2.000000000000000111e-01 -2.000000000000000111e-01 2.000000000000000111e-01 -5.000000000000000278e-02 -2.000000000000000111e-01
4.000000000000000222e-01 5.240000000000000213e-01 5.759999999999999565e-01 7.049999999999999600e-01 7.700000000000000178e-01 2.000000000000000111e-01 2.000000000000000111e-01 -2.000000000000000111e-01 -5.000000000000000278e-02 -2.000000000000000111e-01
4.000000000000000222e-01 5.110000000000000098e-01 5.769999999999999574e-01 6.710000000000000409e-01 7.540000000000000036e-01 2.000000000000000111e-01 -2.000000000000000111e-01 1.990000000000000102e-01 -5.199999999999999761e-02 -2.000000000000000111e-01
4.000000000000000222e-01 4.989999999999999991e-01 5.769999999999999574e-01 6.390000000000000124e-01 7.279999999999999805e-01 2.000000000000000111e-01 -2.000000000000000111e-01 -5.000000000000000278e-02 2.000000000000000111e-01 -2.000000000000000111e-01
4.000000000000000222e-01 5.120000000000000107e-01 5.769999999999999574e-01 6.720000000000000417e-01 7.419999999999999929e-01 2.000000000000000111e-01 -2.000000000000000111e-01 2.000000000000000111e-01 -5.000000000000000278e-02 -2.000000000000000111e-01
4.000000000000000222e-01 4.979999999999999982e-01 5.769999999999999574e-01 6.700000000000000400e-01 7.329999999999999849e-01 2.000000000000000111e-01 -2.000000000000000111e-01 -5.000000000000000278e-02 2.000000000000000111e-01 -2.000000000000000111e-01
4.000000000000000222e-01 5.120000000000000107e-01 5.420000000000000373e-01 6.139999999999999902e-01 7.089999999999999636e-01 2.000000000000000111e-01 -5.000000000000000278e-02 -2.000000000000000111e-01 2.000000000000000111e-01 -2.000000000000000111e-01
4.000000000000000222e-01 5.000000000000000000e-01 5.610000000000000542e-01 5.959999999999999742e-01 7.149999999999999689e-01 2.000000000000000111e-01 -2.000000000000000111e-01 -5.000000000000000278e-02 2.000000000000000111e-01 -2.000000000000000111e-01
4.000000000000000222e-01 4.000000000000000222e-01 5.340000000000000302e-01 5.959999999999999742e-01 6.949999999999999512e-01 -2.000000000000000111e-01 2.000000000000000111e-01 2.000000000000000111e-01 -5.000000000000000278e-02 -2.000000000000000111e-01
4.000000000000000222e-01 5.090000000000000080e-01 5.769999999999999574e-01 6.840000000000000524e-01 7.079999999999999627e-01 2.000000000000000111e-01 -2.000000000000000111e-01 2.000000000000000111e-01 -5.000000000000000278e-02 -2.000000000000000111e-01
4.000000000000000222e-01 5.000000000000000000e-01 5.480000000000000426e-01 5.959999999999999742e-01 7.039999999999999591e-01 2.000000000000000111e-01 -2.000000000000000111e-01 -5.000000000000000278e-02 2.000000000000000111e-01 -2.000000000000000111e-01
4.000000000000000222e-01 5.240000000000000213e-01 5.410000000000000364e-01 5.769999999999999574e-01 6.939999999999999503e-01 2.000000000000000111e-01 -5.000000000000000278e-02 -2.000000000000000111e-01 2.000000000000000111e-01 -2.000000000000000111e-01
4.000000000000000222e-01 4.989999999999999991e-01 5.769999999999999574e-01 6.640000000000000346e-01 6.899999999999999467e-01 2.000000000000000111e-01 -2.000000000000000111e-01 2.000000000000000111e-01 -5.000000000000000278e-02 -2.000000000000000111e-01
4.000000000000000222e-01 5.000000000000000000e-01 5.610000000000000542e-01 5.959999999999999742e-01 6.909999999999999476e-01 2.000000000000000111e-01 -2.000000000000000111e-01 2.000000000000000111e-01 -5.000000000000000278e-02 -2.000000000000000111e-01
4.000000000000000222e-01 5.120000000000000107e-01 5.610000000000000542e-01 5.959999999999999742e-01 6.870000000000000551e-01 2.000000000000000111e-01 -2.000000000000000111e-01 -5.000000000000000278e-02 2.000000000000000111e-01 -2.000000000000000111e-01
4.000000000000000222e-01 5.000000000000000000e-01 5.220000000000000195e-01 5.769999999999999574e-01 6.810000000000000497e-01 2.000000000000000111e-01 -5.000000000000000278e-02 -2.000000000000000111e-01 2.000000000000000111e-01 -2.000000000000000111e-01
4.000000000000000222e-01 4.939999999999999947e-01 5.470000000000000417e-01 5.769999999999999574e-01 6.780000000000000471e-01 2.000000000000000111e-01 -2.000000000000000111e-01 -5.000000000000000278e-02 2.000000000000000111e-01 -2.000000000000000111e-01
4.000000000000000222e-01 4.000000000000000222e-01 5.180000000000000160e-01 5.610000000000000542e-01 6.620000000000000329e-01 -2.000000000000000111e-01 2.000000000000000111e-01 -5.000000000000000278e-02 2.000000000000000111e-01 -2.000000000000000111e-01
4.000000000000000222e-01 5.110000000000000098e-01 5.759999999999999565e-01 6.149999999999999911e-01 6.640000000000000346e-01 2.000000000000000111e-01 -2.000000000000000111e-01 2.000000000000000111e-01 -5.000000000000000278e-02 -2.000000000000000111e-01
4.000000000000000222e-01 5.000000000000000000e-01 5.610000000000000542e-01 5.959999999999999742e-01 6.660000000000000364e-01 2.000000000000000111e-01 -2.000000000000000111e-01 2.000000000000000111e-01 -5.000000000000000278e-02 -2.000000000000000111e-01
4.000000000000000222e-01 4.959999999999999964e-01 5.470000000000000417e-01 5.769999999999999574e-01 6.620000000000000329e-01 2.000000000000000111e-01 -2.000000000000000111e-01 -5.000000000000000278e-02 2.000000000000000111e-01 -2.000000000000000111e-01
4.000000000000000222e-01 4.969999999999999973e-01 5.610000000000000542e-01 5.959999999999999742e-01 6.570000000000000284e-01 2.000000000000000111e-01 -2.000000000000000111e-01 2.000000000000000111e-01 -5.000000000000000278e-02 -2.000000000000000111e-01
4.000000000000000222e-01 4.969999999999999973e-01 5.480000000000000426e-01 5.959999999999999742e-01 6.540000000000000258e-01 2.000000000000000111e-01 -2.000000000000000111e-01 -5.000000000000000278e-02 2.000000000000000111e-01 -2.000000000000000111e-01
4.000000000000000222e-01 4.989999999999999991e-01 5.610000000000000542e-01 5.959999999999999742e-01 6.490000000000000213e-01 2.000000000000000111e-01 -2.000000000000000111e-01 2.000000000000000111e-01 -5.000000000000000278e-02 -2.000000000000000111e-01
4.000000000000000222e-01 4.000000000000000222e-01 5.000000000000000000e-01 5.769999999999999574e-01 6.350000000000000089e-01 -2.000000000000000111e-01 2.000000000000000111e-01 -5.000000000000000278e-02 2.000000000000000111e-01 -2.000000000000000111e-01
4.000000000000000222e-01 4.849999999999999867e-01 5.450000000000000400e-01 5.769999999999999574e-01 6.380000000000000115e-01 2.000000000000000111e-01 -2.000000000000000111e-01 -5.000000000000000278e-02 2.000000000000000111e-01 -2.000000000000000111e-01
4.000000000000000222e-01 4.869999999999999885e-01 5.220000000000000195e-01 5.769999999999999574e-01 6.350000000000000089e-01 2.000000000000000111e-01 -5.000000000000000278e-02 -2.000000000000000111e-01 2.000000000000000111e-01 -2.000000000000000111e-01
4.000000000000000222e-01 4.919999999999999929e-01 5.480000000000000426e-01 5.949999999999999734e-01 6.320000000000000062e-01 2.000000000000000111e-01 -2.000000000000000111e-01 -5.000000000000000278e-02 2.000000000000000111e-01 -2.000000000000000111e-01
4.000000000000000222e-01 5.000000000000000000e-01 5.610000000000000542e-01 5.959999999999999742e-01 6.290000000000000036e-01 2.000000000000000111e-01 -2.000000000000000111e-01 -5.000000000000000278e-02 2.000000000000000111e-01 -2.000000000000000111e-01
4.000000000000000222e-01 4.949999999999999956e-01 5.480000000000000426e-01 5.769999999999999574e-01 6.250000000000000000e-01 2.000000000000000111e-01 -2.000000000000000111e-01 -5.000000000000000278e-02 2.000000000000000111e-01 -2.000000000000000111e-01
4.000000000000000222e-01 4.919999999999999929e-01 5.480000000000000426e-01 5.959999999999999742e-01 6.199999999999999956e-01 2.000000000000000111e-01 -2.000000000000000111e-01 -5.000000000000000278e-02 2.000000000000000111e-01 -2.000000000000000111e-01
4.000000000000000222e-01 4.729999999999999760e-01 5.480000000000000426e-01 5.949999999999999734e-01 6.129999999999999893e-01 2.000000000000000111e-01 -2.000000000000000111e-01 2.000000000000000111e-01 -5.000000000000000278e-02 -2.000000000000000111e-01
4.000000000000000222e-01 4.739999999999999769e-01 5.480000000000000426e-01 5.769999999999999574e-01 6.109999999999999876e-01 2.000000000000000111e-01 -2.000000000000000111e-01 2.000000000000000111e-01 -5.000000000000000278e-02 -2.000000000000000111e-01
4.000000000000000222e-01 5.000000000000000000e-01 5.220000000000000195e-01 5.769999999999999574e-01 6.089999999999999858e-01 2.000000000000000111e-01 -5.000000000000000278e-02 -2.000000000000000111e-01 2.000000000000000111e-01 -2.000000000000000111e-01
4.000000000000000222e-01 4.709999999999999742e-01 5.470000000000000417e-01 5.959999999999999742e-01 5.979999999999999760e-01 2.000000000000000111e-01 -2.000000000000000111e-01 2.000000000000000111e-01 -2.000000000000000111e-01 -5.000000000000000278e-02
4.000000000000000222e-01 4.610000000000000209e-01 5.480000000000000426e-01 5.679999999999999494e-01 5.959999999999999742e-01 2.000000000000000111e-01 -2.000000000000000111e-01 2.000000000000000111e-01 -5.000000000000000278e-02 -2.000000000000000111e-01
4.000000000000000222e-01 4.719999999999999751e-01 5.360000000000000320e-01 5.769999999999999574e-01 5.959999999999999742e-01 2.000000000000000111e-01 -2.000000000000000111e-01 -5.000000000000000278e-02 2.000000000000000111e-01 -2.000000000000000111e-01
4.000000000000000222e-01 4.600000000000000200e-01 5.220000000000000195e-01 5.610000000000000542e-01 5.959999999999999742e-01 2.000000000000000111e-01 -2.000000000000000111e-01 -5.000000000000000278e-02 2.000000000000000111e-01 -2.000000000000000111e-01
4.000000000000000222e-01 4.699999999999999734e-01 5.240000000000000213e-01 5.769999999999999574e-01 5.939999999999999725e-01 2.000000000000000111e-01 -2.000000000000000111e-01 -5.000000000000000278e-02 2.000000000000000111e-01 -2.000000000000000111e-01
4.000000000000000222e-01 4.000000000000000222e-01 5.240000000000000213e-01 5.610000000000000542e-01 5.869999999999999662e-01 -2.000000000000000111e-01 2.000000000000000111e-01 2.000000000000000111e-01 -5.000000000000000278e-02 -2.000000000000000111e-01
4.000000000000000222e-01 4.799999999999999822e-01 4.939999999999999947e-01 5.480000000000000426e-01 5.869999999999999662e-01 2.000000000000000111e-01 -5.000000000000000278e-02 -2.000000000000000111e-01 2.000000000000000111e-01 -2.000000000000000111e-01
4.000000000000000222e-01 4.460000000000000075e-01 5.360000000000000320e-01 5.769999999999999574e-01 5.829999999999999627e-01 2.000000000000000111e-01 -2.000000000000000111e-01 2.000000000000000111e-01 -5.000000000000000278e-02 -2.000000000000000111e-01
4.000000000000000222e-01 4.400000000000000022e-01 5.360000000000000320e-01 5.610000000000000542e-01 5.799999999999999600e-01 2.000000000000000111e-01 -2.000000000000000111e-01 2.000000000000000111e-01 -5.000000000000000278e-02 -2.000000000000000111e-01
4.000000000000000222e-01 4.339999999999999969e-01 5.360000000000000320e-01 5.590000000000000524e-01 5.769999999999999574e-01 2.000000000000000111e-01 -2.000000000000000111e-01 2.000000000000000111e-01 -5.000000000000000278e-02 -2.000000000000000111e-01
4.000000000000000222e-01 4.450000000000000067e-01 5.360000000000000320e-01 5.580000000000000515e-01 5.769999999999999574e-01 2.000000000000000111e-01 -2.000000000000000111e-01 -5.000000000000000278e-02 2.000000000000000111e-01 -2.000000000000000111e-01
4.000000000000000222e-01 4.460000000000000075e-01 5.120000000000000107e-01 5.610000000000000542e-01 5.779999999999999583e-01 2.000000000000000111e-01 -2.000000000000000111e-01 -5.000000000000000278e-02 2.000000000000000111e-01 -2.000000000000000111e-01
4.000000000000000222e-01 4.000000000000000222e-01 5.120000000000000107e-01 5.570000000000000506e-01 5.769999999999999574e-01 -2.000000000000000111e-01 2.000000000000000111e-01 -5.000000000000000278e-02 2.000000000000000111e-01 -2.000000000000000111e-01
4.000000000000000222e-01 4.470000000000000084e-01 5.220000000000000195e-01 5.610000000000000542e-01 5.769999999999999574e-01 2.000000000000000111e-01 -2.000000000000000111e-01 -5.000000000000000278e-02 2.000000000000000111e-01 -2.000000000000000111e-01
4.000000000000000222e-01 4.000000000000000222e-01 4.620000000000000218e-01 5.360000000000000320e-01 5.689999999999999503e-01 -5.000000000000000278e-02 2.000000000000000111e-01 -2.000000000000000111e-01 1.910000000000000031e-01 -2.000000000000000111e-01
4.000000000000000222e-01 4.460000000000000075e-01 4.799999999999999822e-01 5.360000000000000320e-01 5.729999999999999538e-01 2.000000000000000111e-01 -2.000000000000000111e-01 -5.000000000000000278e-02 2.000000000000000111e-01 -2.000000000000000111e-01
4.000000000000000222e-01 4.209999999999999853e-01 5.240000000000000213e-01 5.610000000000000542e-01 5.639999999999999458e-01 2.000000000000000111e-01 -2.000000000000000111e-01 2.000000000000000111e-01 -2.000000000000000111e-01 -5.000000000000000278e-02
4.000000000000000222e-01 4.000000000000000222e-01 5.120000000000000107e-01 5.480000000000000426e-01 5.669999999999999485e-01 -2.000000000000000111e-01 2.000000000000000111e-01 2.000000000000000111e-01 -5.000000000000000278e-02 -2.000000000000000111e-01
4.000000000000000222e-01 4.420000000000000040e-01 5.120000000000000107e-01 5.480000000000000426e-01 5.669999999999999485e-01 2.000000000000000111e-01 -2.000000000000000111e-01 -5.000000000000000278e-02 2.000000000000000111e-01 -2.000000000000000111e-01
4.000000000000000222e-01 4.000000000000000222e-01 5.240000000000000213e-01 5.520000000000000462e-01 5.520000000000000462e-01 -2.000000000000000111e-01 2.000000000000000111e-01 2.000000000000000111e-01 -2.000000000000000111e-01 -5.000000000000000278e-02
4.000000000000000222e-01 4.380000000000000004e-01 5.240000000000000213e-01 5.360000000000000320e-01 5.610000000000000542e-01 2.000000000000000111e-01 -2.000000000000000111e-01 2.000000000000000111e-01 -5.000000000000000278e-02 -2.000000000000000111e-01
4.000000000000000222e-01 4.329999999999999960e-01 5.000000000000000000e-01 5.360000000000000320e-01 5.610000000000000542e-01 2.000000000000000111e-01 -2.000000000000000111e-01 -5.000000000000000278e-02 2.000000000000000111e-01 -2.000000000000000111e-01
4.000000000000000222e-01 4.259999999999999898e-01 4.899999999999999911e-01 5.360000000000000320e-01 5.610000000000000542e-01 2.000000000000000111e-01 -2.000000000000000111e-01 -5.000000000000000278e-02 2.000000000000000111e-01 -2.000000000000000111e-01
4.000000000000000222e-01 4.219999999999999862e-01 5.000000000000000000e-01 5.360000000000000320e-01 5.570000000000000506e-01 2.000000000000000111e-01 -2.000000000000000111e-01 -5.000000000000000278e-02 2.000000000000000111e-01 -2.000000000000000111e-01
4.000000000000000222e-01 4.299999999999999933e-01 5.000000000000000000e-01 5.480000000000000426e-01 5.490000000000000435e-01 2.000000000000000111e-01 -2.000000000000000111e-01 -5.000000000000000278e-02 2.000000000000000111e-01 -2.000000000000000111e-01
4.000000000000000222e-01 4.000000000000000222e-01 4.309999999999999942e-01 5.120000000000000107e-01 5.450000000000000400e-01 -5.000000000000000278e-02 2.000000000000000111e-01 -2.000000000000000111e-01 1.940000000000000058e-01 -2.000000000000000111e-01
4.000000000000000222e-01 4.219999999999999862e-01 4.989999999999999991e-01 5.360000000000000320e-01 5.480000000000000426e-01 2.000000000000000111e-01 -2.000000000000000111e-01 -5.000000000000000278e-02 2.000000000000000111e-01 -2.000000000000000111e-01
4.000000000000000222e-01 4.299999999999999933e-01 5.120000000000000107e-01 5.360000000000000320e-01 5.410000000000000364e-01 2.000000000000000111e-01 -2.000000000000000111e-01 2.000000000000000111e-01 -5.000000000000000278e-02 -2.000000000000000111e-01
4.000000000000000222e-01 4.169999999999999818e-01 4.899999999999999911e-01 5.360000000000000320e-01 5.410000000000000364e-01 2.000000000000000111e-01 -2.000000000000000111e-01 -5.000000000000000278e-02 2.000000000000000111e-01 -2.000000000000000111e-01
4.000000000000000222e-01 4.159999999999999809e-01 4.430000000000000049e-01 5.120000000000000107e-01 5.360000000000000320e-01 2.000000000000000111e-01 -5.000000000000000278e-02 -2.000000000000000111e-01 1.970000000000000084e-01 -2.000000000000000111e-01
4.000000000000000222e-01 4.219999999999999862e-01 4.899999999999999911e-01 5.240000000000000213e-01 5.360000000000000320e-01 2.000000000000000111e-01 -2.000000000000000111e-01 2.000000000000000111e-01 -5.000000000000000278e-02 -2.000000000000000111e-01
4.000000000000000222e-01 4.069999999999999729e-01 5.000000000000000000e-01 5.240000000000000213e-01 5.270000000000000240e-01 2.000000000000000111e-01 -2.000000000000000111e-01 -5.000000000000000278e-02 -2.000000000000000111e-01 1.980000000000000093e-01
4.000000000000000222e-01 4.159999999999999809e-01 4.789999999999999813e-01 5.120000000000000107e-01 5.280000000000000249e-01 2.000000000000000111e-01 -2.000000000000000111e-01 -5.000000000000000278e-02 2.000000000000000111e-01 -2.000000000000000111e-01
4.060000000000000275e-01 4.369999999999999996e-01 4.470000000000000084e-01 5.120000000000000107e-01 5.130000000000000115e-01 2.000000000000000111e-01 -5.000000000000000278e-02 -2.000000000000000111e-01 -2.000000000000000111e-01 1.980000000000000093e-01
4.030000000000000249e-01 4.060000000000000275e-01 4.839999999999999858e-01 5.120000000000000107e-01 5.130000000000000115e-01 -2.000000000000000111e-01 2.000000000000000111e-01 -5.000000000000000278e-02 2.000000000000000111e-01 -2.000000000000000111e-01
4.000000000000000222e-01 4.060000000000000275e-01 4.869999999999999885e-01 5.000000000000000000e-01 5.070000000000000062e-01 -2.000000000000000111e-01 2.000000000000000111e-01 -5.000000000000000278e-02 2.000000000000000111e-01 -2.000000000000000111e-01
4.000000000000000222e-01 4.060000000000000275e-01 4.819999999999999840e-01 4.879999999999999893e-01 4.969999999999999973e-01 -2.000000000000000111e-01 2.000000000000000111e-01 -5.099999999999999672e-02 1.980000000000000093e-01 -2.000000000000000111e-01
4.060000000000000275e-01 4.159999999999999809e-01 4.799999999999999822e-01 4.899999999999999911e-01 4.929999999999999938e-01 -2.000000000000000111e-01 6.300000000000000044e-02 2.000000000000000111e-01 -5.000000000000000278e-02 -2.000000000000000111e-01
4.060000000000000275e-01 4.249999999999999889e-01 4.699999999999999734e-01 4.799999999999999822e-01 4.829999999999999849e-01 -2.000000000000000111e-01 5.000000000000000278e-02 2.000000000000000111e-01 -5.000000000000000278e-02 -2.000000000000000111e-01
4.000000000000000222e-01 4.060000000000000275e-01 4.279999999999999916e-01 4.590000000000000191e-01 4.590000000000000191e-01 5.000000000000000278e-02 -2.000000000000000111e-01 -5.000000000000000278e-02 -2.000000000000000111e-01 2.000000000000000111e-01
