-8.531977533324461405e+00 5.821855347364459732e+01
-8.698480723197219433e+00 4.688797931809800446e+01
-8.698509051528393599e+00 4.718690635433071634e+01
-8.698480723197219433e+00 4.688797931809800446e+01
-8.698491303993057144e+00 4.705545638558734112e+01
-8.692286583531144473e+00 4.460435093314510624e+01
-8.387525510838532483e+00 4.396973931778192224e+01
-8.681531707087032146e+00 4.347523158702370694e+01
-8.660729907837758645e+00 4.233347111517044681e+01
-8.648259441132724490e+00 4.146497697633646595e+01
-8.630623764257729036e+00 4.124442013385142758e+01
-8.456976625915714862e+00 4.014437843491396052e+01
-8.410369465037369707e+00 3.968981198569418467e+01
-8.194287164614095786e+00 3.897346601375361530e+01
-7.855482702021965302e+00 3.820625506194053855e+01
-7.929419141155205963e+00 3.747657101893758380e+01
-7.423797391347130237e+00 3.661349603561373556e+01
-7.775119317819184417e+00 3.597462045821842480e+01
-7.345992462384691279e+00 3.516568318777593305e+01
-7.014518687374247108e+00 3.441761642880602778e+01
-7.229841704795412660e+00 3.357623294001749059e+01
-6.351932123979166178e+00 3.290312646456408885e+01
-7.232486718640233292e+00 3.223985066957600054e+01
-7.018908103831217993e+00 3.143340345630956989e+01
-6.697701474465548088e+00 3.068902936072056420e+01
-6.894765481127036466e+00 2.997007064159653211e+01
-6.762554365148609747e+00 2.920995804824489284e+01
-6.720821646954283857e+00 2.849971444796614861e+01
-6.442782239522289345e+00 2.774090583669216414e+01
-6.504018538060902799e+00 2.695044773147585460e+01
-5.806284772524836768e+00 2.617598369862852437e+01
-6.296856938006909488e+00 2.541170336454349155e+01
-6.282180287116521100e+00 2.467250459742036739e+01
-6.185052083124753963e+00 2.396643377777280648e+01
-6.103155327774740790e+00 2.321259149218924733e+01
-6.046064040220315405e+00 2.247856443513458657e+01
-5.928038398127444708e+00 2.164489324169681339e+01
-5.302263978221930074e+00 2.078245764503539306e+01
-5.687042504696250944e+00 2.008834251126852166e+01
-5.341976566319562636e+00 1.947707399438636955e+01
-5.562920703367955966e+00 1.869772611749231572e+01
-5.484587600599017065e+00 1.793697174521939530e+01
-5.360119241075951280e+00 1.720542120510597073e+01
-5.271892109282799055e+00 1.648552924643979622e+01
-5.128858878245091901e+00 1.571497892686799069e+01
-5.045248653217528023e+00 1.496197151432761530e+01
-4.609787627931957843e+00 1.417224126794719652e+01
-4.722841484274820978e+00 1.342624439720316509e+01
-4.703188157442260042e+00 1.270193365045295941e+01
-4.696330279657318307e+00 1.155879015274539334e+01
-4.665206372214901975e+00 1.151249627139978315e+01
-4.626981826397871700e+00 1.137584964529589548e+01
-4.282562041786871276e+00 1.107510172756042621e+01
-4.078970213985668281e+00 1.078832275124581130e+01
-4.371878608419049073e+00 1.047475590501555942e+01
-4.271835270541894936e+00 1.013377575368489758e+01
-4.198308837270687377e+00 9.423341173636126555e+00
-4.230468328992883720e+00 9.163395389568524507e+00
-4.210957806465920328e+00 9.185792185118067721e+00
-4.075657098519894106e+00 8.938703605708752775e+00
-4.205084539888446216e+00 8.611684510034157469e+00
-3.491355441738154930e+00 8.399899293742675965e+00
-3.903623360973505374e+00 8.044709822849011260e+00
-3.740194770137845293e+00 7.599833375613801678e+00
-3.714038252735305523e+00 7.459086427643727646e+00
-3.883130106011438265e+00 7.185497542707631524e+00
-3.448983117172990109e+00 6.863847081358514401e+00
-3.651295608308074758e+00 6.592329686277516032e+00
-3.653537428477224402e+00 5.994574012579953148e+00
-3.634402882949459457e+00 5.932287906123413279e+00
-3.551634430881836391e+00 5.679604155436621227e+00
-3.373047512060401321e+00 5.332877641543436020e+00
-2.767667309367025652e+00 5.082725543812382618e+00
-3.303248315544475400e+00 4.763607184888315693e+00
-3.016809214675503448e+00 4.497431498744950851e+00
-3.082585753253101135e+00 4.193001990833242765e+00
-2.473387249716500147e+00 3.896762134191834370e+00
-2.625617309276520928e+00 3.500168966265554182e+00
-2.552718272256864207e+00 3.288522815774805430e+00
-2.523344206099264575e+00 2.999506320672336024e+00
-1.422477657958445718e+00 2.697589544016012475e+00
-1.898800551016389004e+00 2.368412362775061286e+00
-1.605149363177541755e+00 2.072496755253252054e+00
-1.102945930346249215e+00 1.796762989233793073e+00
-4.940624491829387899e-01 1.485422891201780837e+00
1.044202394951350560e-01 1.194389017616043658e+00
9.903694690120617983e-01 8.970151186014098110e-01
