0.000000000000000000e+00 1.840965469530921794e+01 2.448585601914630594e+00 5.524472826599221426e-02 3.730506844815475631e+01
0.000000000000000000e+00 1.285359145117000601e+01 1.020933484933997981e+01 2.093092629659119908e+01 2.894126720996821334e+00
0.000000000000000000e+00 1.285359145117000601e+01 1.020933484933997981e+01 2.056793002052523178e+01 3.556050033295498292e+00
0.000000000000000000e+00 1.285359145117000601e+01 1.020933484933997981e+01 2.093092629659119908e+01 2.894126720996821334e+00
0.000000000000000000e+00 1.285359145117000601e+01 1.020933484933997981e+01 2.038643188249225346e+01 3.606098202585101387e+00
0.000000000000000000e+00 9.244850291985102331e+00 1.237583447583794971e+01 1.784545795003051083e+01 5.138208215291550474e+00
0.000000000000000000e+00 4.536178078084791565e+00 9.690843291552351246e+00 1.362540015261944681e+01 1.611731779552533084e+01
0.000000000000000000e+00 6.557834097101928883e+00 1.253863797375145239e+01 1.947938855087237542e+01 4.899370965297955571e+00
0.000000000000000000e+00 6.461639773253226693e+00 8.471890586368907350e+00 2.093260727856738868e+01 6.467333476980925866e+00
0.000000000000000000e+00 4.536178078084791565e+00 9.826333688155461488e+00 2.220309424479825822e+01 4.899370965297955571e+00
0.000000000000000000e+00 4.499697657181807919e+00 9.961775210983374151e+00 2.002511658840247577e+01 6.757830677283769738e+00
0.000000000000000000e+00 4.536178078084791565e+00 9.826333688155461488e+00 2.165859983069931261e+01 4.123266837974398413e+00
0.000000000000000000e+00 4.499697657181807919e+00 5.659940082569320907e+00 2.165993364627125928e+01 7.870240599671797455e+00
0.000000000000000000e+00 4.426736815375841516e+00 1.023265675396908669e+01 2.002511658840247577e+01 4.288955856006212208e+00
0.000000000000000000e+00 4.536178078084791565e+00 5.434595921748061720e+00 2.351083338452908578e+01 4.724647677578602156e+00
0.000000000000000000e+00 3.173061620069051791e+00 6.905141349676775953e+00 1.712209142940798401e+01 1.027627661978377205e+01
0.000000000000000000e+00 2.212326705054877163e+00 8.150289019096806697e+00 1.126595664964414212e+01 1.498492366181790736e+01
0.000000000000000000e+00 3.201559045966855255e+00 6.801376647581610868e+00 1.730397833347971570e+01 8.667706431190243421e+00
0.000000000000000000e+00 2.190057698961986876e+00 8.254048956930965630e+00 1.689239892866658010e+01 7.829177603216401771e+00
0.000000000000000000e+00 3.201559045966855255e+00 1.874011592287853301e+00 1.204090112004208990e+01 1.730114467050922755e+01
0.000000000000000000e+00 2.234595711147767005e+00 4.931118256853954662e+00 4.751919141316455431e+00 2.165859983069931261e+01
0.000000000000000000e+00 1.213025881223011790e-02 6.461639773253226693e+00 8.448003950275134954e+00 1.798135248222349603e+01
0.000000000000000000e+00 3.116066768273443088e+00 7.112669638393534832e+00 1.948195598987550170e+01 2.529158273033522253e+00
0.000000000000000000e+00 2.234595711147767005e+00 3.023412127005215666e+00 6.513275305820072525e+00 1.966212031233651558e+01
0.000000000000000000e+00 4.536178078084791565e+00 1.063880025973290122e+00 3.792033886457187197e+00 2.129693737020529554e+01
0.000000000000000000e+00 2.212326705054877163e+00 8.150289019096806697e+00 1.585199322921586251e+01 3.755461688228987516e+00
0.000000000000000000e+00 2.234595711147767005e+00 4.931118256853954662e+00 4.788884150151604402e+00 1.725535993009156499e+01
0.000000000000000000e+00 3.201559045966855255e+00 3.969584294906993716e+00 4.751919141316455431e+00 1.657665196577584510e+01
0.000000000000000000e+00 2.234595711147767005e+00 8.051396065114378997e-01 5.763708943256410144e+00 1.893746157577654898e+01
0.000000000000000000e+00 2.100981674590426618e+00 3.334840284198612004e+00 3.121658611009211270e+00 1.839296716167760337e+01
0.000000000000000000e+00 1.213025881223011790e-02 4.317295552666893244e+00 3.452661127615101577e+00 1.839389675953430014e+01
0.000000000000000000e+00 3.173061620069051791e+00 6.801334659984611619e+00 6.530942844995919039e+00 8.906364239493905544e+00
0.000000000000000000e+00 2.234595711147767005e+00 4.931118256853954662e+00 4.788884150151604402e+00 1.271790647926704132e+01
0.000000000000000000e+00 2.145519686776206747e+00 3.210258526837491466e+00 3.121658611009211270e+00 1.548899695314989877e+01
0.000000000000000000e+00 2.167788692869097478e+00 5.171495412198340524e+00 4.788884150151604402e+00 1.108442323697020448e+01
0.000000000000000000e+00 2.167788692869097478e+00 3.210287025757981638e+00 6.513275305820072525e+00 1.058721341068743804e+01
0.000000000000000000e+00 2.212326705054877163e+00 5.011244253783984526e+00 4.788884150151604402e+00 9.632438132706347744e+00
0.000000000000000000e+00 1.213025881223011790e-02 2.234595711147767005e+00 8.000429144075109633e+00 1.053530253100028702e+01
0.000000000000000000e+00 1.855223960745286504e+00 3.770808260295241965e+00 3.329268649869659313e+00 1.113304164035833566e+01
0.000000000000000000e+00 1.898699547112903119e+00 1.279362973016768379e+00 5.763708943256410144e+00 1.053530253100028702e+01
0.000000000000000000e+00 2.056443662404646489e+00 3.521740885505023844e+00 6.377784909216961395e+00 6.741756660365684439e+00
0.000000000000000000e+00 2.234595711147767005e+00 4.931118256853954662e+00 4.751919141316455431e+00 6.019338635901215540e+00
0.000000000000000000e+00 2.123250680683316904e+00 3.334869212704434815e+00 3.017853495374770656e+00 8.729447816343446576e+00
0.000000000000000000e+00 2.056443662404646489e+00 3.521740885505023844e+00 6.513275305820072525e+00 4.394069392710054700e+00
0.000000000000000000e+00 1.594370442539583932e+00 4.705217546688194474e+00 6.415237432628249969e+00 3.000153505011961652e+00
0.000000000000000000e+00 1.616108235723393127e+00 4.642931161528128570e+00 3.046547945855513806e+00 5.656384171220579127e+00
0.000000000000000000e+00 2.234595711147767005e+00 8.051396065114378997e-01 5.763708943256410144e+00 5.368797007031581359e+00
0.000000000000000000e+00 1.550894856171966874e+00 4.767470007284345890e+00 6.686250768222554264e+00 4.216287655242981214e-01
0.000000000000000000e+00 1.333516924333883802e+00 5.452638436023649504e+00 2.112287738626045019e+00 3.803490551469382641e+00
0.000000000000000000e+00 1.572632649355776069e+00 3.102302974150509041e+00 4.263510679968112171e+00 2.620343849270997172e+00
0.000000000000000000e+00 1.311779131150074829e+00 2.279808997467921650e+00 3.132023992630182718e+00 4.788884150151604402e+00
0.000000000000000000e+00 1.529157062988159010e+00 1.988170669458591000e+00 5.509158856784363678e+00 2.349363056064782018e+00
0.000000000000000000e+00 1.213025881223011790e-02 4.536178078084791565e+00 2.994287818774912679e+00 3.532505571888492124e+00
0.000000000000000000e+00 1.746534994826244080e+00 3.133135124939273597e-01 3.397159984122243070e+00 5.331314259803397348e+00
0.000000000000000000e+00 1.007450026576756752e+00 4.352102659911304627e+00 4.292502375850149932e+00 8.227008426773477767e-01
0.000000000000000000e+00 8.770232674739044665e-01 4.640503581599539906e+00 2.032176108944715232e+00 2.584072795666736866e+00
0.000000000000000000e+00 7.465965083710542904e-01 4.928899256101018977e+00 1.871852466876796628e+00 1.875992942287257881e+00
0.000000000000000000e+00 9.857122333929474456e-01 4.400169847485604357e+00 1.769302617251823806e+00 2.008210691438149009e+00
0.000000000000000000e+00 1.007450026576756752e+00 1.894669706411635790e+00 3.933615440834005827e+00 2.350057011295670240e+00
0.000000000000000000e+00 1.213025881223011790e-02 3.201559045966855255e+00 3.612968156698171729e+00 2.112046144231494615e+00
0.000000000000000000e+00 1.029187819760563505e+00 2.753770679363670926e+00 3.132023992630182718e+00 1.696702018279740765e+00
0.000000000000000000e+00 1.698245924790341014e-03 1.355254717517691887e+00 3.583007351380846472e+00 3.459938978919347985e+00
0.000000000000000000e+00 1.007450026576756752e+00 4.632009390831186013e-01 2.696783240107639035e+00 3.877275617081497927e+00
0.000000000000000000e+00 4.640051969815430777e-01 3.774598493292395052e+00 2.994287818774912679e+00 3.669418665649515354e-01
0.000000000000000000e+00 1.213025881223011790e-02 3.201559045966855255e+00 2.265610524411500570e+00 1.979786598453141977e+00
0.000000000000000000e+00 9.204988538415226351e-01 2.008587848102579621e+00 2.247929791829644586e+00 2.008481048933884683e+00
0.000000000000000000e+00 1.213025881223011790e-02 4.536178078084791565e+00 2.272831429469280184e+00 4.270731499221232241e-02
0.000000000000000000e+00 8.335476811062884073e-01 3.154847692947078563e+00 5.941462318704485712e-01 2.009788080353700046e+00
0.000000000000000000e+00 7.248587151872453171e-01 1.502652517272973220e+00 1.734886671175019268e+00 2.032176108944715232e+00
0.000000000000000000e+00 5.726941629005861678e-01 1.111581367358671635e+00 2.215836266919440245e+00 2.032176108944715232e+00
0.000000000000000000e+00 4.857429901653521620e-01 1.747445669287368997e+00 1.734886671175019268e+00 1.711528824808881577e+00
0.000000000000000000e+00 6.596453356358202846e-01 1.569415075935838955e+00 2.995736533382251210e+00 1.080806965895255156e-01
0.000000000000000000e+00 1.698245924790341014e-03 6.813831288196293690e-01 2.321855618078534800e+00 2.077788550989428273e+00
0.000000000000000000e+00 4.857429901653521620e-01 1.725176663194479598e+00 1.782981750305238311e+00 7.697057812232458440e-01
0.000000000000000000e+00 6.596453356358202846e-01 2.350333994362131307e+00 1.171389271128479237e+00 3.160628976185198558e-01
0.000000000000000000e+00 3.770540242463089609e-01 1.266643817909670178e+00 2.215836266919440245e+00 3.334678817578236032e-01
0.000000000000000000e+00 3.553162310625020415e-01 3.902812787110994108e-01 1.980108443251165751e+00 1.171056181167067445e+00
0.000000000000000000e+00 4.857429901653521620e-01 1.180498514667387422e+00 1.253330853455876026e+00 5.805966079769390165e-01
0.000000000000000000e+00 1.596760924082248900e-01 2.081241878285060576e+00 8.781004483174039699e-01 1.695043967641163274e-01
0.000000000000000000e+00 3.553162310625020415e-01 9.151843765684213317e-01 9.423937373077481139e-01 7.866119757336644813e-01
1.304267591028521189e-01 5.516405457824493652e-01 9.389528171387290234e-02 1.866189952734635726e+00 5.543700468220241762e-02
6.521337955142708642e-02 7.512925951516888357e-02 1.378737551117908744e+00 7.999141778814289339e-01 4.941799470912760367e-02
0.000000000000000000e+00 1.402935949103679691e-01 1.431530976990384785e+00 2.910526205673857891e-01 2.096195627851133170e-01
0.000000000000000000e+00 1.402935949103679691e-01 1.343541933869591309e+00 1.046757869401406943e-01 2.082516735136929198e-01
1.304267591028521189e-01 1.840447359062643284e-01 9.240287443226160580e-01 1.785567952639864064e-01 6.836585660606218917e-02
1.304267591028521189e-01 3.424250135236917569e-01 5.295134714361767747e-01 1.391022949186956625e-01 5.292147863462716428e-02
0.000000000000000000e+00 1.317285746695850968e-01 3.952184393961675757e-01 3.650523054501161879e-01 5.015799085540913367e-03
