1.462521087742999271e+01 4.563827741022025464e+01
3.294245497473779238e+01 6.175575591005437737e-01
2.952732742663646803e+01 7.114014204121350549e-01
1.462521087742999271e+01 4.563827741022025464e+01
2.169901743310181530e+01 5.956749358251999915e+00
2.855972802035251590e+01 8.849852468382433113e-01
2.055341210341630287e+01 1.112383624263582682e+01
1.720018091784999115e+01 3.474559319299845583e+01
2.747054637136296407e+01 9.583492537105188225e-01
2.053057130992597479e+01 1.380491580612253344e+01
2.227069570617803862e+01 4.889618308760580234e+00
2.948683551882110265e+01 8.356720404084373444e-01
2.855972802035251590e+01 8.849852468382433113e-01
1.683298882753625847e+01 3.707202529111884814e+01
1.610194433370845246e+01 4.002225863510230397e+01
1.564183972576618231e+01 4.157383327288312813e+01
2.055341210341630287e+01 1.112383624263582682e+01
1.908541152808799879e+01 2.175127980778367487e+01
2.279877272312906200e+01 3.039210543301796186e+00
2.676405491029920469e+01 9.702669879290466426e-01
1.834459536388128242e+01 2.626087727125544546e+01
1.634672616193981298e+01 3.894020038480869772e+01
2.747054637136296407e+01 9.583492537105188225e-01
2.433227217983528590e+01 1.736926037548996327e+00
1.736072892920761035e+01 3.303431945871628983e+01
1.720018091784999115e+01 3.474559319299845583e+01
1.462521087742999271e+01 4.563827741022025464e+01
1.499661412220366685e+01 4.393368815707066233e+01
1.662656244299162012e+01 3.771530825003661391e+01
2.122785817265470243e+01 1.072413137184758369e+01
1.826147436269981483e+01 2.791007034311304835e+01
2.168433519685824606e+01 7.371537818820378618e+00
1.764505412122032268e+01 3.276106928785762307e+01
1.764617295831542876e+01 3.128119941357691758e+01
1.902756429132859139e+01 2.298714742563140589e+01
2.328049711912157704e+01 2.645121176595692791e+00
2.386945606173195245e+01 2.619984463112543072e+00
2.488305302555911425e+01 1.426297409125425020e+00
2.580084425114956659e+01 1.176196533299375568e+00
2.580084425114956659e+01 1.176196533299375568e+00
2.527157823509151768e+01 1.327302794428720123e+00
1.683298882753625847e+01 3.707202529111884814e+01
2.227069570617803862e+01 4.889618308760580234e+00
2.488305302555911425e+01 1.426297409125425020e+00
1.634672616193981298e+01 3.894020038480869772e+01
1.885480239110435718e+01 2.376397248753821856e+01
2.628078403856993361e+01 1.142930032096726167e+00
1.908541152808799879e+01 2.175127980778367487e+01
1.803354022828461467e+01 2.930662655357319579e+01
1.512434050771847538e+01 4.302843122030454737e+01
1.610194433370845246e+01 4.002225863510230397e+01
1.564183972576618231e+01 4.157383327288312813e+01
2.038362357987696072e+01 1.448334634114661412e+01
1.610194433370845246e+01 4.002225863510230397e+01
2.169901743310181530e+01 5.956749358251999915e+00
2.269295216596561104e+01 4.643250767091739561e+00
1.934215912334104459e+01 2.154646486687631324e+01
1.869541526552532673e+01 2.477623157842270274e+01
2.320674838942210627e+01 2.797382796569047869e+00
1.946097522245906930e+01 2.081865061483837920e+01
1.764617295831542876e+01 3.128119941357691758e+01
2.022447826518590119e+01 1.635988973111976463e+01
2.025483855049956361e+01 1.537805865985145282e+01
2.527157823509151768e+01 1.327302794428720123e+00
1.869541526552532673e+01 2.477623157842270274e+01
1.956627829622058456e+01 2.021236795750116499e+01
3.294245497473779238e+01 6.175575591005437737e-01
1.499661412220366685e+01 4.393368815707066233e+01
2.642355922988249617e+01 1.038401519784473814e+00
1.801741078912301930e+01 3.010304803926629447e+01
2.405740454148495289e+01 2.163287602960162204e+00
1.499661412220366685e+01 4.393368815707066233e+01
2.053057130992597479e+01 1.380491580612253344e+01
1.981937877285579575e+01 1.929917555983212196e+01
1.984077895767813615e+01 1.846106454053068546e+01
2.277896957599691774e+01 3.888252808539204075e+00
2.053057130992597479e+01 1.380491580612253344e+01
2.676405491029920469e+01 9.702669879290466426e-01
1.934215912334104459e+01 2.154646486687631324e+01
1.803354022828461467e+01 2.930662655357319579e+01
1.817621610037686253e+01 2.849845171149651435e+01
2.026599974553896999e+01 1.527683881786248676e+01
1.840245313025425133e+01 2.577591010570815300e+01
2.271019040323929161e+01 3.921928695240500584e+00
1.862319169655675566e+01 2.533083103925064705e+01
2.269295216596561104e+01 4.643250767091739561e+00
1.840245313025425133e+01 2.577591010570815300e+01
1.764505412122032268e+01 3.276106928785762307e+01
1.662656244299162012e+01 3.771530825003661391e+01
2.269295216596561104e+01 4.643250767091739561e+00
1.542186316305935811e+01 4.211179581186232213e+01
2.153143797496443668e+01 8.859394641433690154e+00
2.158826925906018701e+01 8.187925530331796153e+00
1.779226450669621684e+01 3.065511724148326067e+01
2.007439808250089897e+01 1.704750736700887259e+01
1.974748425999547408e+01 1.991966320308796767e+01
1.981937877285579575e+01 1.929917555983212196e+01
2.022447826518590119e+01 1.635988973111976463e+01
1.801741078912301930e+01 3.010304803926629447e+01
1.634672616193981298e+01 3.894020038480869772e+01
1.826147436269981483e+01 2.791007034311304835e+01
2.132543582590545839e+01 9.964594323554905486e+00
2.122785817265470243e+01 1.072413137184758369e+01
2.001480338815487414e+01 1.752166061702724420e+01
1.540487553310985192e+01 4.224529327219273966e+01
2.016441173069522108e+01 1.690457815987998558e+01
1.970295939926372597e+01 2.007201939117934586e+01
1.542186316305935811e+01 4.211179581186232213e+01
2.122785817265470243e+01 1.072413137184758369e+01
2.164278338545055647e+01 7.764750882859598136e+00
1.946097522245906930e+01 2.081865061483837920e+01
2.038362357987696072e+01 1.448334634114661412e+01
2.386945606173195245e+01 2.619984463112543072e+00
2.140853955786637286e+01 9.711222920179423568e+00
2.001480338815487414e+01 1.752166061702724420e+01
2.405740454148495289e+01 2.163287602960162204e+00
1.885480239110435718e+01 2.376397248753821856e+01
1.858877271737453896e+01 2.541374753529619213e+01
2.140853955786637286e+01 9.711222920179423568e+00
1.680690914608201680e+01 3.746095229356728851e+01
1.540487553310985192e+01 4.224529327219273966e+01
1.522056244122037327e+01 4.276874129807296043e+01
2.424112078679758753e+01 2.114808409368805986e+00
2.000500546604235552e+01 1.794535024318023986e+01
1.858877271737453896e+01 2.541374753529619213e+01
2.676405491029920469e+01 9.702669879290466426e-01
1.839544627916310304e+01 2.608922738427284926e+01
2.168433519685824606e+01 7.371537818820378618e+00
1.797191365022587206e+01 3.017566458875050373e+01
2.148367505809163447e+01 9.287201721190669446e+00
2.153143797496443668e+01 8.859394641433690154e+00
2.158826925906018701e+01 8.187925530331796153e+00
2.320674838942210627e+01 2.797382796569047869e+00
2.431310728314759473e+01 2.101673339247047245e+00
1.736072892920761035e+01 3.303431945871628983e+01
2.676405491029920469e+01 9.702669879290466426e-01
1.885480239110435718e+01 2.376397248753821856e+01
2.026599974553896999e+01 1.527683881786248676e+01
2.153143797496443668e+01 8.859394641433690154e+00
2.129812096775750518e+01 1.033828015481140561e+01
2.129812096775750518e+01 1.033828015481140561e+01
1.779226450669621684e+01 3.065511724148326067e+01
1.794319098649312494e+01 3.049257821924495460e+01
2.007439808250089897e+01 1.704750736700887259e+01
1.840245313025425133e+01 2.577591010570815300e+01
1.779226450669621684e+01 3.065511724148326067e+01
1.794319098649312494e+01 3.049257821924495460e+01
2.148017698406421516e+01 9.403298142229997936e+00
1.902756429132859139e+01 2.298714742563140589e+01
1.894047967221240114e+01 2.330284667904575713e+01
2.007439808250089897e+01 1.704750736700887259e+01
1.499661412220366685e+01 4.393368815707066233e+01
2.433227217983528590e+01 1.736926037548996327e+00
1.946097522245906930e+01 2.081865061483837920e+01
2.038362357987696072e+01 1.448334634114661412e+01
2.269295216596561104e+01 4.643250767091739561e+00
1.764505412122032268e+01 3.276106928785762307e+01
1.736072892920761035e+01 3.303431945871628983e+01
1.974748425999547408e+01 1.991966320308796767e+01
1.512434050771847538e+01 4.302843122030454737e+01
1.522056244122037327e+01 4.276874129807296043e+01
1.956627829622058456e+01 2.021236795750116499e+01
1.680690914608201680e+01 3.746095229356728851e+01
1.662656244299162012e+01 3.771530825003661391e+01
2.140853955786637286e+01 9.711222920179423568e+00
2.132543582590545839e+01 9.964594323554905486e+00
2.279877272312906200e+01 3.039210543301796186e+00
1.984077895767813615e+01 1.846106454053068546e+01
1.522056244122037327e+01 4.276874129807296043e+01
1.995879869822993768e+01 1.803297862850922328e+01
2.148367505809163447e+01 9.287201721190669446e+00
1.794319098649312494e+01 3.049257821924495460e+01
2.424112078679758753e+01 2.114808409368805986e+00
2.016441173069522108e+01 1.690457815987998558e+01
2.053057130992597479e+01 1.380491580612253344e+01
1.894047967221240114e+01 2.330284667904575713e+01
1.826147436269981483e+01 2.791007034311304835e+01
1.987678967677671338e+01 1.831030839734398796e+01
1.908541152808799879e+01 2.175127980778367487e+01
1.826147436269981483e+01 2.791007034311304835e+01
1.834459536388128242e+01 2.626087727125544546e+01
1.908541152808799879e+01 2.175127980778367487e+01
1.817621610037686253e+01 2.849845171149651435e+01
2.000500546604235552e+01 1.794535024318023986e+01
2.051494297715963455e+01 1.396690521530590345e+01
2.642355922988249617e+01 1.038401519784473814e+00
2.634535103601222161e+01 1.111846839998728687e+00
2.628078403856993361e+01 1.142930032096726167e+00
2.328049711912157704e+01 2.645121176595692791e+00
1.869541526552532673e+01 2.477623157842270274e+01
2.431310728314759473e+01 2.101673339247047245e+00
1.981937877285579575e+01 1.929917555983212196e+01
2.148017698406421516e+01 9.403298142229997936e+00
2.129812096775750518e+01 1.033828015481140561e+01
1.834459536388128242e+01 2.626087727125544546e+01
1.839544627916310304e+01 2.608922738427284926e+01
2.277896957599691774e+01 3.888252808539204075e+00
1.779226450669621684e+01 3.065511724148326067e+01
2.634535103601222161e+01 1.111846839998728687e+00
2.634535103601222161e+01 1.111846839998728687e+00
2.269295216596561104e+01 4.643250767091739561e+00
2.269295216596561104e+01 4.643250767091739561e+00
2.948683551882110265e+01 8.356720404084373444e-01
2.022447826518590119e+01 1.635988973111976463e+01
2.148367505809163447e+01 9.287201721190669446e+00
1.989916986531251553e+01 1.817579445244684067e+01
2.016441173069522108e+01 1.690457815987998558e+01
1.989916986531251553e+01 1.817579445244684067e+01
1.995879869822993768e+01 1.803297862850922328e+01
1.908541152808799879e+01 2.175127980778367487e+01
1.902756429132859139e+01 2.298714742563140589e+01
1.779226450669621684e+01 3.065511724148326067e+01
1.902756429132859139e+01 2.298714742563140589e+01
1.764505412122032268e+01 3.276106928785762307e+01
2.642355922988249617e+01 1.038401519784473814e+00
1.989916986531251553e+01 1.817579445244684067e+01
1.779226450669621684e+01 3.065511724148326067e+01
2.158826925906018701e+01 8.187925530331796153e+00
1.540487553310985192e+01 4.224529327219273966e+01
2.153143797496443668e+01 8.859394641433690154e+00
2.148017698406421516e+01 9.403298142229997936e+00
1.995879869822993768e+01 1.803297862850922328e+01
1.970470763122953883e+01 2.001397339072057235e+01
1.946097522245906930e+01 2.081865061483837920e+01
2.320674838942210627e+01 2.797382796569047869e+00
2.952732742663646803e+01 7.114014204121350549e-01
2.952732742663646803e+01 7.114014204121350549e-01
1.764617295831542876e+01 3.128119941357691758e+01
1.970470763122953883e+01 2.001397339072057235e+01
3.294245497473779238e+01 6.175575591005437737e-01
2.952732742663646803e+01 7.114014204121350549e-01
3.294245497473779238e+01 6.175575591005437737e-01
1.834459536388128242e+01 2.626087727125544546e+01
2.642355922988249617e+01 1.038401519784473814e+00
1.858877271737453896e+01 2.541374753529619213e+01
2.025483855049956361e+01 1.537805865985145282e+01
2.634535103601222161e+01 1.111846839998728687e+00
2.747054637136296407e+01 9.583492537105188225e-01
2.158826925906018701e+01 8.187925530331796153e+00
1.797191365022587206e+01 3.017566458875050373e+01
1.797191365022587206e+01 3.017566458875050373e+01
2.642355922988249617e+01 1.038401519784473814e+00
2.129812096775750518e+01 1.033828015481140561e+01
2.132543582590545839e+01 9.964594323554905486e+00
2.488305302555911425e+01 1.426297409125425020e+00
1.970470763122953883e+01 2.001397339072057235e+01
1.989916986531251553e+01 1.817579445244684067e+01
2.277896957599691774e+01 3.888252808539204075e+00
2.279877272312906200e+01 3.039210543301796186e+00
2.405740454148495289e+01 2.163287602960162204e+00
1.764505412122032268e+01 3.276106928785762307e+01
1.542186316305935811e+01 4.211179581186232213e+01
1.885480239110435718e+01 2.376397248753821856e+01
1.801741078912301930e+01 3.010304803926629447e+01
2.053057130992597479e+01 1.380491580612253344e+01
2.169901743310181530e+01 5.956749358251999915e+00
2.277896957599691774e+01 3.888252808539204075e+00
1.634672616193981298e+01 3.894020038480869772e+01
2.488305302555911425e+01 1.426297409125425020e+00
2.634535103601222161e+01 1.111846839998728687e+00
2.025483855049956361e+01 1.537805865985145282e+01
2.026599974553896999e+01 1.527683881786248676e+01
2.328049711912157704e+01 2.645121176595692791e+00
2.001480338815487414e+01 1.752166061702724420e+01
1.840245313025425133e+01 2.577591010570815300e+01
1.839544627916310304e+01 2.608922738427284926e+01
2.431310728314759473e+01 2.101673339247047245e+00
2.424112078679758753e+01 2.114808409368805986e+00
2.676405491029920469e+01 9.702669879290466426e-01
2.129812096775750518e+01 1.033828015481140561e+01
1.970470763122953883e+01 2.001397339072057235e+01
2.855972802035251590e+01 8.849852468382433113e-01
2.168433519685824606e+01 7.371537818820378618e+00
1.908541152808799879e+01 2.175127980778367487e+01
1.662656244299162012e+01 3.771530825003661391e+01
2.122785817265470243e+01 1.072413137184758369e+01
2.433227217983528590e+01 1.736926037548996327e+00
1.736072892920761035e+01 3.303431945871628983e+01
1.984077895767813615e+01 1.846106454053068546e+01
2.328049711912157704e+01 2.645121176595692791e+00
2.386945606173195245e+01 2.619984463112543072e+00
2.269295216596561104e+01 4.643250767091739561e+00
2.328049711912157704e+01 2.645121176595692791e+00
1.462521087742999271e+01 4.563827741022025464e+01
1.499661412220366685e+01 4.393368815707066233e+01
1.981937877285579575e+01 1.929917555983212196e+01
2.747054637136296407e+01 9.583492537105188225e-01
1.894047967221240114e+01 2.330284667904575713e+01
2.148017698406421516e+01 9.403298142229997936e+00
1.834459536388128242e+01 2.626087727125544546e+01
1.839544627916310304e+01 2.608922738427284926e+01
2.642355922988249617e+01 1.038401519784473814e+00
1.779226450669621684e+01 3.065511724148326067e+01
2.279877272312906200e+01 3.039210543301796186e+00
2.628078403856993361e+01 1.142930032096726167e+00
1.542186316305935811e+01 4.211179581186232213e+01
1.840245313025425133e+01 2.577591010570815300e+01
1.512434050771847538e+01 4.302843122030454737e+01
2.007439808250089897e+01 1.704750736700887259e+01
1.662656244299162012e+01 3.771530825003661391e+01
1.970470763122953883e+01 2.001397339072057235e+01
1.826147436269981483e+01 2.791007034311304835e+01
2.527157823509151768e+01 1.327302794428720123e+00
1.894047967221240114e+01 2.330284667904575713e+01
1.894047967221240114e+01 2.330284667904575713e+01
2.431310728314759473e+01 2.101673339247047245e+00
1.680690914608201680e+01 3.746095229356728851e+01
2.168433519685824606e+01 7.371537818820378618e+00
1.839544627916310304e+01 2.608922738427284926e+01
1.736072892920761035e+01 3.303431945871628983e+01
2.148017698406421516e+01 9.403298142229997936e+00
1.981937877285579575e+01 1.929917555983212196e+01
1.499661412220366685e+01 4.393368815707066233e+01
2.055341210341630287e+01 1.112383624263582682e+01
2.580084425114956659e+01 1.176196533299375568e+00
2.279877272312906200e+01 3.039210543301796186e+00
1.794319098649312494e+01 3.049257821924495460e+01
2.431310728314759473e+01 2.101673339247047245e+00
1.462521087742999271e+01 4.563827741022025464e+01
1.779226450669621684e+01 3.065511724148326067e+01
1.803354022828461467e+01 2.930662655357319579e+01
2.122785817265470243e+01 1.072413137184758369e+01
2.129812096775750518e+01 1.033828015481140561e+01
1.885480239110435718e+01 2.376397248753821856e+01
1.869541526552532673e+01 2.477623157842270274e+01
2.132543582590545839e+01 9.964594323554905486e+00
1.981937877285579575e+01 1.929917555983212196e+01
1.858877271737453896e+01 2.541374753529619213e+01
1.956627829622058456e+01 2.021236795750116499e+01
1.826147436269981483e+01 2.791007034311304835e+01
2.132543582590545839e+01 9.964594323554905486e+00
1.720018091784999115e+01 3.474559319299845583e+01
2.164278338545055647e+01 7.764750882859598136e+00
2.676405491029920469e+01 9.702669879290466426e-01
1.764505412122032268e+01 3.276106928785762307e+01
1.834459536388128242e+01 2.626087727125544546e+01
1.683298882753625847e+01 3.707202529111884814e+01
2.148017698406421516e+01 9.403298142229997936e+00
2.016441173069522108e+01 1.690457815987998558e+01
1.956627829622058456e+01 2.021236795750116499e+01
1.512434050771847538e+01 4.302843122030454737e+01
1.736072892920761035e+01 3.303431945871628983e+01
1.794319098649312494e+01 3.049257821924495460e+01
1.858877271737453896e+01 2.541374753529619213e+01
1.499661412220366685e+01 4.393368815707066233e+01
2.527157823509151768e+01 1.327302794428720123e+00
2.038362357987696072e+01 1.448334634114661412e+01
2.580084425114956659e+01 1.176196533299375568e+00
1.634672616193981298e+01 3.894020038480869772e+01
2.328049711912157704e+01 2.645121176595692791e+00
1.902756429132859139e+01 2.298714742563140589e+01
2.424112078679758753e+01 2.114808409368805986e+00
2.169901743310181530e+01 5.956749358251999915e+00
2.580084425114956659e+01 1.176196533299375568e+00
2.279877272312906200e+01 3.039210543301796186e+00
2.634535103601222161e+01 1.111846839998728687e+00
2.227069570617803862e+01 4.889618308760580234e+00
1.680690914608201680e+01 3.746095229356728851e+01
2.025483855049956361e+01 1.537805865985145282e+01
1.610194433370845246e+01 4.002225863510230397e+01
1.720018091784999115e+01 3.474559319299845583e+01
2.628078403856993361e+01 1.142930032096726167e+00
1.779226450669621684e+01 3.065511724148326067e+01
1.858877271737453896e+01 2.541374753529619213e+01
1.736072892920761035e+01 3.303431945871628983e+01
2.634535103601222161e+01 1.111846839998728687e+00
2.424112078679758753e+01 2.114808409368805986e+00
1.956627829622058456e+01 2.021236795750116499e+01
1.462521087742999271e+01 4.563827741022025464e+01
2.328049711912157704e+01 2.645121176595692791e+00
1.934215912334104459e+01 2.154646486687631324e+01
1.736072892920761035e+01 3.303431945871628983e+01
1.902756429132859139e+01 2.298714742563140589e+01
2.158826925906018701e+01 8.187925530331796153e+00
1.662656244299162012e+01 3.771530825003661391e+01
1.662656244299162012e+01 3.771530825003661391e+01
1.989916986531251553e+01 1.817579445244684067e+01
2.269295216596561104e+01 4.643250767091739561e+00
1.840245313025425133e+01 2.577591010570815300e+01
2.952732742663646803e+01 7.114014204121350549e-01
1.902756429132859139e+01 2.298714742563140589e+01
2.022447826518590119e+01 1.635988973111976463e+01
2.747054637136296407e+01 9.583492537105188225e-01
1.522056244122037327e+01 4.276874129807296043e+01
1.885480239110435718e+01 2.376397248753821856e+01
1.764617295831542876e+01 3.128119941357691758e+01
2.948683551882110265e+01 8.356720404084373444e-01
2.527157823509151768e+01 1.327302794428720123e+00
1.885480239110435718e+01 2.376397248753821856e+01
1.946097522245906930e+01 2.081865061483837920e+01
1.869541526552532673e+01 2.477623157842270274e+01
2.431310728314759473e+01 2.101673339247047245e+00
2.320674838942210627e+01 2.797382796569047869e+00
2.642355922988249617e+01 1.038401519784473814e+00
1.564183972576618231e+01 4.157383327288312813e+01
2.386945606173195245e+01 2.619984463112543072e+00
2.025483855049956361e+01 1.537805865985145282e+01
1.764505412122032268e+01 3.276106928785762307e+01
1.984077895767813615e+01 1.846106454053068546e+01
2.580084425114956659e+01 1.176196533299375568e+00
2.642355922988249617e+01 1.038401519784473814e+00
1.720018091784999115e+01 3.474559319299845583e+01
2.279877272312906200e+01 3.039210543301796186e+00
1.826147436269981483e+01 2.791007034311304835e+01
1.801741078912301930e+01 3.010304803926629447e+01
2.628078403856993361e+01 1.142930032096726167e+00
1.462521087742999271e+01 4.563827741022025464e+01
3.294245497473779238e+01 6.175575591005437737e-01
2.169901743310181530e+01 5.956749358251999915e+00
1.542186316305935811e+01 4.211179581186232213e+01
1.764505412122032268e+01 3.276106928785762307e+01
1.974748425999547408e+01 1.991966320308796767e+01
2.022447826518590119e+01 1.635988973111976463e+01
1.956627829622058456e+01 2.021236795750116499e+01
2.148367505809163447e+01 9.287201721190669446e+00
1.564183972576618231e+01 4.157383327288312813e+01
2.022447826518590119e+01 1.635988973111976463e+01
1.779226450669621684e+01 3.065511724148326067e+01
2.277896957599691774e+01 3.888252808539204075e+00
2.122785817265470243e+01 1.072413137184758369e+01
2.676405491029920469e+01 9.702669879290466426e-01
2.025483855049956361e+01 1.537805865985145282e+01
2.386945606173195245e+01 2.619984463112543072e+00
2.000500546604235552e+01 1.794535024318023986e+01
1.840245313025425133e+01 2.577591010570815300e+01
2.148017698406421516e+01 9.403298142229997936e+00
2.948683551882110265e+01 8.356720404084373444e-01
1.834459536388128242e+01 2.626087727125544546e+01
2.227069570617803862e+01 4.889618308760580234e+00
2.269295216596561104e+01 4.643250767091739561e+00
1.797191365022587206e+01 3.017566458875050373e+01
2.025483855049956361e+01 1.537805865985145282e+01
1.764505412122032268e+01 3.276106928785762307e+01
2.164278338545055647e+01 7.764750882859598136e+00
1.720018091784999115e+01 3.474559319299845583e+01
1.803354022828461467e+01 2.930662655357319579e+01
1.564183972576618231e+01 4.157383327288312813e+01
1.683298882753625847e+01 3.707202529111884814e+01
1.634672616193981298e+01 3.894020038480869772e+01
2.168433519685824606e+01 7.371537818820378618e+00
2.676405491029920469e+01 9.702669879290466426e-01
1.934215912334104459e+01 2.154646486687631324e+01
2.122785817265470243e+01 1.072413137184758369e+01
2.580084425114956659e+01 1.176196533299375568e+00
2.129812096775750518e+01 1.033828015481140561e+01
1.522056244122037327e+01 4.276874129807296043e+01
1.801741078912301930e+01 3.010304803926629447e+01
2.527157823509151768e+01 1.327302794428720123e+00
2.405740454148495289e+01 2.163287602960162204e+00
1.522056244122037327e+01 4.276874129807296043e+01
2.025483855049956361e+01 1.537805865985145282e+01
1.946097522245906930e+01 2.081865061483837920e+01
1.764505412122032268e+01 3.276106928785762307e+01
1.894047967221240114e+01 2.330284667904575713e+01
1.499661412220366685e+01 4.393368815707066233e+01
1.989916986531251553e+01 1.817579445244684067e+01
1.885480239110435718e+01 2.376397248753821856e+01
1.869541526552532673e+01 2.477623157842270274e+01
2.026599974553896999e+01 1.527683881786248676e+01
1.803354022828461467e+01 2.930662655357319579e+01
1.956627829622058456e+01 2.021236795750116499e+01
1.801741078912301930e+01 3.010304803926629447e+01
2.164278338545055647e+01 7.764750882859598136e+00
2.277896957599691774e+01 3.888252808539204075e+00
2.431310728314759473e+01 2.101673339247047245e+00
2.132543582590545839e+01 9.964594323554905486e+00
2.433227217983528590e+01 1.736926037548996327e+00
2.855972802035251590e+01 8.849852468382433113e-01
1.834459536388128242e+01 2.626087727125544546e+01
1.989916986531251553e+01 1.817579445244684067e+01
2.169901743310181530e+01 5.956749358251999915e+00
1.779226450669621684e+01 3.065511724148326067e+01
2.269295216596561104e+01 4.643250767091739561e+00
1.499661412220366685e+01 4.393368815707066233e+01
1.984077895767813615e+01 1.846106454053068546e+01
1.462521087742999271e+01 4.563827741022025464e+01
1.736072892920761035e+01 3.303431945871628983e+01
2.328049711912157704e+01 2.645121176595692791e+00
2.431310728314759473e+01 2.101673339247047245e+00
2.405740454148495289e+01 2.163287602960162204e+00
1.839544627916310304e+01 2.608922738427284926e+01
2.747054637136296407e+01 9.583492537105188225e-01
1.779226450669621684e+01 3.065511724148326067e+01
1.801741078912301930e+01 3.010304803926629447e+01
2.580084425114956659e+01 1.176196533299375568e+00
2.279877272312906200e+01 3.039210543301796186e+00
1.610194433370845246e+01 4.002225863510230397e+01
1.720018091784999115e+01 3.474559319299845583e+01
1.840245313025425133e+01 2.577591010570815300e+01
2.158826925906018701e+01 8.187925530331796153e+00
2.132543582590545839e+01 9.964594323554905486e+00
1.499661412220366685e+01 4.393368815707066233e+01
1.974748425999547408e+01 1.991966320308796767e+01
1.970470763122953883e+01 2.001397339072057235e+01
2.148017698406421516e+01 9.403298142229997936e+00
2.016441173069522108e+01 1.690457815987998558e+01
1.803354022828461467e+01 2.930662655357319579e+01
2.025483855049956361e+01 1.537805865985145282e+01
1.720018091784999115e+01 3.474559319299845583e+01
2.055341210341630287e+01 1.112383624263582682e+01
1.801741078912301930e+01 3.010304803926629447e+01
1.794319098649312494e+01 3.049257821924495460e+01
2.279877272312906200e+01 3.039210543301796186e+00
1.956627829622058456e+01 2.021236795750116499e+01
2.153143797496443668e+01 8.859394641433690154e+00
2.747054637136296407e+01 9.583492537105188225e-01
1.885480239110435718e+01 2.376397248753821856e+01
1.662656244299162012e+01 3.771530825003661391e+01
1.634672616193981298e+01 3.894020038480869772e+01
2.386945606173195245e+01 2.619984463112543072e+00
1.834459536388128242e+01 2.626087727125544546e+01
2.634535103601222161e+01 1.111846839998728687e+00
2.025483855049956361e+01 1.537805865985145282e+01
1.462521087742999271e+01 4.563827741022025464e+01
2.328049711912157704e+01 2.645121176595692791e+00
2.405740454148495289e+01 2.163287602960162204e+00
2.277896957599691774e+01 3.888252808539204075e+00
1.512434050771847538e+01 4.302843122030454737e+01
2.642355922988249617e+01 1.038401519784473814e+00
3.294245497473779238e+01 6.175575591005437737e-01
2.676405491029920469e+01 9.702669879290466426e-01
1.499661412220366685e+01 4.393368815707066233e+01
1.540487553310985192e+01 4.224529327219273966e+01
2.025483855049956361e+01 1.537805865985145282e+01
1.797191365022587206e+01 3.017566458875050373e+01
1.794319098649312494e+01 3.049257821924495460e+01
1.840245313025425133e+01 2.577591010570815300e+01
2.148017698406421516e+01 9.403298142229997936e+00
1.634672616193981298e+01 3.894020038480869772e+01
2.016441173069522108e+01 1.690457815987998558e+01
1.542186316305935811e+01 4.211179581186232213e+01
1.720018091784999115e+01 3.474559319299845583e+01
1.946097522245906930e+01 2.081865061483837920e+01
1.956627829622058456e+01 2.021236795750116499e+01
1.634672616193981298e+01 3.894020038480869772e+01
1.826147436269981483e+01 2.791007034311304835e+01
2.153143797496443668e+01 8.859394641433690154e+00
1.540487553310985192e+01 4.224529327219273966e+01
1.869541526552532673e+01 2.477623157842270274e+01
2.129812096775750518e+01 1.033828015481140561e+01
1.779226450669621684e+01 3.065511724148326067e+01
2.386945606173195245e+01 2.619984463112543072e+00
1.736072892920761035e+01 3.303431945871628983e+01
1.736072892920761035e+01 3.303431945871628983e+01
1.462521087742999271e+01 4.563827741022025464e+01
1.885480239110435718e+01 2.376397248753821856e+01
1.902756429132859139e+01 2.298714742563140589e+01
1.540487553310985192e+01 4.224529327219273966e+01
2.424112078679758753e+01 2.114808409368805986e+00
2.433227217983528590e+01 1.736926037548996327e+00
1.797191365022587206e+01 3.017566458875050373e+01
1.736072892920761035e+01 3.303431945871628983e+01
1.981937877285579575e+01 1.929917555983212196e+01
2.386945606173195245e+01 2.619984463112543072e+00
1.984077895767813615e+01 1.846106454053068546e+01
1.801741078912301930e+01 3.010304803926629447e+01
1.989916986531251553e+01 1.817579445244684067e+01
2.158826925906018701e+01 8.187925530331796153e+00
1.512434050771847538e+01 4.302843122030454737e+01
1.610194433370845246e+01 4.002225863510230397e+01
1.956627829622058456e+01 2.021236795750116499e+01
2.424112078679758753e+01 2.114808409368805986e+00
2.055341210341630287e+01 1.112383624263582682e+01
1.989916986531251553e+01 1.817579445244684067e+01
1.462521087742999271e+01 4.563827741022025464e+01
2.952732742663646803e+01 7.114014204121350549e-01
2.129812096775750518e+01 1.033828015481140561e+01
1.462521087742999271e+01 4.563827741022025464e+01
2.026599974553896999e+01 1.527683881786248676e+01
2.129812096775750518e+01 1.033828015481140561e+01
1.736072892920761035e+01 3.303431945871628983e+01
1.564183972576618231e+01 4.157383327288312813e+01
2.053057130992597479e+01 1.380491580612253344e+01
1.522056244122037327e+01 4.276874129807296043e+01
2.424112078679758753e+01 2.114808409368805986e+00
1.858877271737453896e+01 2.541374753529619213e+01
1.981937877285579575e+01 1.929917555983212196e+01
1.797191365022587206e+01 3.017566458875050373e+01
1.981937877285579575e+01 1.929917555983212196e+01
1.764505412122032268e+01 3.276106928785762307e+01
1.956627829622058456e+01 2.021236795750116499e+01
2.164278338545055647e+01 7.764750882859598136e+00
1.736072892920761035e+01 3.303431945871628983e+01
2.747054637136296407e+01 9.583492537105188225e-01
2.279877272312906200e+01 3.039210543301796186e+00
1.736072892920761035e+01 3.303431945871628983e+01
1.989916986531251553e+01 1.817579445244684067e+01
1.634672616193981298e+01 3.894020038480869772e+01
1.522056244122037327e+01 4.276874129807296043e+01
1.564183972576618231e+01 4.157383327288312813e+01
1.779226450669621684e+01 3.065511724148326067e+01
1.840245313025425133e+01 2.577591010570815300e+01
1.564183972576618231e+01 4.157383327288312813e+01
3.294245497473779238e+01 6.175575591005437737e-01
1.764505412122032268e+01 3.276106928785762307e+01
1.869541526552532673e+01 2.477623157842270274e+01
3.294245497473779238e+01 6.175575591005437737e-01
1.462521087742999271e+01 4.563827741022025464e+01
1.499661412220366685e+01 4.393368815707066233e+01
1.462521087742999271e+01 4.563827741022025464e+01
2.580084425114956659e+01 1.176196533299375568e+00
2.328049711912157704e+01 2.645121176595692791e+00
2.676405491029920469e+01 9.702669879290466426e-01
2.269295216596561104e+01 4.643250767091739561e+00
1.662656244299162012e+01 3.771530825003661391e+01
2.168433519685824606e+01 7.371537818820378618e+00
1.908541152808799879e+01 2.175127980778367487e+01
1.662656244299162012e+01 3.771530825003661391e+01
2.122785817265470243e+01 1.072413137184758369e+01
2.433227217983528590e+01 1.736926037548996327e+00
1.736072892920761035e+01 3.303431945871628983e+01
1.984077895767813615e+01 1.846106454053068546e+01
2.328049711912157704e+01 2.645121176595692791e+00
2.386945606173195245e+01 2.619984463112543072e+00
2.424112078679758753e+01 2.114808409368805986e+00
1.462521087742999271e+01 4.563827741022025464e+01
1.499661412220366685e+01 4.393368815707066233e+01
2.747054637136296407e+01 9.583492537105188225e-01
1.894047967221240114e+01 2.330284667904575713e+01
1.834459536388128242e+01 2.626087727125544546e+01
1.839544627916310304e+01 2.608922738427284926e+01
2.642355922988249617e+01 1.038401519784473814e+00
1.840245313025425133e+01 2.577591010570815300e+01
2.628078403856993361e+01 1.142930032096726167e+00
1.542186316305935811e+01 4.211179581186232213e+01
1.840245313025425133e+01 2.577591010570815300e+01
1.981937877285579575e+01 1.929917555983212196e+01
2.022447826518590119e+01 1.635988973111976463e+01
2.634535103601222161e+01 1.111846839998728687e+00
2.747054637136296407e+01 9.583492537105188225e-01
2.158826925906018701e+01 8.187925530331796153e+00
1.797191365022587206e+01 3.017566458875050373e+01
1.797191365022587206e+01 3.017566458875050373e+01
2.642355922988249617e+01 1.038401519784473814e+00
2.129812096775750518e+01 1.033828015481140561e+01
2.132543582590545839e+01 9.964594323554905486e+00
2.488305302555911425e+01 1.426297409125425020e+00
1.970470763122953883e+01 2.001397339072057235e+01
1.989916986531251553e+01 1.817579445244684067e+01
1.512434050771847538e+01 4.302843122030454737e+01
2.007439808250089897e+01 1.704750736700887259e+01
1.542186316305935811e+01 4.211179581186232213e+01
1.885480239110435718e+01 2.376397248753821856e+01
1.801741078912301930e+01 3.010304803926629447e+01
2.053057130992597479e+01 1.380491580612253344e+01
2.158826925906018701e+01 8.187925530331796153e+00
2.488305302555911425e+01 1.426297409125425020e+00
2.634535103601222161e+01 1.111846839998728687e+00
2.026599974553896999e+01 1.527683881786248676e+01
1.542186316305935811e+01 4.211179581186232213e+01
1.840245313025425133e+01 2.577591010570815300e+01
1.499661412220366685e+01 4.393368815707066233e+01
1.981937877285579575e+01 1.929917555983212196e+01
2.026599974553896999e+01 1.527683881786248676e+01
1.826147436269981483e+01 2.791007034311304835e+01
2.132543582590545839e+01 9.964594323554905486e+00
2.164278338545055647e+01 7.764750882859598136e+00
2.676405491029920469e+01 9.702669879290466426e-01
1.834459536388128242e+01 2.626087727125544546e+01
2.148017698406421516e+01 9.403298142229997936e+00
2.016441173069522108e+01 1.690457815987998558e+01
1.512434050771847538e+01 4.302843122030454737e+01
1.736072892920761035e+01 3.303431945871628983e+01
1.803354022828461467e+01 2.930662655357319579e+01
2.132543582590545839e+01 9.964594323554905486e+00
2.580084425114956659e+01 1.176196533299375568e+00
1.634672616193981298e+01 3.894020038480869772e+01
2.328049711912157704e+01 2.645121176595692791e+00
1.902756429132859139e+01 2.298714742563140589e+01
2.424112078679758753e+01 2.114808409368805986e+00
2.580084425114956659e+01 1.176196533299375568e+00
2.279877272312906200e+01 3.039210543301796186e+00
2.634535103601222161e+01 1.111846839998728687e+00
1.680690914608201680e+01 3.746095229356728851e+01
1.610194433370845246e+01 4.002225863510230397e+01
1.720018091784999115e+01 3.474559319299845583e+01
2.271019040323929161e+01 3.921928695240500584e+00
2.007439808250089897e+01 1.704750736700887259e+01
1.662656244299162012e+01 3.771530825003661391e+01
1.970470763122953883e+01 2.001397339072057235e+01
1.826147436269981483e+01 2.791007034311304835e+01
2.527157823509151768e+01 1.327302794428720123e+00
1.894047967221240114e+01 2.330284667904575713e+01
2.431310728314759473e+01 2.101673339247047245e+00
1.680690914608201680e+01 3.746095229356728851e+01
1.839544627916310304e+01 2.608922738427284926e+01
1.736072892920761035e+01 3.303431945871628983e+01
1.981937877285579575e+01 1.929917555983212196e+01
1.499661412220366685e+01 4.393368815707066233e+01
1.858877271737453896e+01 2.541374753529619213e+01
2.580084425114956659e+01 1.176196533299375568e+00
2.279877272312906200e+01 3.039210543301796186e+00
1.794319098649312494e+01 3.049257821924495460e+01
2.431310728314759473e+01 2.101673339247047245e+00
1.462521087742999271e+01 4.563827741022025464e+01
1.779226450669621684e+01 3.065511724148326067e+01
1.803354022828461467e+01 2.930662655357319579e+01
2.122785817265470243e+01 1.072413137184758369e+01
2.129812096775750518e+01 1.033828015481140561e+01
1.885480239110435718e+01 2.376397248753821856e+01
1.869541526552532673e+01 2.477623157842270274e+01
1.499661412220366685e+01 4.393368815707066233e+01
2.153143797496443668e+01 8.859394641433690154e+00
2.129812096775750518e+01 1.033828015481140561e+01
1.970295939926372597e+01 2.007201939117934586e+01
1.779226450669621684e+01 3.065511724148326067e+01
1.794319098649312494e+01 3.049257821924495460e+01
1.840245313025425133e+01 2.577591010570815300e+01
1.779226450669621684e+01 3.065511724148326067e+01
2.016441173069522108e+01 1.690457815987998558e+01
2.148017698406421516e+01 9.403298142229997936e+00
1.540487553310985192e+01 4.224529327219273966e+01
1.894047967221240114e+01 2.330284667904575713e+01
2.007439808250089897e+01 1.704750736700887259e+01
2.026599974553896999e+01 1.527683881786248676e+01
2.433227217983528590e+01 1.736926037548996327e+00
2.038362357987696072e+01 1.448334634114661412e+01
2.269295216596561104e+01 4.643250767091739561e+00
1.764505412122032268e+01 3.276106928785762307e+01
2.001480338815487414e+01 1.752166061702724420e+01
1.974748425999547408e+01 1.991966320308796767e+01
1.512434050771847538e+01 4.302843122030454737e+01
2.122785817265470243e+01 1.072413137184758369e+01
1.956627829622058456e+01 2.021236795750116499e+01
1.680690914608201680e+01 3.746095229356728851e+01
1.662656244299162012e+01 3.771530825003661391e+01
2.424112078679758753e+01 2.114808409368805986e+00
2.122785817265470243e+01 1.072413137184758369e+01
2.164278338545055647e+01 7.764750882859598136e+00
1.946097522245906930e+01 2.081865061483837920e+01
2.038362357987696072e+01 1.448334634114661412e+01
2.386945606173195245e+01 2.619984463112543072e+00
2.001480338815487414e+01 1.752166061702724420e+01
2.405740454148495289e+01 2.163287602960162204e+00
1.858877271737453896e+01 2.541374753529619213e+01
2.140853955786637286e+01 9.711222920179423568e+00
1.680690914608201680e+01 3.746095229356728851e+01
1.540487553310985192e+01 4.224529327219273966e+01
1.522056244122037327e+01 4.276874129807296043e+01
2.140853955786637286e+01 9.711222920179423568e+00
2.000500546604235552e+01 1.794535024318023986e+01
1.858877271737453896e+01 2.541374753529619213e+01
1.839544627916310304e+01 2.608922738427284926e+01
2.168433519685824606e+01 7.371537818820378618e+00
1.797191365022587206e+01 3.017566458875050373e+01
2.148367505809163447e+01 9.287201721190669446e+00
2.158826925906018701e+01 8.187925530331796153e+00
2.320674838942210627e+01 2.797382796569047869e+00
2.431310728314759473e+01 2.101673339247047245e+00
1.736072892920761035e+01 3.303431945871628983e+01
1.885480239110435718e+01 2.376397248753821856e+01
2.153143797496443668e+01 8.859394641433690154e+00
2.634535103601222161e+01 1.111846839998728687e+00
2.269295216596561104e+01 4.643250767091739561e+00
2.022447826518590119e+01 1.635988973111976463e+01
2.148367505809163447e+01 9.287201721190669446e+00
1.989916986531251553e+01 1.817579445244684067e+01
2.016441173069522108e+01 1.690457815987998558e+01
1.989916986531251553e+01 1.817579445244684067e+01
1.995879869822993768e+01 1.803297862850922328e+01
1.908541152808799879e+01 2.175127980778367487e+01
1.764505412122032268e+01 3.276106928785762307e+01
1.989916986531251553e+01 1.817579445244684067e+01
1.540487553310985192e+01 4.224529327219273966e+01
1.779226450669621684e+01 3.065511724148326067e+01
2.148017698406421516e+01 9.403298142229997936e+00
1.801741078912301930e+01 3.010304803926629447e+01
1.970470763122953883e+01 2.001397339072057235e+01
2.320674838942210627e+01 2.797382796569047869e+00
2.952732742663646803e+01 7.114014204121350549e-01
1.764617295831542876e+01 3.128119941357691758e+01
1.970470763122953883e+01 2.001397339072057235e+01
2.952732742663646803e+01 7.114014204121350549e-01
3.294245497473779238e+01 6.175575591005437737e-01
1.834459536388128242e+01 2.626087727125544546e+01
2.642355922988249617e+01 1.038401519784473814e+00
1.826147436269981483e+01 2.791007034311304835e+01
2.132543582590545839e+01 9.964594323554905486e+00
2.279877272312906200e+01 3.039210543301796186e+00
1.984077895767813615e+01 1.846106454053068546e+01
1.522056244122037327e+01 4.276874129807296043e+01
1.995879869822993768e+01 1.803297862850922328e+01
1.794319098649312494e+01 3.049257821924495460e+01
2.424112078679758753e+01 2.114808409368805986e+00
2.016441173069522108e+01 1.690457815987998558e+01
2.053057130992597479e+01 1.380491580612253344e+01
1.894047967221240114e+01 2.330284667904575713e+01
1.826147436269981483e+01 2.791007034311304835e+01
1.987678967677671338e+01 1.831030839734398796e+01
2.628078403856993361e+01 1.142930032096726167e+00
1.908541152808799879e+01 2.175127980778367487e+01
1.817621610037686253e+01 2.849845171149651435e+01
2.000500546604235552e+01 1.794535024318023986e+01
2.051494297715963455e+01 1.396690521530590345e+01
2.628078403856993361e+01 1.142930032096726167e+00
2.328049711912157704e+01 2.645121176595692791e+00
2.431310728314759473e+01 2.101673339247047245e+00
1.634672616193981298e+01 3.894020038480869772e+01
1.834459536388128242e+01 2.626087727125544546e+01
1.839544627916310304e+01 2.608922738427284926e+01
2.277896957599691774e+01 3.888252808539204075e+00
2.148017698406421516e+01 9.403298142229997936e+00
2.025483855049956361e+01 1.537805865985145282e+01
2.328049711912157704e+01 2.645121176595692791e+00
2.405740454148495289e+01 2.163287602960162204e+00
2.277896957599691774e+01 3.888252808539204075e+00
1.869541526552532673e+01 2.477623157842270274e+01
2.642355922988249617e+01 1.038401519784473814e+00
2.676405491029920469e+01 9.702669879290466426e-01
1.499661412220366685e+01 4.393368815707066233e+01
1.540487553310985192e+01 4.224529327219273966e+01
1.797191365022587206e+01 3.017566458875050373e+01
1.794319098649312494e+01 3.049257821924495460e+01
1.840245313025425133e+01 2.577591010570815300e+01
2.386945606173195245e+01 2.619984463112543072e+00
2.016441173069522108e+01 1.690457815987998558e+01
1.720018091784999115e+01 3.474559319299845583e+01
1.946097522245906930e+01 2.081865061483837920e+01
1.934215912334104459e+01 2.154646486687631324e+01
1.634672616193981298e+01 3.894020038480869772e+01
1.826147436269981483e+01 2.791007034311304835e+01
2.153143797496443668e+01 8.859394641433690154e+00
1.540487553310985192e+01 4.224529327219273966e+01
1.869541526552532673e+01 2.477623157842270274e+01
2.129812096775750518e+01 1.033828015481140561e+01
1.779226450669621684e+01 3.065511724148326067e+01
2.016441173069522108e+01 1.690457815987998558e+01
1.779226450669621684e+01 3.065511724148326067e+01
1.801741078912301930e+01 3.010304803926629447e+01
2.580084425114956659e+01 1.176196533299375568e+00
2.279877272312906200e+01 3.039210543301796186e+00
1.610194433370845246e+01 4.002225863510230397e+01
2.025483855049956361e+01 1.537805865985145282e+01
1.840245313025425133e+01 2.577591010570815300e+01
2.022447826518590119e+01 1.635988973111976463e+01
2.132543582590545839e+01 9.964594323554905486e+00
1.499661412220366685e+01 4.393368815707066233e+01
1.974748425999547408e+01 1.991966320308796767e+01
2.148017698406421516e+01 9.403298142229997936e+00
2.386945606173195245e+01 2.619984463112543072e+00
1.803354022828461467e+01 2.930662655357319579e+01
2.025483855049956361e+01 1.537805865985145282e+01
2.055341210341630287e+01 1.112383624263582682e+01
1.794319098649312494e+01 3.049257821924495460e+01
2.279877272312906200e+01 3.039210543301796186e+00
1.956627829622058456e+01 2.021236795750116499e+01
2.153143797496443668e+01 8.859394641433690154e+00
2.747054637136296407e+01 9.583492537105188225e-01
1.885480239110435718e+01 2.376397248753821856e+01
1.662656244299162012e+01 3.771530825003661391e+01
1.634672616193981298e+01 3.894020038480869772e+01
1.634672616193981298e+01 3.894020038480869772e+01
2.424112078679758753e+01 2.114808409368805986e+00
1.858877271737453896e+01 2.541374753529619213e+01
1.981937877285579575e+01 1.929917555983212196e+01
1.797191365022587206e+01 3.017566458875050373e+01
1.981937877285579575e+01 1.929917555983212196e+01
1.764505412122032268e+01 3.276106928785762307e+01
1.956627829622058456e+01 2.021236795750116499e+01
2.164278338545055647e+01 7.764750882859598136e+00
2.747054637136296407e+01 9.583492537105188225e-01
2.279877272312906200e+01 3.039210543301796186e+00
1.736072892920761035e+01 3.303431945871628983e+01
1.989916986531251553e+01 1.817579445244684067e+01
1.522056244122037327e+01 4.276874129807296043e+01
1.522056244122037327e+01 4.276874129807296043e+01
1.564183972576618231e+01 4.157383327288312813e+01
2.169901743310181530e+01 5.956749358251999915e+00
1.564183972576618231e+01 4.157383327288312813e+01
3.294245497473779238e+01 6.175575591005437737e-01
1.764505412122032268e+01 3.276106928785762307e+01
1.610194433370845246e+01 4.002225863510230397e+01
3.294245497473779238e+01 6.175575591005437737e-01
1.564183972576618231e+01 4.157383327288312813e+01
1.462521087742999271e+01 4.563827741022025464e+01
1.610194433370845246e+01 4.002225863510230397e+01
1.989916986531251553e+01 1.817579445244684067e+01
1.736072892920761035e+01 3.303431945871628983e+01
1.736072892920761035e+01 3.303431945871628983e+01
1.462521087742999271e+01 4.563827741022025464e+01
1.885480239110435718e+01 2.376397248753821856e+01
1.902756429132859139e+01 2.298714742563140589e+01
1.540487553310985192e+01 4.224529327219273966e+01
2.424112078679758753e+01 2.114808409368805986e+00
1.797191365022587206e+01 3.017566458875050373e+01
1.736072892920761035e+01 3.303431945871628983e+01
2.386945606173195245e+01 2.619984463112543072e+00
1.542186316305935811e+01 4.211179581186232213e+01
1.801741078912301930e+01 3.010304803926629447e+01
2.747054637136296407e+01 9.583492537105188225e-01
2.158826925906018701e+01 8.187925530331796153e+00
1.956627829622058456e+01 2.021236795750116499e+01
2.055341210341630287e+01 1.112383624263582682e+01
1.989916986531251553e+01 1.817579445244684067e+01
1.462521087742999271e+01 4.563827741022025464e+01
2.952732742663646803e+01 7.114014204121350549e-01
2.129812096775750518e+01 1.033828015481140561e+01
1.462521087742999271e+01 4.563827741022025464e+01
2.026599974553896999e+01 1.527683881786248676e+01
1.736072892920761035e+01 3.303431945871628983e+01
2.053057130992597479e+01 1.380491580612253344e+01
3.294245497473779238e+01 6.175575591005437737e-01
2.431310728314759473e+01 2.101673339247047245e+00
2.320674838942210627e+01 2.797382796569047869e+00
2.642355922988249617e+01 1.038401519784473814e+00
1.564183972576618231e+01 4.157383327288312813e+01
2.053057130992597479e+01 1.380491580612253344e+01
1.984077895767813615e+01 1.846106454053068546e+01
2.642355922988249617e+01 1.038401519784473814e+00
1.720018091784999115e+01 3.474559319299845583e+01
1.826147436269981483e+01 2.791007034311304835e+01
1.801741078912301930e+01 3.010304803926629447e+01
2.628078403856993361e+01 1.142930032096726167e+00
2.277896957599691774e+01 3.888252808539204075e+00
1.946097522245906930e+01 2.081865061483837920e+01
1.542186316305935811e+01 4.211179581186232213e+01
1.984077895767813615e+01 1.846106454053068546e+01
1.974748425999547408e+01 1.991966320308796767e+01
2.022447826518590119e+01 1.635988973111976463e+01
1.956627829622058456e+01 2.021236795750116499e+01
2.148367505809163447e+01 9.287201721190669446e+00
2.022447826518590119e+01 1.635988973111976463e+01
2.277896957599691774e+01 3.888252808539204075e+00
2.122785817265470243e+01 1.072413137184758369e+01
2.386945606173195245e+01 2.619984463112543072e+00
2.000500546604235552e+01 1.794535024318023986e+01
1.662656244299162012e+01 3.771530825003661391e+01
1.779226450669621684e+01 3.065511724148326067e+01
1.858877271737453896e+01 2.541374753529619213e+01
1.736072892920761035e+01 3.303431945871628983e+01
2.634535103601222161e+01 1.111846839998728687e+00
2.424112078679758753e+01 2.114808409368805986e+00
1.956627829622058456e+01 2.021236795750116499e+01
1.934215912334104459e+01 2.154646486687631324e+01
2.328049711912157704e+01 2.645121176595692791e+00
1.934215912334104459e+01 2.154646486687631324e+01
1.736072892920761035e+01 3.303431945871628983e+01
1.902756429132859139e+01 2.298714742563140589e+01
2.158826925906018701e+01 8.187925530331796153e+00
2.148017698406421516e+01 9.403298142229997936e+00
1.662656244299162012e+01 3.771530825003661391e+01
1.989916986531251553e+01 1.817579445244684067e+01
2.269295216596561104e+01 4.643250767091739561e+00
1.840245313025425133e+01 2.577591010570815300e+01
2.952732742663646803e+01 7.114014204121350549e-01
2.022447826518590119e+01 1.635988973111976463e+01
2.747054637136296407e+01 9.583492537105188225e-01
1.522056244122037327e+01 4.276874129807296043e+01
1.885480239110435718e+01 2.376397248753821856e+01
1.764617295831542876e+01 3.128119941357691758e+01
1.885480239110435718e+01 2.376397248753821856e+01
1.834459536388128242e+01 2.626087727125544546e+01
1.499661412220366685e+01 4.393368815707066233e+01
1.989916986531251553e+01 1.817579445244684067e+01
1.885480239110435718e+01 2.376397248753821856e+01
1.869541526552532673e+01 2.477623157842270274e+01
2.026599974553896999e+01 1.527683881786248676e+01
1.956627829622058456e+01 2.021236795750116499e+01
3.294245497473779238e+01 6.175575591005437737e-01
2.164278338545055647e+01 7.764750882859598136e+00
2.431310728314759473e+01 2.101673339247047245e+00
2.132543582590545839e+01 9.964594323554905486e+00
2.433227217983528590e+01 1.736926037548996327e+00
2.855972802035251590e+01 8.849852468382433113e-01
1.894047967221240114e+01 2.330284667904575713e+01
1.989916986531251553e+01 1.817579445244684067e+01
2.169901743310181530e+01 5.956749358251999915e+00
1.956627829622058456e+01 2.021236795750116499e+01
2.269295216596561104e+01 4.643250767091739561e+00
1.499661412220366685e+01 4.393368815707066233e+01
1.984077895767813615e+01 1.846106454053068546e+01
1.462521087742999271e+01 4.563827741022025464e+01
1.736072892920761035e+01 3.303431945871628983e+01
1.869541526552532673e+01 2.477623157842270274e+01
2.431310728314759473e+01 2.101673339247047245e+00
2.405740454148495289e+01 2.163287602960162204e+00
2.676405491029920469e+01 9.702669879290466426e-01
2.948683551882110265e+01 8.356720404084373444e-01
1.834459536388128242e+01 2.626087727125544546e+01
2.227069570617803862e+01 4.889618308760580234e+00
2.269295216596561104e+01 4.643250767091739561e+00
1.797191365022587206e+01 3.017566458875050373e+01
1.764505412122032268e+01 3.276106928785762307e+01
2.164278338545055647e+01 7.764750882859598136e+00
1.803354022828461467e+01 2.930662655357319579e+01
1.564183972576618231e+01 4.157383327288312813e+01
1.683298882753625847e+01 3.707202529111884814e+01
1.634672616193981298e+01 3.894020038480869772e+01
2.168433519685824606e+01 7.371537818820378618e+00
2.328049711912157704e+01 2.645121176595692791e+00
1.934215912334104459e+01 2.154646486687631324e+01
2.122785817265470243e+01 1.072413137184758369e+01
2.580084425114956659e+01 1.176196533299375568e+00
2.129812096775750518e+01 1.033828015481140561e+01
1.499661412220366685e+01 4.393368815707066233e+01
1.801741078912301930e+01 3.010304803926629447e+01
2.527157823509151768e+01 1.327302794428720123e+00
2.405740454148495289e+01 2.163287602960162204e+00
1.522056244122037327e+01 4.276874129807296043e+01
2.025483855049956361e+01 1.537805865985145282e+01
