4.069436501468127500e-03 5.583807311411604496e-04 4.605879453439428155e-04 1.356454641686929226e-05 2.275552524342016334e-05
4.012109550560860605e-03 5.239169919473202122e-04 4.493465736384417509e-04 1.161219653981157256e-05 2.571399499061525554e-05
4.139748542734269371e-03 5.502013976854167694e-04 4.861963083271068388e-04 1.358308520868346595e-05 2.578110632611568673e-05
4.113392160900205922e-03 5.477870956193866409e-04 4.579112905391573220e-04 1.353133554148088645e-05 2.303928549686576647e-05
4.057091590638144812e-03 5.367066855434121523e-04 4.506599238494526233e-04 1.299536270839674087e-05 2.475082825240196440e-05
4.013585600332984782e-03 5.971095716456332461e-04 4.309474241741959770e-04 1.173161823000110442e-05 2.565943529551443968e-05
4.312450196043896185e-03 5.501246554370450587e-04 4.839014057622260251e-04 1.366509024313674342e-05 2.609593627649600320e-05
4.184768159533914893e-03 6.431320613815994913e-04 4.556109095379284359e-04 1.310682731669895974e-05 2.215063536963977079e-05
4.158023286944717394e-03 6.228586136987885160e-04 4.635150050959927566e-04 1.261061479401959875e-05 2.533670275055349203e-05
3.985310571042485588e-03 6.531765835432895313e-04 4.790224198773835218e-04 1.262388998937585431e-05 2.333056289023030205e-05
4.173224785541961891e-03 6.356922634455188566e-04 4.619613768547559422e-04 1.313118769371204204e-05 2.186762260784747596e-05
4.690749469252176312e-03 6.514644065729929736e-04 4.250513714525422479e-04 1.298793944411867453e-05 2.858703852447092199e-05
4.092524713986554069e-03 6.462705890453341066e-04 4.411254794004486487e-04 1.264071112961437669e-05 2.725292145435672167e-05
4.131549352048353996e-03 6.310797239631906050e-04 4.323400933214876607e-04 1.258459044767129430e-05 2.601886727676759091e-05
4.082411470723031933e-03 6.365695503871747702e-04 4.846384658872728425e-04 1.371863788902711008e-05 2.397916601629645927e-05
3.916640210059800162e-03 6.521727053802349244e-04 5.045134759995766136e-04 1.458608687671171713e-05 2.521129487833916700e-05
4.227323937039823183e-03 6.549940591198220993e-04 4.908875206163272479e-04 1.332223749286332071e-05 2.667966288302627481e-05
4.170926714481047390e-03 5.459973376147143941e-04 4.397785387954817444e-04 1.275404411970767723e-05 3.235041999756407810e-05
4.206548916930180279e-03 5.484786847681366465e-04 4.348954427163617556e-04 1.258332991612598850e-05 3.251754661592187186e-05
4.178556749849044773e-03 6.110894121244570551e-04 4.360125851704931693e-04 1.234881679454134296e-05 3.353794370810938679e-05
4.166363949409857340e-03 6.556790237917839133e-04 4.338036402843951857e-04 1.251806115577456617e-05 2.817265452050659075e-05
4.104081665588593664e-03 6.231263837991390594e-04 4.385875057579312428e-04 1.247287856264106799e-05 3.156296205420905686e-05
5.818603908102680175e-03 2.685198876254736057e-03 1.153567453878701857e-03 4.705868236901451269e-05 6.461368917834690460e-05
7.633303375704917834e-03 3.149480404812009943e-03 1.622498440601925600e-03 7.751846098546898026e-05 7.380059262740116404e-05
4.249352996381525541e-03 5.999490867937724847e-04 6.002854741044253047e-04 1.695678015837161223e-05 3.374198965080785109e-05
4.127145137757553227e-03 6.277159977946436108e-04 4.712424794197705102e-04 1.329791097395680850e-05 3.364844786594248666e-05
4.550298333271657163e-03 6.733419301656500596e-04 4.499406325549137951e-04 1.307180070877197690e-05 3.545345750595563336e-05
4.303464434569166143e-03 6.363849977495584674e-04 4.472069798591826306e-04 1.264720748311162364e-05 3.378389254154183952e-05
4.416067944423777980e-03 5.812521647054977054e-04 5.596364790529698933e-04 1.504224265957505194e-05 3.945718557002111286e-05
4.512046680030711888e-03 5.302167967348083571e-04 4.373665874475082945e-04 1.235768293486571638e-05 4.011003779350994674e-05
4.253004427692637715e-03 6.222393308802952935e-04 4.566467810897337502e-04 1.301390817537662445e-05 3.502865361542301982e-05
4.500077723087370259e-03 5.403441822343141212e-04 4.457629128283109783e-04 1.256369178765592754e-05 4.036094527950990677e-05
4.798139283118414873e-03 6.658915138976917057e-04 4.661692729146939382e-04 1.347743460893295183e-05 3.942681492551954698e-05
4.612819348462628317e-03 6.438004753717810379e-04 4.694303045646418542e-04 1.304404725514275381e-05 3.803098410680895577e-05
4.324832852944702523e-03 5.555382330685230919e-04 5.796875635227744048e-04 1.377693471967269538e-05 4.105345687642171303e-05
4.519933615637422401e-03 6.246958284184545842e-04 4.519187838468773717e-04 1.247390489939640231e-05 3.905370876354082531e-05
4.725260994073538987e-03 6.339401770790080784e-04 4.584495112429047147e-04 1.263059754252742244e-05 4.126768564409693494e-05
4.540488660296025832e-03 6.159411811749993231e-04 4.618914420657498640e-04 1.279947771590261500e-05 4.184337247107390752e-05
4.668549870009898461e-03 5.304349751265695356e-04 4.694972908648809896e-04 1.272541808494288078e-05 4.490069040565350546e-05
4.908403352396998286e-03 6.416395304998145964e-04 4.713923728601782277e-04 1.276275288625031983e-05 4.411937435769127189e-05
4.793095390488788694e-03 6.348673182543149423e-04 4.827319098238408023e-04 1.267306151690856184e-05 4.493799448574023150e-05
4.465337359424428366e-03 6.215702195914958117e-04 5.064830735378866725e-04 1.374814669789708837e-05 4.224122810762161558e-05
4.883214756604184990e-03 5.756480611042433032e-04 6.044706608696877141e-04 1.466900991401656949e-05 4.791455747701033730e-05
4.743798333175328931e-03 6.252724837370566635e-04 4.759676973508907829e-04 1.244555048216892426e-05 4.402018267734769739e-05
4.825277098613648709e-03 5.944710839082049903e-04 5.091350408652319578e-04 1.291574610388141985e-05 4.961222772358048335e-05
4.930100321379421967e-03 5.271632946473219297e-04 4.981207290833059975e-04 1.285628118972419655e-05 5.111508414826692812e-05
4.898771073650299082e-03 6.374102013957363890e-04 4.773262498450215469e-04 1.261328491493945961e-05 4.531594888909359702e-05
5.076123933200639253e-03 6.734853978001957044e-04 5.381596448952997817e-04 1.476706270339668877e-05 4.829895921964031958e-05
4.975230265049561916e-03 6.407661569588905164e-04 4.906524367436369740e-04 1.289880808236860201e-05 4.789854742773327212e-05
4.739070930409199078e-03 5.725935641241002277e-04 6.873390297934438894e-04 1.613966402360989365e-05 5.294817961362536645e-05
4.949189693136550432e-03 5.586231365163954726e-04 5.789876395381059497e-04 1.717989938195378516e-05 4.982733998256655682e-05
5.352195890816818444e-03 6.622941004562160573e-04 5.296178978153613572e-04 1.392691870581693702e-05 5.192953172350354220e-05
5.079910714262067008e-03 6.446416059878977162e-04 5.046866803653953827e-04 1.292660493413626424e-05 5.028880247885358077e-05
5.572063524864373681e-03 6.705886428562170005e-04 5.355063718859778962e-04 1.406768731055345803e-05 5.286679002134606314e-05
5.147051767295915750e-03 6.435035178375755763e-04 5.692603294159769532e-04 1.483264623837082795e-05 5.662721992922894738e-05
5.248752504693116917e-03 6.225006061314127545e-04 5.143580137313624257e-04 1.324894499608541275e-05 5.590122921400280504e-05
5.246000809644321000e-03 5.458005189562695984e-04 5.313198778114501964e-04 1.339215763964492542e-05 5.651800537236159621e-05
1.118064866776973323e-02 2.843852871079499342e-03 1.762961570183990906e-03 6.630341533504338137e-05 1.368270175129459101e-04
5.436073410877456658e-03 6.542744531600554235e-04 5.266487983849179677e-04 1.305611391207087875e-05 5.504428168825191740e-05
5.376917942351743668e-03 5.411458608391625773e-04 5.146229982944110649e-04 1.290849231746489925e-05 5.874169055236590551e-05
5.347226558114264068e-03 6.543213311891630342e-04 5.143198029229616858e-04 1.294582318590998309e-05 5.483252517792008607e-05
5.235374817169484961e-03 6.439364869161539988e-04 5.635012455348949309e-04 1.387872089173094483e-05 5.655388684711147986e-05
5.469064789457730134e-03 5.502081383324383332e-04 5.158153733367940768e-04 1.281982434058171200e-05 5.826687552987075148e-05
5.680056003703796118e-03 6.903254478652922580e-04 5.382903765357555624e-04 1.365499007029799159e-05 5.506979678449496813e-05
5.216199235194602865e-03 6.427945213970985908e-04 5.438684597246471082e-04 1.264426072865539604e-05 5.514518862526229548e-05
5.534386752595673795e-03 6.665041210742985367e-04 5.223171187813196396e-04 1.173536467627956967e-05 6.003175354965779398e-05
5.489922768998219647e-03 5.600449300089294525e-04 5.610235854096509971e-04 1.356056092128417811e-05 6.236587170449916855e-05
1.029829098440030247e-02 3.533676859469231379e-03 1.072519599473830462e-03 3.803592497119577173e-05 7.028716690934097599e-05
6.067606935833741791e-03 5.932840037513457173e-04 5.729700075213890135e-04 1.320856035869347056e-05 6.745458007149370905e-05
5.580304848823737333e-03 5.656325972301131776e-04 6.043779429251293790e-04 1.438326215134129035e-05 6.514559513493365782e-05
5.564615345962098565e-03 5.546702731934259438e-04 6.253440326622838018e-04 1.339390631748301602e-05 6.336134802502098459e-05
5.976836157411559609e-03 5.914353040402092060e-04 5.468181808295463457e-04 1.296070451232069399e-05 6.456743854222730613e-05
5.724177680073425090e-03 5.720019859866747264e-04 6.360651560083919716e-04 1.360530926533206067e-05 6.515784102820701060e-05
5.886793272666015174e-03 5.792944293178640828e-04 5.768744811697285252e-04 1.334423613579251406e-05 6.845772864903462186e-05
5.916098498258797779e-03 6.303458653378095832e-04 5.730057779705029263e-04 1.310512152528310313e-05 6.873864586446059178e-05
1.166656557696786264e-02 2.031129432060614724e-03 1.079581049272802015e-03 4.910828246016211014e-05 1.255599919066125868e-04
6.176775337385383320e-03 6.035383151872561035e-04 6.185576419562145798e-04 1.326923505999592033e-05 6.778830392294520990e-05
5.988175431181938339e-03 7.098128814810440680e-04 6.178007780386881101e-04 1.437380405397681418e-05 6.728211626976499907e-05
6.509957837114409285e-03 6.246797151773350511e-04 6.303829547143068208e-04 1.394643165205804213e-05 7.544303943375438727e-05
1.720815731505863366e-02 2.233754405041810109e-03 1.521535930379392960e-03 3.836970616251969253e-05 2.534157933339290934e-04
6.710133406945629174e-03 6.512643357034571430e-04 6.462935439919194770e-04 1.427502266606610115e-05 7.875536943094349235e-05
6.684475545651899150e-03 7.511032696478774128e-04 6.987867628099606650e-04 1.505756480946842974e-05 7.349412325360754064e-05
6.589769674775437444e-03 7.842018105278655230e-04 6.822200569907712437e-04 1.442491021390230973e-05 8.196950573034976993e-05
6.637812660753248870e-03 8.021563823551497614e-04 7.008859043390434787e-04 1.362440035727525932e-05 8.467943285581737206e-05
7.745979482562647886e-03 7.450998907152810895e-04 6.855226429072176298e-04 1.402401543933861804e-05 9.213011194584980732e-05
7.666374372491385931e-03 7.671044137147595057e-04 7.002270992000400986e-04 1.329316242167367664e-05 8.555887783416132831e-05
9.369307935404330712e-03 8.123188105539705384e-04 7.710824599337744167e-04 1.471577541727495099e-05 9.058661321305797151e-05
8.391283565882871193e-03 1.121824226917608833e-03 7.488899614147872781e-04 1.336752565044776787e-05 9.240900034665493104e-05
1.294756298155449147e-02 1.895296174299822061e-03 7.623490139671074747e-04 1.208003235557209210e-05 9.340607209154025003e-05
