8.000000000000000444e-01 7.970000000000000417e-01 6.400000000000000133e-01 6.380000000000000115e-01 5.649999999999999467e-01 5.500000000000000444e-01 4.000000000000000222e-01 4.000000000000000222e-01 4.000000000000000222e-01 -1.999926427491576786e-01 -1.999952237950162748e-01 -1.363877461706890504e-01 -1.999999160728659353e-01 1.475452435879808788e-01 -1.101072378832065046e-01 -1.999952955685267153e-01 -1.999971424503064477e-01 1.999987183574759853e-01
8.000000000000000444e-01 8.000000000000000444e-01 7.960000000000000409e-01 6.570000000000000284e-01 6.079999999999999849e-01 6.079999999999999849e-01 5.500000000000000444e-01 4.030000000000000249e-01 4.000000000000000222e-01 -1.999994535360910541e-01 -1.999624152118096299e-01 1.999994971005530642e-01 -1.441187929007443913e-01 -1.999980479551951573e-01 -1.297629817697961430e-01 1.496375349940105015e-01 1.999987827772094495e-01 -1.999994559327412380e-01
8.000000000000000444e-01 8.000000000000000444e-01 6.570000000000000284e-01 6.250000000000000000e-01 5.759999999999999565e-01 5.699999999999999512e-01 4.749999999999999778e-01 4.020000000000000240e-01 4.000000000000000222e-01 -1.999972567024373982e-01 -1.999993962156766392e-01 -1.433041593610737963e-01 -1.999981784572993082e-01 1.392236144165245326e-01 -1.139812677099198979e-01 1.999990769015179415e-01 1.999984424358109691e-01 -1.999983404720016567e-01
8.000000000000000444e-01 7.990000000000000435e-01 6.570000000000000284e-01 6.239999999999999991e-01 5.749999999999999556e-01 5.260000000000000231e-01 4.020000000000000240e-01 4.000000000000000222e-01 4.000000000000000222e-01 -1.996721916341795966e-01 -1.999931174462675765e-01 -1.999985386463125625e-01 -1.345012165153617600e-01 1.467247572995160343e-01 -1.130626500122686312e-01 -1.999992494645324026e-01 1.999994820458492195e-01 -1.999998337888928557e-01
8.000000000000000444e-01 8.000000000000000444e-01 8.000000000000000444e-01 6.730000000000000426e-01 6.520000000000000240e-01 5.849999999999999645e-01 5.500000000000000444e-01 4.949999999999999956e-01 4.010000000000000231e-01 -1.999942722038829945e-01 1.999987679404013896e-01 -1.999958087600075818e-01 -1.429417967506006748e-01 -1.405771098503227623e-01 -1.999990352299882701e-01 1.489012809853143826e-01 1.999965100455233513e-01 -1.999989533196877001e-01
8.000000000000000444e-01 7.750000000000000222e-01 6.850000000000000533e-01 6.290000000000000036e-01 6.199999999999999956e-01 5.979999999999999760e-01 5.310000000000000275e-01 4.440000000000000058e-01 4.000000000000000222e-01 -1.999986771467858193e-01 1.999955595812974163e-01 -1.406485638795380300e-01 -1.999981474132653259e-01 -1.999982754915409777e-01 -1.204952451816212466e-01 1.516976757342294035e-01 1.999971897334785476e-01 -1.999983331431918754e-01
8.000000000000000444e-01 7.990000000000000435e-01 6.959999999999999520e-01 6.480000000000000204e-01 5.929999999999999716e-01 5.460000000000000409e-01 4.849999999999999867e-01 4.000000000000000222e-01 4.000000000000000222e-01 -1.999514412151055798e-01 -1.998576014171314363e-01 -1.527540385900275632e-01 -1.999978696862163563e-01 -1.231320557803910615e-01 1.347468257905725386e-01 1.999994953421707911e-01 1.999973363812927452e-01 -1.999993244557537742e-01
8.000000000000000444e-01 6.959999999999999520e-01 6.590000000000000302e-01 5.729999999999999538e-01 5.620000000000000551e-01 5.000000000000000000e-01 4.060000000000000275e-01 4.010000000000000231e-01 4.000000000000000222e-01 -1.999972787496537840e-01 -1.462968450794992492e-01 -1.999990255903016656e-01 1.348216039668136135e-01 -1.143355163824957971e-01 1.999992401487840632e-01 -1.999990590947643698e-01 -1.999928142971023060e-01 1.999994948734755695e-01
8.000000000000000444e-01 7.069999999999999618e-01 6.580000000000000293e-01 5.909999999999999698e-01 5.789999999999999591e-01 5.380000000000000338e-01 4.440000000000000058e-01 4.000000000000000222e-01 4.000000000000000222e-01 -1.999992041706167845e-01 -1.454208834332945954e-01 -1.999998503831487973e-01 -1.160914678203790046e-01 -1.999986210575697698e-01 1.427047664379859082e-01 1.999981868226946014e-01 -1.999998919659891905e-01 1.999994631156812863e-01
8.000000000000000444e-01 7.069999999999999618e-01 6.570000000000000284e-01 5.789999999999999591e-01 5.610000000000000542e-01 4.989999999999999991e-01 4.099999999999999756e-01 4.010000000000000231e-01 4.010000000000000231e-01 -1.999987643481328237e-01 -1.999968321255587711e-01 -1.401239396553011496e-01 1.368537053923284674e-01 -1.091724913856093743e-01 -1.999979346509900280e-01 1.999983357986028498e-01 -1.999991545965020823e-01 1.999982326472922733e-01
8.000000000000000444e-01 7.650000000000000133e-01 6.879999999999999449e-01 6.600000000000000311e-01 5.989999999999999769e-01 5.490000000000000435e-01 4.739999999999999769e-01 4.109999999999999765e-01 4.099999999999999756e-01 -1.999967553223511996e-01 1.999984482354300874e-01 -1.421517313012652661e-01 -1.445142243167887863e-01 -1.999972111025710986e-01 1.409863357602039180e-01 1.999977859316942053e-01 -1.999994028556575931e-01 -1.999992018175097697e-01
8.000000000000000444e-01 7.289999999999999813e-01 6.850000000000000533e-01 6.410000000000000142e-01 5.769999999999999574e-01 5.260000000000000231e-01 4.610000000000000209e-01 4.189999999999999836e-01 4.010000000000000231e-01 -1.999991589784734514e-01 -1.470575952594229963e-01 -1.999956023169148223e-01 -1.999995235734779997e-01 1.322531359365399228e-01 1.999952456662171807e-01 1.999997920166256826e-01 -1.086350658027349647e-01 -1.999991701350455620e-01
8.000000000000000444e-01 7.399999999999999911e-01 7.079999999999999627e-01 6.580000000000000293e-01 5.859999999999999654e-01 5.620000000000000551e-01 5.170000000000000151e-01 4.500000000000000111e-01 4.000000000000000222e-01 -1.999926922228798809e-01 -1.999972865163747449e-01 1.999990897554812241e-01 -1.999967922255828368e-01 1.395009362883525839e-01 -1.135736508506559328e-01 -1.055787545772081532e-01 1.999936539236568389e-01 -1.999985461845494306e-01
8.000000000000000444e-01 7.469999999999999973e-01 6.959999999999999520e-01 6.610000000000000320e-01 5.989999999999999769e-01 5.500000000000000444e-01 4.909999999999999920e-01 4.259999999999999898e-01 4.119999999999999774e-01 -1.999990391257216171e-01 1.999958175551840578e-01 -1.564219371572983242e-01 -1.445036291458361155e-01 -1.999905944264930291e-01 1.404676046361678643e-01 1.400550634297827446e-01 -1.999949623768091100e-01 1.999997089928648442e-01
8.000000000000000444e-01 7.349999999999999867e-01 6.959999999999999520e-01 6.610000000000000320e-01 5.979999999999999760e-01 5.620000000000000551e-01 5.190000000000000169e-01 4.640000000000000235e-01 4.139999999999999791e-01 -1.999995255100379121e-01 1.999990608390107283e-01 -1.473128808624162844e-01 -1.999975048558638724e-01 -1.238654346310861937e-01 1.402320650832684090e-01 -1.999999956973257942e-01 1.999999855628116219e-01 -1.999978567583651778e-01
8.000000000000000444e-01 7.640000000000000124e-01 7.069999999999999618e-01 6.610000000000000320e-01 5.979999999999999760e-01 5.590000000000000524e-01 5.410000000000000364e-01 5.100000000000000089e-01 4.510000000000000120e-01 -1.999972293827340930e-01 1.999993708283687999e-01 -1.990727923849544279e-01 -1.387517259810100156e-01 -1.247298786826552819e-01 1.999973027144908433e-01 -1.999959473497410212e-01 1.439579429032516733e-01 -1.999869053875616975e-01
8.000000000000000444e-01 7.760000000000000231e-01 7.159999999999999698e-01 6.850000000000000533e-01 6.630000000000000338e-01 5.959999999999999742e-01 5.590000000000000524e-01 5.140000000000000124e-01 4.680000000000000271e-01 -1.999962367155701803e-01 1.999971849291096448e-01 -1.640673215613086822e-01 1.999991986570782143e-01 -1.999982719685242383e-01 1.471549784980134001e-01 -1.165130389707426245e-01 -1.999988969414080442e-01 -1.999996417394259429e-01
8.000000000000000444e-01 8.000000000000000444e-01 7.750000000000000222e-01 7.479999999999999982e-01 6.850000000000000533e-01 6.149999999999999911e-01 5.769999999999999574e-01 5.580000000000000515e-01 5.190000000000000169e-01 -1.999947884644308893e-01 -1.999999389046477338e-01 1.999995886879054052e-01 1.999995460520337942e-01 -1.550462600977134675e-01 -1.410828710463563340e-01 1.490802806353361265e-01 1.538650862068763614e-01 -1.999999693374040488e-01
8.000000000000000444e-01 7.990000000000000435e-01 7.770000000000000240e-01 7.520000000000000018e-01 6.889999999999999458e-01 6.570000000000000284e-01 5.919999999999999707e-01 5.769999999999999574e-01 5.270000000000000240e-01 -1.999989020941174700e-01 -1.999961728291923535e-01 1.999992227114601451e-01 1.999986453637568606e-01 -1.539236966418463803e-01 -1.476695107396099604e-01 1.508393017237742439e-01 1.516487787450126468e-01 -1.999996649247614833e-01
8.000000000000000444e-01 7.900000000000000355e-01 7.530000000000000027e-01 6.850000000000000533e-01 6.440000000000000169e-01 5.939999999999999725e-01 5.769999999999999574e-01 5.380000000000000338e-01 5.370000000000000329e-01 -1.999999760511509683e-01 1.999975125101974560e-01 1.999981386396130767e-01 -1.493407637905899144e-01 -1.999977798830246400e-01 -1.332361078356902317e-01 1.578474969600943134e-01 -1.999999035978611839e-01 1.616135979859778526e-01
8.000000000000000444e-01 7.860000000000000320e-01 7.510000000000000009e-01 7.069999999999999618e-01 6.730000000000000426e-01 5.969999999999999751e-01 5.789999999999999591e-01 5.340000000000000302e-01 5.250000000000000222e-01 -1.999989957862523815e-01 1.999991987834610907e-01 1.999974517880384606e-01 -1.567353555215978966e-01 -1.454734884154170738e-01 1.470198486223950607e-01 1.599686866930552787e-01 -1.999999558118162879e-01 -1.999995279673162651e-01
8.000000000000000444e-01 7.980000000000000426e-01 7.510000000000000009e-01 6.850000000000000533e-01 6.149999999999999911e-01 5.809999999999999609e-01 5.689999999999999503e-01 5.580000000000000515e-01 5.580000000000000515e-01 -1.999999094719538684e-01 1.999997020485035082e-01 1.999994929551795753e-01 -1.514829923064427153e-01 1.557031802227412109e-01 -1.324352895471742342e-01 1.549104007985756259e-01 -1.999998799573973196e-01 -1.999959973153745407e-01
7.540000000000000036e-01 7.159999999999999698e-01 6.850000000000000533e-01 6.570000000000000284e-01 5.989999999999999769e-01 5.799999999999999600e-01 5.380000000000000338e-01 5.130000000000000115e-01 4.699999999999999734e-01 6.909732428609516308e-02 -1.058862907176767731e-01 -1.945305174343872900e-01 -1.756653433697806244e-01 -1.999659713289163865e-01 -1.166587786948600075e-01 -8.706940818131118920e-02 1.563263574397361910e-01 7.283007439942801309e-02
7.399999999999999911e-01 6.959999999999999520e-01 6.570000000000000284e-01 5.989999999999999769e-01 5.799999999999999600e-01 5.629999999999999449e-01 5.380000000000000338e-01 5.140000000000000124e-01 4.640000000000000235e-01 -1.603001329871328318e-01 -1.244618787105103708e-01 1.004087290279988831e-01 -1.920613700334120599e-01 1.244560933664374258e-01 1.125565121743085512e-01 -9.907380591767078748e-02 -1.794879648785834836e-01 9.848332880024328329e-02
8.000000000000000444e-01 8.000000000000000444e-01 7.640000000000000124e-01 7.069999999999999618e-01 6.600000000000000311e-01 5.849999999999999645e-01 5.729999999999999538e-01 5.709999999999999520e-01 5.699999999999999512e-01 -1.999987011959424577e-01 -1.999967081017800519e-01 1.999999727743947409e-01 -1.562332338041000634e-01 -1.401169936161767160e-01 1.999944977583855976e-01 1.402371295523516248e-01 -1.999994621661796701e-01 -1.999986759134605163e-01
8.000000000000000444e-01 7.760000000000000231e-01 7.299999999999999822e-01 6.850000000000000533e-01 6.440000000000000169e-01 6.129999999999999893e-01 5.829999999999999627e-01 5.739999999999999547e-01 5.699999999999999512e-01 -1.999999758824574370e-01 1.999990320896195550e-01 1.999980600540284814e-01 -1.487508441143039206e-01 1.431488048119115564e-01 -1.340461237823622476e-01 -1.999996240704707273e-01 1.513265686794761367e-01 -1.999986493588759018e-01
8.000000000000000444e-01 8.000000000000000444e-01 7.359999999999999876e-01 7.159999999999999698e-01 6.670000000000000373e-01 6.059999999999999831e-01 5.889999999999999680e-01 5.819999999999999618e-01 5.819999999999999618e-01 1.999958364351449858e-01 -1.999990655475787082e-01 -1.587578036052915420e-01 1.999942995649044153e-01 -1.370040852054632552e-01 1.428352445455191300e-01 -1.999994563921785040e-01 1.504458960874285323e-01 -1.999970244851036472e-01
8.000000000000000444e-01 7.790000000000000258e-01 7.520000000000000018e-01 7.069999999999999618e-01 6.580000000000000293e-01 6.069999999999999840e-01 5.869999999999999662e-01 5.769999999999999574e-01 5.769999999999999574e-01 -1.999996498236728815e-01 1.999986674976199919e-01 1.999998682529464944e-01 -1.533230821326096172e-01 -1.434975920603801247e-01 1.513984713037939966e-01 -1.999980668996246269e-01 -1.999994164559950049e-01 1.526137150979435253e-01
8.000000000000000444e-01 8.000000000000000444e-01 8.000000000000000444e-01 7.159999999999999698e-01 6.570000000000000284e-01 6.089999999999999858e-01 6.049999999999999822e-01 5.959999999999999742e-01 5.959999999999999742e-01 -1.990980026672438674e-01 1.999998411208529780e-01 -1.998181026082848366e-01 -1.573678381806782045e-01 1.999973059060699276e-01 -1.999999981358837886e-01 -1.241054051412494724e-01 -1.999987034381089934e-01 1.474962598055869489e-01
8.000000000000000444e-01 8.000000000000000444e-01 8.000000000000000444e-01 7.540000000000000036e-01 6.939999999999999503e-01 6.590000000000000302e-01 6.049999999999999822e-01 5.949999999999999734e-01 5.949999999999999734e-01 1.999999800262730887e-01 -1.999942236569345611e-01 -1.974518874965250637e-01 1.999992786890008867e-01 -1.523167828490526732e-01 -1.408481344540108704e-01 1.533102638411436569e-01 1.553321395670017868e-01 -1.999995409693560156e-01
8.000000000000000444e-01 7.900000000000000355e-01 7.299999999999999822e-01 6.850000000000000533e-01 6.600000000000000311e-01 6.129999999999999893e-01 5.959999999999999742e-01 5.939999999999999725e-01 5.939999999999999725e-01 -1.999981605339169188e-01 1.999970925653042353e-01 1.999998404481032610e-01 -1.468901366537470332e-01 -1.429945888167444001e-01 1.537470885257962716e-01 1.484969359654392529e-01 -1.999997689704853809e-01 -1.999993815651826268e-01
8.000000000000000444e-01 8.000000000000000444e-01 7.990000000000000435e-01 7.469999999999999973e-01 6.989999999999999547e-01 6.650000000000000355e-01 6.149999999999999911e-01 5.979999999999999760e-01 5.979999999999999760e-01 1.999983447553691784e-01 -1.999991677614031960e-01 -1.998106678451411766e-01 1.999989519918207725e-01 -1.486000061654166315e-01 -1.422301805403772268e-01 1.571334250743783578e-01 -1.999991946985461289e-01 1.506704919192425052e-01
8.000000000000000444e-01 7.890000000000000346e-01 7.409999999999999920e-01 6.979999999999999538e-01 6.470000000000000195e-01 6.159999999999999920e-01 6.109999999999999876e-01 6.039999999999999813e-01 6.039999999999999813e-01 -1.999980338857818007e-01 1.999992708999452085e-01 -1.684274978451390514e-01 1.999994239023340226e-01 -1.345426653153835583e-01 1.418639298349902989e-01 -1.999978218212731806e-01 -1.999998303472208527e-01 1.435267115012774930e-01
8.000000000000000444e-01 7.820000000000000284e-01 7.409999999999999920e-01 7.159999999999999698e-01 6.730000000000000426e-01 6.400000000000000133e-01 6.049999999999999822e-01 6.009999999999999787e-01 5.999999999999999778e-01 -1.999980993929742490e-01 1.999987245455946139e-01 1.999989762068760391e-01 -1.557257024842017001e-01 -1.411826192764186194e-01 1.518030204459317467e-01 1.535994141171207750e-01 -1.960245683860528387e-01 -1.999993393725652269e-01
8.000000000000000444e-01 8.000000000000000444e-01 7.890000000000000346e-01 7.419999999999999929e-01 6.850000000000000533e-01 6.630000000000000338e-01 6.159999999999999920e-01 6.099999999999999867e-01 6.099999999999999867e-01 -1.999825507299558547e-01 -1.999949658266118035e-01 1.999989079562684291e-01 1.999980035487609886e-01 -1.419747219475895883e-01 -1.419560349021977141e-01 -1.997487936285249066e-01 1.516086464918545429e-01 -1.999982137185666031e-01
8.000000000000000444e-01 7.920000000000000373e-01 7.570000000000000062e-01 7.079999999999999627e-01 6.570000000000000284e-01 6.280000000000000027e-01 6.129999999999999893e-01 6.119999999999999885e-01 6.119999999999999885e-01 -1.999997778241360269e-01 1.999999145285582536e-01 1.999979248139072963e-01 -1.480131286254932066e-01 -1.401891881915252602e-01 -1.999999694877213907e-01 -1.999987344248118359e-01 1.577253612171222452e-01 1.538717699240376158e-01
8.000000000000000444e-01 7.930000000000000382e-01 7.479999999999999982e-01 7.159999999999999698e-01 6.750000000000000444e-01 6.470000000000000195e-01 6.330000000000000071e-01 6.139999999999999902e-01 6.139999999999999902e-01 -1.999933698655249337e-01 1.999998887716154805e-01 1.999997390454202606e-01 -1.518741562235571274e-01 -1.405762040265467194e-01 -1.979502040429672594e-01 1.525321277975579259e-01 1.536344229554469365e-01 -1.999998695559854212e-01
8.000000000000000444e-01 8.000000000000000444e-01 7.389999999999999902e-01 6.959999999999999520e-01 6.570000000000000284e-01 6.480000000000000204e-01 6.199999999999999956e-01 6.199999999999999956e-01 6.199999999999999956e-01 1.999965871962831043e-01 -1.999991745431945467e-01 1.999963172983771076e-01 -1.440859563559383771e-01 -1.999936998693888635e-01 -1.327421650591619762e-01 -1.999998175950064294e-01 1.507808240115039722e-01 1.562537401978078000e-01
8.000000000000000444e-01 8.000000000000000444e-01 8.000000000000000444e-01 7.469999999999999973e-01 6.959999999999999520e-01 6.600000000000000311e-01 6.450000000000000178e-01 6.219999999999999973e-01 6.219999999999999973e-01 1.999996057885532474e-01 -1.999556212043396564e-01 -1.999968363767844204e-01 1.999976349392939001e-01 -1.448746514950326747e-01 1.497719721209446742e-01 -1.368888914196703666e-01 1.538236706892053551e-01 -1.999993440078088047e-01
8.000000000000000444e-01 7.830000000000000293e-01 7.520000000000000018e-01 7.159999999999999698e-01 6.959999999999999520e-01 6.480000000000000204e-01 6.390000000000000124e-01 6.250000000000000000e-01 6.250000000000000000e-01 -1.999994804906632673e-01 1.999997844081630172e-01 1.999975529069840663e-01 -1.471852966630201598e-01 -1.421986312115922357e-01 -1.935440736657517979e-01 1.517432366453815296e-01 -1.999994919053694475e-01 1.531953161826440923e-01
8.000000000000000444e-01 7.740000000000000213e-01 7.650000000000000133e-01 7.189999999999999725e-01 6.860000000000000542e-01 6.730000000000000426e-01 6.580000000000000293e-01 6.250000000000000000e-01 6.250000000000000000e-01 -1.999990484278577063e-01 1.999960955109825467e-01 1.999997629507563046e-01 -1.493946779142920622e-01 -1.999998092399693228e-01 1.437995417617499716e-01 -1.328968758178814824e-01 1.561201883300414039e-01 -1.999997920906331494e-01
8.000000000000000444e-01 7.730000000000000204e-01 7.249999999999999778e-01 6.860000000000000542e-01 6.580000000000000293e-01 6.380000000000000115e-01 6.290000000000000036e-01 6.290000000000000036e-01 6.290000000000000036e-01 -1.999928112244891698e-01 1.999992692058020216e-01 1.999989577523750561e-01 -1.447602099110545382e-01 1.450460516819718215e-01 1.435912205258958463e-01 -1.999992398275079186e-01 -1.306880383359469433e-01 -1.999993759417530714e-01
8.000000000000000444e-01 8.000000000000000444e-01 8.000000000000000444e-01 7.359999999999999876e-01 7.069999999999999618e-01 6.640000000000000346e-01 6.470000000000000195e-01 6.400000000000000133e-01 6.400000000000000133e-01 1.999986969531699077e-01 -1.999942275189332541e-01 -1.999846195127382154e-01 -1.550582223124002401e-01 1.999991092769154710e-01 -1.364725381714674002e-01 1.456709437709065302e-01 -1.999986490697283070e-01 -1.982693446687913696e-01
8.000000000000000444e-01 7.890000000000000346e-01 7.660000000000000142e-01 7.159999999999999698e-01 6.570000000000000284e-01 6.490000000000000213e-01 6.430000000000000160e-01 6.430000000000000160e-01 6.430000000000000160e-01 -1.999958182876356572e-01 1.999991034249289923e-01 1.999999821528258559e-01 -1.496040084217293009e-01 1.505950581745369998e-01 1.525687379672821253e-01 -1.999996791979538890e-01 -1.999988002324802894e-01 -1.321586813506732128e-01
8.000000000000000444e-01 8.000000000000000444e-01 7.790000000000000258e-01 7.469999999999999973e-01 7.079999999999999627e-01 6.750000000000000444e-01 6.570000000000000284e-01 6.380000000000000115e-01 6.380000000000000115e-01 1.999994398560028530e-01 -1.999555439374220978e-01 -1.991985732883509719e-01 1.999941264138902774e-01 1.345754741094017937e-01 -1.392631102627616968e-01 1.487586634364417570e-01 -1.999987109761829362e-01 -1.326794880328514836e-01
8.000000000000000444e-01 8.000000000000000444e-01 8.000000000000000444e-01 7.459999999999999964e-01 6.879999999999999449e-01 6.750000000000000444e-01 6.710000000000000409e-01 6.580000000000000293e-01 6.490000000000000213e-01 -1.998889402004084825e-01 1.999994558270755396e-01 -1.999964047101834286e-01 1.999997973785339334e-01 -1.430641716312604506e-01 1.424366225748451287e-01 1.453342512655518282e-01 -1.356712560009632473e-01 -1.999995628357871813e-01
8.000000000000000444e-01 7.920000000000000373e-01 7.570000000000000062e-01 7.119999999999999662e-01 6.899999999999999467e-01 6.570000000000000284e-01 6.490000000000000213e-01 6.490000000000000213e-01 6.490000000000000213e-01 -1.999984834470300843e-01 1.999991624795806888e-01 1.999993717291265738e-01 -1.461370205444508796e-01 -1.426298007654683286e-01 -1.999991037935197613e-01 1.544310295309032077e-01 1.494449441295082615e-01 -1.999995848070747761e-01
8.000000000000000444e-01 7.550000000000000044e-01 7.269999999999999796e-01 7.079999999999999627e-01 6.969999999999999529e-01 6.570000000000000284e-01 6.530000000000000249e-01 6.520000000000000240e-01 6.490000000000000213e-01 -1.999993030493251445e-01 1.999991518927415335e-01 -1.485404081627672013e-01 1.999988011025193579e-01 -1.434117781656850665e-01 -1.999999329216921029e-01 -1.999994565816227698e-01 1.372192036179847308e-01 1.373676939146940557e-01
8.000000000000000444e-01 7.900000000000000355e-01 7.459999999999999964e-01 7.089999999999999636e-01 6.939999999999999503e-01 6.730000000000000426e-01 6.570000000000000284e-01 6.550000000000000266e-01 6.540000000000000258e-01 -1.999989672286071329e-01 1.999996487819854230e-01 1.999962273947440972e-01 -1.459654868380927117e-01 -1.379300246961424892e-01 -1.999999364234779087e-01 1.481915622329146587e-01 -1.999996105360284104e-01 1.476363362777758093e-01
8.000000000000000444e-01 8.000000000000000444e-01 7.650000000000000133e-01 7.199999999999999734e-01 6.959999999999999520e-01 6.730000000000000426e-01 6.580000000000000293e-01 6.570000000000000284e-01 6.570000000000000284e-01 -1.995008786076782337e-01 -1.999919051152341809e-01 1.999996947614250953e-01 1.999957689721514054e-01 -1.446047757358170094e-01 -1.377678594495536646e-01 -1.999985995736257849e-01 -1.999993684904936841e-01 1.417666165207709938e-01
8.000000000000000444e-01 8.000000000000000444e-01 7.710000000000000187e-01 7.179999999999999716e-01 6.879999999999999449e-01 6.740000000000000435e-01 6.670000000000000373e-01 6.620000000000000329e-01 6.610000000000000320e-01 -1.999997573556328290e-01 -1.982291681390622173e-01 1.999988714590898442e-01 -1.417168624542103628e-01 -1.448833095516752489e-01 1.581821959804962929e-01 1.344509841041842957e-01 -1.995028189177708577e-01 -1.999986958994142416e-01
8.000000000000000444e-01 8.000000000000000444e-01 7.339999999999999858e-01 7.069999999999999618e-01 6.969999999999999529e-01 6.929999999999999494e-01 6.840000000000000524e-01 6.730000000000000426e-01 6.630000000000000338e-01 1.999990456813851569e-01 -1.999972472086650743e-01 -1.494244193347929461e-01 1.999998939525057251e-01 1.373848109087786873e-01 -1.443908830259525433e-01 -1.995680486091443162e-01 1.391118474136434080e-01 -1.999981816012866287e-01
8.000000000000000444e-01 7.850000000000000311e-01 7.520000000000000018e-01 7.069999999999999618e-01 6.999999999999999556e-01 6.850000000000000533e-01 6.730000000000000426e-01 6.620000000000000329e-01 6.610000000000000320e-01 -1.999994566981014299e-01 1.999983276862548898e-01 1.999998402309524081e-01 -1.460715156631916256e-01 -1.370081938963433887e-01 -1.999990987554712274e-01 1.439602848802476187e-01 1.473087683916551316e-01 -1.999994642222631402e-01
8.000000000000000444e-01 7.920000000000000373e-01 7.600000000000000089e-01 7.069999999999999618e-01 6.850000000000000533e-01 6.730000000000000426e-01 6.660000000000000364e-01 6.660000000000000364e-01 6.650000000000000355e-01 -1.999930522867882920e-01 1.999997086687699266e-01 -1.564732257499190926e-01 1.999961844452118331e-01 1.400147725617304217e-01 1.398945945389702683e-01 -1.999999432452221892e-01 -1.363680890243893773e-01 -1.999993939300405976e-01
8.000000000000000444e-01 7.840000000000000302e-01 7.159999999999999698e-01 6.959999999999999520e-01 6.919999999999999485e-01 6.879999999999999449e-01 6.870000000000000551e-01 6.730000000000000426e-01 6.700000000000000400e-01 -1.966723384889710324e-01 1.999991142663221089e-01 -1.999994169238710762e-01 1.308781085608733408e-01 1.363397315216804961e-01 1.999988544984738215e-01 -1.376468035753202479e-01 -1.350138159932858795e-01 -1.999996471336058512e-01
8.000000000000000444e-01 7.970000000000000417e-01 7.750000000000000222e-01 7.369999999999999885e-01 7.069999999999999618e-01 6.770000000000000462e-01 6.700000000000000400e-01 6.700000000000000400e-01 6.690000000000000391e-01 -1.999901247319343656e-01 1.999992473863893561e-01 -1.988200112547628406e-01 1.999993804165060285e-01 -1.425108648382877596e-01 1.462515748921654757e-01 1.477038244311989490e-01 -1.349912817964257494e-01 -1.999997537349478827e-01
8.000000000000000444e-01 8.000000000000000444e-01 7.780000000000000249e-01 7.479999999999999982e-01 7.109999999999999654e-01 6.850000000000000533e-01 6.760000000000000453e-01 6.710000000000000409e-01 6.690000000000000391e-01 -1.987630275851531014e-01 -1.999990715076242209e-01 1.999984188498770965e-01 1.999992595024637776e-01 -1.449053350540120966e-01 1.420866602376530397e-01 -1.378642636816189704e-01 1.450504596700138427e-01 -1.999991038634203189e-01
7.510000000000000009e-01 7.159999999999999698e-01 6.850000000000000533e-01 6.570000000000000284e-01 6.169999999999999929e-01 5.989999999999999769e-01 5.629999999999999449e-01 5.380000000000000338e-01 5.010000000000000009e-01 -1.978535661106704258e-01 -8.814425404038307710e-02 1.129489302930433703e-01 1.714277273182125971e-01 -8.238510845142039962e-02 -1.862533882171519550e-01 -6.543550821792094851e-02 8.327618513083907825e-02 1.137190349946400475e-01
8.000000000000000444e-01 7.800000000000000266e-01 7.560000000000000053e-01 7.399999999999999911e-01 6.959999999999999520e-01 6.850000000000000533e-01 6.770000000000000462e-01 6.720000000000000417e-01 6.720000000000000417e-01 -1.999984348794916766e-01 1.999999818565640630e-01 1.999989599858272293e-01 -1.513434861845559809e-01 -1.999997722794240873e-01 1.419233060869337648e-01 1.414260891349268801e-01 -1.999985634217607000e-01 -1.364953065128785281e-01
8.000000000000000444e-01 8.000000000000000444e-01 7.970000000000000417e-01 7.510000000000000009e-01 7.079999999999999627e-01 6.790000000000000480e-01 6.790000000000000480e-01 6.790000000000000480e-01 6.790000000000000480e-01 -1.999868854130945894e-01 -1.986724227973605539e-01 1.999999354038932142e-01 1.999999219973539744e-01 -1.412649568326214133e-01 -1.999991119107088766e-01 1.458422270764309914e-01 -1.381858472275022398e-01 1.444134329286292651e-01
8.000000000000000444e-01 8.000000000000000444e-01 7.510000000000000009e-01 7.259999999999999787e-01 7.069999999999999618e-01 6.879999999999999449e-01 6.810000000000000497e-01 6.750000000000000444e-01 6.740000000000000435e-01 1.999986779041307006e-01 -1.999980231601686254e-01 1.999978704202357849e-01 -1.433968941603794012e-01 -1.999997652854807739e-01 -1.361072327263905535e-01 1.471394674984078943e-01 -1.999999900122985952e-01 1.502608912441258660e-01
8.000000000000000444e-01 7.790000000000000258e-01 7.419999999999999929e-01 7.069999999999999618e-01 6.989999999999999547e-01 6.929999999999999494e-01 6.909999999999999476e-01 6.879999999999999449e-01 6.770000000000000462e-01 -1.999915658189652945e-01 1.999989039421218306e-01 1.983393830542498071e-01 -1.422013238215702469e-01 1.360509552143992773e-01 -1.981985178839494599e-01 1.336014865929485429e-01 -1.382195084902845816e-01 -1.999942246915361321e-01
8.000000000000000444e-01 8.000000000000000444e-01 7.930000000000000382e-01 7.580000000000000071e-01 7.159999999999999698e-01 6.989999999999999547e-01 6.850000000000000533e-01 6.790000000000000480e-01 6.780000000000000471e-01 -1.999889327364527403e-01 -1.987045449759264060e-01 1.999993781288066375e-01 1.999992488781375810e-01 -1.460270125123853124e-01 -1.445305994489249068e-01 1.435499672079347810e-01 1.478239956305867908e-01 -1.999997941751739117e-01
8.000000000000000444e-01 7.910000000000000364e-01 7.459999999999999964e-01 7.299999999999999822e-01 7.069999999999999618e-01 6.850000000000000533e-01 6.820000000000000506e-01 6.800000000000000488e-01 6.800000000000000488e-01 -1.999983328909223645e-01 1.999976556793003346e-01 -1.504473399419460622e-01 1.999996237083805917e-01 -1.402816141789524351e-01 1.410002324938704754e-01 1.440202723612687141e-01 -1.999995427721411867e-01 -1.999979833169342192e-01
8.000000000000000444e-01 7.980000000000000426e-01 7.750000000000000222e-01 7.259999999999999787e-01 7.069999999999999618e-01 6.939999999999999503e-01 6.870000000000000551e-01 6.850000000000000533e-01 6.850000000000000533e-01 -1.999983405516169710e-01 1.999986349653237183e-01 1.999997415093779374e-01 1.381289907580975640e-01 -1.436194917486817713e-01 -1.359813332655770146e-01 -1.999993926863891658e-01 -1.999993361684888060e-01 1.495140866682397596e-01
8.000000000000000444e-01 7.790000000000000258e-01 7.620000000000000107e-01 7.479999999999999982e-01 7.179999999999999716e-01 6.959999999999999520e-01 6.870000000000000551e-01 6.820000000000000506e-01 6.820000000000000506e-01 -1.999982314778606385e-01 1.999988940128495651e-01 1.988261475259830713e-01 1.999988836096794065e-01 -1.434859622165627346e-01 -1.378342527533418793e-01 1.400812793855200911e-01 -1.999997119579620120e-01 1.398408978557475202e-01
8.000000000000000444e-01 8.000000000000000444e-01 7.830000000000000293e-01 7.459999999999999964e-01 7.169999999999999707e-01 7.069999999999999618e-01 6.860000000000000542e-01 6.850000000000000533e-01 6.850000000000000533e-01 -1.999513621398875118e-01 -1.993874897194545248e-01 1.999997860947637929e-01 1.999981461261124971e-01 -1.425995871173063589e-01 1.346811679605030287e-01 -1.999999132151425718e-01 1.418143266982173911e-01 -1.352689800492336281e-01
7.510000000000000009e-01 7.159999999999999698e-01 6.850000000000000533e-01 6.570000000000000284e-01 5.989999999999999769e-01 5.799999999999999600e-01 5.500000000000000444e-01 5.240000000000000213e-01 4.789999999999999813e-01 1.522294669474455187e-01 -1.052185847089568693e-01 1.756432911128126551e-01 6.783584280959954749e-02 1.815621516273410174e-01 1.647524071217016384e-01 1.265515743122974379e-01 -1.974827761261203907e-01 -1.543636991013991600e-01
8.000000000000000444e-01 8.000000000000000444e-01 7.830000000000000293e-01 7.670000000000000151e-01 7.560000000000000053e-01 7.259999999999999787e-01 6.959999999999999520e-01 6.929999999999999494e-01 6.899999999999999467e-01 -1.999962162048520287e-01 -1.990382799225909605e-01 1.999998986940751122e-01 1.986042921973013298e-01 -1.524149713012409590e-01 1.253861219853652231e-01 -1.999995617180015950e-01 -1.380921923309550159e-01 1.409651804248933660e-01
8.000000000000000444e-01 8.000000000000000444e-01 7.680000000000000160e-01 7.459999999999999964e-01 7.189999999999999725e-01 7.079999999999999627e-01 6.959999999999999520e-01 6.929999999999999494e-01 6.899999999999999467e-01 -1.989458753883553976e-01 -1.994252416066496503e-01 1.999996551760535035e-01 1.999993326468609001e-01 1.306080797882965272e-01 -1.425051754753465516e-01 -1.393773508547286599e-01 1.399440453981437293e-01 -1.999995368204183777e-01
8.000000000000000444e-01 8.000000000000000444e-01 8.000000000000000444e-01 7.800000000000000266e-01 7.510000000000000009e-01 7.169999999999999707e-01 7.069999999999999618e-01 6.959999999999999520e-01 6.929999999999999494e-01 -1.995141767690373491e-01 -5.773859706487232540e-02 -1.968762640142884823e-01 1.999990789223634602e-01 1.999976653300845897e-01 -1.394236308817987380e-01 1.381677763674238890e-01 -1.999996142447043046e-01 -1.379927144170233211e-01
8.000000000000000444e-01 8.000000000000000444e-01 8.000000000000000444e-01 7.600000000000000089e-01 7.329999999999999849e-01 7.239999999999999769e-01 7.069999999999999618e-01 6.959999999999999520e-01 6.949999999999999512e-01 1.999977807113522688e-01 -1.999995523936448638e-01 -1.970116832318928035e-01 1.999989295413051593e-01 -1.507251861492406031e-01 -1.439908560017718331e-01 1.390855824501641413e-01 1.474703415542384655e-01 -1.999999916833704316e-01
8.000000000000000444e-01 8.000000000000000444e-01 7.890000000000000346e-01 7.800000000000000266e-01 7.500000000000000000e-01 7.259999999999999787e-01 7.069999999999999618e-01 6.989999999999999547e-01 6.989999999999999547e-01 -1.995326591458469190e-01 -1.987380776243008740e-01 -5.275968037059393378e-02 1.999991298481426927e-01 1.999980914809307841e-01 -1.392417620843320880e-01 1.416277862065987436e-01 -1.999989568279474106e-01 -1.427019031371208890e-01
8.000000000000000444e-01 8.000000000000000444e-01 7.820000000000000284e-01 7.640000000000000124e-01 7.249999999999999778e-01 7.069999999999999618e-01 7.039999999999999591e-01 7.029999999999999583e-01 7.029999999999999583e-01 -1.979253151301860192e-01 -1.999984377427765359e-01 1.999907734257928005e-01 1.999984624474087369e-01 -1.425277068077284437e-01 1.384347955578878187e-01 1.447658918680730933e-01 -1.999998548103122387e-01 -1.393436258004487061e-01
8.000000000000000444e-01 7.990000000000000435e-01 7.900000000000000355e-01 7.600000000000000089e-01 7.259999999999999787e-01 7.179999999999999716e-01 7.069999999999999618e-01 7.039999999999999591e-01 7.039999999999999591e-01 -1.998765236374968612e-01 1.999988679090601296e-01 -1.998361936049423970e-01 1.999977204864404889e-01 -1.417038052810447035e-01 1.374922554106021155e-01 1.399029073405975154e-01 -1.999999313370245946e-01 -1.402120117320174997e-01
7.570000000000000062e-01 7.249999999999999778e-01 6.850000000000000533e-01 6.570000000000000284e-01 5.989999999999999769e-01 5.799999999999999600e-01 5.370000000000000329e-01 5.030000000000000027e-01 4.670000000000000262e-01 -1.365502602538355703e-01 -1.869280528947396547e-01 1.341551816521975027e-01 -1.456467029374414190e-01 6.360126739088682590e-02 8.282930921929111678e-02 7.827242399084617663e-02 1.032049416748635068e-01 -1.411907349398907607e-01
8.000000000000000444e-01 7.990000000000000435e-01 7.990000000000000435e-01 7.980000000000000426e-01 7.530000000000000027e-01 7.399999999999999911e-01 7.159999999999999698e-01 7.099999999999999645e-01 7.099999999999999645e-01 -1.999999199581528608e-01 1.999968205376131680e-01 -5.780823609828542736e-02 -1.975493446854931223e-01 -1.462490707312774085e-01 1.999962128115740367e-01 1.378498466806431233e-01 -1.437292810042481994e-01 -1.999999671533480294e-01
8.000000000000000444e-01 7.690000000000000169e-01 7.469999999999999973e-01 7.329999999999999849e-01 7.199999999999999734e-01 7.149999999999999689e-01 7.109999999999999654e-01 7.109999999999999654e-01 7.109999999999999654e-01 -1.999945596138133774e-01 1.999998736543029121e-01 1.999987581586334107e-01 -1.438442550588554802e-01 -1.433145890322463922e-01 -1.999999451592954502e-01 -1.999990968400887081e-01 1.331894755053240342e-01 1.299150197869744228e-01
8.000000000000000444e-01 8.000000000000000444e-01 7.760000000000000231e-01 7.610000000000000098e-01 7.500000000000000000e-01 7.329999999999999849e-01 7.159999999999999698e-01 7.129999999999999671e-01 7.129999999999999671e-01 -1.999962263504940219e-01 -1.920179482464631215e-01 1.999997815532200129e-01 1.999990672680312942e-01 -1.508725560546565481e-01 1.276850680255072201e-01 -1.437967767551329712e-01 -1.999999657325082503e-01 1.352475229525870459e-01
7.570000000000000062e-01 7.249999999999999778e-01 7.079999999999999627e-01 6.850000000000000533e-01 6.570000000000000284e-01 5.989999999999999769e-01 5.629999999999999449e-01 5.380000000000000338e-01 4.949999999999999956e-01 1.798226087913519788e-01 -7.364021560981121040e-02 -1.882321915534526102e-01 -1.722024074677061811e-01 1.787343630592921062e-01 -1.412724632132568992e-01 1.968135356030834004e-01 -1.164804823356939273e-01 7.137249566933240308e-02
8.000000000000000444e-01 8.000000000000000444e-01 7.780000000000000249e-01 7.580000000000000071e-01 7.459999999999999964e-01 7.379999999999999893e-01 7.249999999999999778e-01 7.209999999999999742e-01 7.199999999999999734e-01 -1.985801370198583826e-01 -1.999960807786176076e-01 1.999988523785607708e-01 1.996807799715571985e-01 -1.449632405677317715e-01 -1.522639874953089500e-01 1.457276783937774267e-01 1.281329416387598785e-01 -1.999987579372351776e-01
8.000000000000000444e-01 7.900000000000000355e-01 7.650000000000000133e-01 7.620000000000000107e-01 7.399999999999999911e-01 7.329999999999999849e-01 7.289999999999999813e-01 7.249999999999999778e-01 7.249999999999999778e-01 -1.999976015774996008e-01 -5.224056862138556218e-02 1.999998576605834244e-01 -1.481242998141204525e-01 -1.999983443684237028e-01 1.999994626124525776e-01 -1.430495725693381459e-01 -1.999996447746718864e-01 1.301204481433295701e-01
8.000000000000000444e-01 7.850000000000000311e-01 7.570000000000000062e-01 7.540000000000000036e-01 7.399999999999999911e-01 7.339999999999999858e-01 7.319999999999999840e-01 7.289999999999999813e-01 7.289999999999999813e-01 -1.971062369300824735e-01 1.999993250310291848e-01 -1.997298047555758349e-01 1.999961523208142744e-01 1.294146703282819111e-01 1.289012305473862252e-01 -1.435626964548530893e-01 -1.999997579808849568e-01 -1.415642406474428849e-01
8.000000000000000444e-01 7.860000000000000320e-01 7.810000000000000275e-01 7.650000000000000133e-01 7.510000000000000009e-01 7.349999999999999867e-01 7.349999999999999867e-01 7.349999999999999867e-01 7.349999999999999867e-01 -1.999908891920197940e-01 1.999997678036527782e-01 1.999987016168979781e-01 1.146109389830368558e-01 -1.999985586362235668e-01 -1.999996613085299191e-01 -1.439315935189506568e-01 -1.385823638618489950e-01 1.306777285120573895e-01
8.000000000000000444e-01 8.000000000000000444e-01 7.920000000000000373e-01 7.710000000000000187e-01 7.610000000000000098e-01 7.459999999999999964e-01 7.419999999999999929e-01 7.399999999999999911e-01 7.389999999999999902e-01 -1.999973375523980967e-01 -1.979563157977065613e-01 1.999996962989294413e-01 -1.510094179686793936e-01 1.999988122798940227e-01 -1.479808746566033117e-01 1.264757790592268283e-01 1.302869065517290592e-01 -1.999988434671791659e-01
8.000000000000000444e-01 8.000000000000000444e-01 8.000000000000000444e-01 7.970000000000000417e-01 7.820000000000000284e-01 7.570000000000000062e-01 7.520000000000000018e-01 7.459999999999999964e-01 7.459999999999999964e-01 -1.970836622559385964e-01 -5.291877098235656801e-02 -1.999941062089423405e-01 1.999994458464050828e-01 -1.492770421736555331e-01 1.999978580092059699e-01 1.283453908550773459e-01 -1.411706652336932599e-01 -1.999999118769561490e-01
8.000000000000000444e-01 8.000000000000000444e-01 7.980000000000000426e-01 7.750000000000000222e-01 7.640000000000000124e-01 7.570000000000000062e-01 7.530000000000000027e-01 7.530000000000000027e-01 7.530000000000000027e-01 -1.988068829245712155e-01 -5.276123514519284047e-02 -1.734752801996670701e-01 1.993347780130463320e-01 1.104526191049213651e-01 -1.433531342774345962e-01 -1.999994784217099808e-01 1.999977794928659292e-01 -1.999981884682304201e-01
8.000000000000000444e-01 7.990000000000000435e-01 7.920000000000000373e-01 7.710000000000000187e-01 7.670000000000000151e-01 7.670000000000000151e-01 7.650000000000000133e-01 7.650000000000000133e-01 7.650000000000000133e-01 -1.999953697055519564e-01 1.982450918106935522e-01 -5.154234412020013145e-02 -1.448782907558004707e-01 -1.463715134564628484e-01 1.167070042894244736e-01 -1.999999401157257217e-01 1.999996489297169722e-01 -1.999991576028274376e-01
8.000000000000000444e-01 7.990000000000000435e-01 7.910000000000000364e-01 7.880000000000000338e-01 7.820000000000000284e-01 7.820000000000000284e-01 7.820000000000000284e-01 7.820000000000000284e-01 7.820000000000000284e-01 -1.822281083414201142e-01 -5.491778291697339137e-02 1.985841174036799273e-01 1.990502639975254284e-01 -1.987597126013134763e-01 -5.212768639824401362e-02 -1.373629471881402109e-01 -1.994792760635653583e-01 -1.433914741822704120e-01
