1.109475694349162467e+01 5.919318658230231733e+01
1.113690832824044463e+01 5.355881920703367172e+01
1.113470657079658999e+01 5.113075322014294954e+01
1.114551340956351311e+01 5.043838889574028173e+01
1.106354732989281331e+01 4.752663684889213158e+01
1.113927175253876811e+01 4.415715598459471636e+01
1.113371338172139779e+01 4.357313527953326115e+01
1.134289860386675031e+01 4.325428987733129560e+01
1.117156187025523373e+01 4.272085605631474436e+01
1.119278991246724608e+01 4.184573606448309135e+01
1.117769543821613709e+01 4.088076474680255501e+01
1.123470388288146182e+01 4.043586645849268280e+01
1.132495651169104889e+01 3.952912694907850977e+01
1.130204868937954998e+01 3.889954785011740057e+01
1.143404982212835286e+01 3.743087218308512121e+01
1.135493953525210031e+01 3.728719058429500421e+01
1.141002432075766926e+01 3.631380241708328782e+01
1.158905499203192591e+01 3.580930751227069919e+01
1.161263113341276565e+01 3.518255208680672297e+01
1.169236702762619906e+01 3.445370861857553280e+01
1.196265878309593766e+01 3.369055621018835467e+01
1.210311238888309759e+01 3.296147748124379717e+01
1.208852494632819230e+01 3.208303999216524716e+01
1.216498417919032882e+01 3.115086255321049791e+01
1.195198532800618629e+01 3.062512046687918854e+01
1.195400197402928377e+01 2.977686087749453137e+01
1.197028605731658502e+01 2.922338346693656774e+01
1.219066224624815575e+01 2.845853305376279963e+01
1.196977575037653807e+01 2.770909173608996312e+01
1.220155874686573227e+01 2.699986008055327602e+01
1.206165790223066736e+01 2.616467888053281143e+01
1.207259930825512484e+01 2.549074230433266663e+01
1.223262243162253071e+01 2.471731538569058628e+01
1.227429194858370209e+01 2.384305517168906619e+01
1.230175593851616611e+01 2.322884641244909432e+01
1.203147484999812988e+01 2.246325984873945103e+01
1.206340076955945406e+01 2.163201355312671836e+01
1.208958658547473952e+01 2.081941107751842779e+01
1.233841995264350544e+01 2.020397288200229724e+01
1.210737999059143277e+01 1.943327374799761031e+01
1.225157010748712949e+01 1.851678767518421154e+01
1.239531488514443502e+01 1.796358573197259645e+01
1.222875908894707919e+01 1.691845229508154347e+01
1.240416563000412964e+01 1.641121785896549667e+01
1.219699607804048824e+01 1.529130245756026341e+01
1.222406976833003611e+01 1.492246488873362686e+01
1.221124215486968367e+01 1.408741674220269324e+01
1.228647349553255630e+01 1.344736452813242167e+01
1.238250263730169998e+01 1.267136838376316987e+01
1.230481410602177483e+01 1.188640782017751718e+01
1.237384188651322070e+01 1.160618347435062425e+01
1.240542767519149869e+01 1.130620218776650887e+01
1.234480336438464576e+01 1.105125987825478795e+01
1.243061091880425550e+01 1.075569802526422336e+01
1.242799710162129045e+01 1.041689802036930956e+01
1.234783284831792116e+01 1.019310599518698623e+01
1.237321823626228756e+01 9.874354207285666263e+00
1.249710721379280187e+01 9.560882943607044382e+00
1.246260443880948898e+01 9.237953786191756222e+00
1.257608638664885703e+01 8.729170349257193706e+00
1.246521209540380326e+01 8.612455154480047170e+00
1.250758177935728099e+01 8.293984388014374431e+00
1.247598397629165845e+01 8.039348435582496677e+00
1.251587348897581542e+01 7.702156376797580251e+00
1.260492497035938442e+01 7.488057893293749601e+00
1.279359715729268743e+01 7.193490048496118838e+00
1.258135397320637239e+01 6.806321687503294804e+00
1.261220627259904425e+01 6.493923525596584589e+00
1.278826785765834373e+01 6.269792992892811334e+00
1.271338671438901358e+01 5.803293689272900124e+00
1.269925064822038507e+01 5.613929602661166030e+00
1.281925362955669101e+01 5.360024274502152686e+00
1.276621363614769855e+01 5.032153312807460033e+00
1.297225073603019929e+01 4.714041054566726174e+00
1.314800828045181014e+01 4.406526748281206274e+00
1.295676925352297104e+01 4.158516965675997490e+00
1.306804545350045288e+01 3.876085282978132263e+00
1.305008697743644319e+01 3.551491015863518452e+00
1.338685657238247018e+01 3.290861339558798448e+00
4.399858070131405441e+01 3.036730949212319786e+01
1.337572531995509451e+01 2.699424464824933256e+00
1.344986047386282912e+01 2.395947516927074528e+00
1.369240627840794744e+01 2.058944808149282490e+00
1.376571391692495006e+01 1.784641202316947339e+00
1.414415813184692183e+01 1.498292752685249196e+00
1.440011399317232765e+01 1.199292187742239113e+00
1.473116603762425214e+01 8.987884740395361005e-01
