0.000000000000000000e+00 4.226667718202243434e-02 2.942386941313343485e+01 4.057887647775824114e-01 1.481128991438210463e+01 1.727820311779385554e+00 1.025296481128687454e+01 0.000000000000000000e+00 0.000000000000000000e+00
0.000000000000000000e+00 0.000000000000000000e+00 5.635556957602991246e-02 2.232742091771648774e+01 9.941824737051010885e+00 0.000000000000000000e+00 1.075393245585507174e+01 1.004790551506113694e+01 8.450795464353974551e-02
0.000000000000000000e+00 0.000000000000000000e+00 2.296993662757882859e+01 6.492620236441474013e+00 9.891339302443558523e+00 9.057357332413533690e-01 1.094286197460284171e+01 1.645414932807838460e+00 5.633863642902840752e-02
0.000000000000000000e+00 1.408889239400747811e-02 2.280930770011324071e+01 6.695514618830275211e+00 9.891339302443549641e+00 5.644213018479352861e+00 4.858688919841005038e+00 5.633863642902840752e-02 0.000000000000000000e+00
0.000000000000000000e+00 0.000000000000000000e+00 0.000000000000000000e+00 1.748151827648754875e+01 3.935676800482809767e+00 1.359392362004932053e+01 5.283458443907919744e+00 3.759420430805188396e+00 2.175124294997853092e+00
0.000000000000000000e+00 3.522469272901332382e-01 1.049696905923457457e+01 1.136208541377255798e+01 1.816776606571271602e+00 4.441009482729754154e+00 1.011404902119516791e+01 4.549855243218685175e+00 9.917569458019862561e-01
0.000000000000000000e+00 1.408889239400747811e-02 1.006872187920473216e+01 8.995832686817845314e+00 1.115919103138377544e+01 7.094929910390632699e+00 4.169539023256665367e+00 1.915894099844746012e+00 0.000000000000000000e+00
0.000000000000000000e+00 1.016647646055623611e+01 5.943270316226676009e+00 1.744891688543643937e+01 1.267068228638212668e+00 5.486701208150321918e+00 2.175124294997853980e+00 1.126996529320424406e-01 2.816931821451420376e-02
0.000000000000000000e+00 7.437615414921527446e+00 7.870817445813715452e+00 1.359392362004930987e+01 1.811471466482721171e+00 4.722708852197006202e+00 4.915935550144328481e+00 9.917569458019862561e-01 0.000000000000000000e+00
0.000000000000000000e+00 7.437615414921527446e+00 8.031446373279290896e+00 1.582576182632608131e+01 2.073384374135263108e+00 5.486701208150321918e+00 2.059426194200096205e+00 2.028593752776778891e-01 0.000000000000000000e+00
0.000000000000000000e+00 5.904825274540378421e-01 8.980740195122919545e+00 4.497609969036393096e+00 1.237655732571654355e+01 7.547797777011316711e+00 5.126482405643440821e+00 1.125575396953348850e+00 2.253993058640941030e-02
0.000000000000000000e+00 3.868927188674507356e+00 5.131851540070233142e+00 8.246179962916372119e+00 1.298524047288293737e+01 5.874589060049938638e+00 2.546893385400526455e+00 5.997181237432419598e-01 4.057187505553578877e-01
0.000000000000000000e+00 2.259213190333634103e+00 2.559179497607409370e+00 8.031446373279306883e+00 1.460839553199329544e+01 3.622942932965420582e+00 3.982283134947811831e+00 2.625259335720542708e+00 1.126996529320440921e+00
0.000000000000000000e+00 1.634028384152877322e+00 4.985483648926617661e+00 5.622012461295495811e+00 1.257945170810534385e+01 7.396841821471094036e+00 4.032832825772839414e+00 1.135136174068057002e+00 2.501278659896347123e-01
0.000000000000000000e+00 2.945030573864833912e+00 3.812428672708589872e+00 5.622012461295495811e+00 1.278234609049414594e+01 5.434414399448140642e+00 3.805292773394579164e+00 2.155063633800442524e+00 8.933138071058349672e-01
0.000000000000000000e+00 6.073534568098660769e-01 4.558538480113199398e+00 7.388930663416943823e+00 1.278234609049414594e+01 5.887282266068817549e+00 1.592913253979127308e+00 2.118946060999289394e+00 1.780084410091634428e+00
0.000000000000000000e+00 3.381570501985289856e-01 3.923878366989622002e+00 3.615622675958567456e+00 3.533836404242896911e+00 1.359392362004930987e+01 5.585370354988371311e+00 3.982283134947816272e+00 1.387862421427375814e+00
0.000000000000000000e+00 0.000000000000000000e+00 3.522469272901332382e-01 8.324295541910887719e-01 7.347878341464200602e+00 1.420260676721569482e+01 7.045679884870587273e+00 2.188572394920558661e+00 3.451312050288106725e+00
0.000000000000000000e+00 1.408889239400747811e-02 3.099556326681645047e-01 6.272952594794825032e-01 7.347878341464210372e+00 5.140125678898739281e+00 1.318813485527172702e+01 2.264339333103404961e+00 5.759401039264647970e+00
0.000000000000000000e+00 1.408889239400747673e-01 9.283969840296375509e-01 7.931043289199446455e+00 7.683940419990261006e+00 1.014471911943979343e+01 2.566251244183852087e+00 4.492332810626420425e+00 6.835309874191428103e-02
0.000000000000000000e+00 1.972444935161047075e-01 8.782133632712775251e-01 3.518871809210187607e+00 4.680091507091144187e+00 1.541997306154847891e+01 2.717207199724074762e+00 5.183460935338178643e+00 4.706746803329694973e-01
0.000000000000000000e+00 2.817778478801495623e-02 1.179315087821430019e+00 7.697777310105350601e+00 1.420260676721569482e+01 6.304029370673683630e+00 1.811471466482721171e+00 1.267068228638212668e+00 0.000000000000000000e+00
1.154223277442250062e+00 2.485122965760095060e+00 3.615622675958567456e+00 4.497609969036408195e+00 1.176787417855016038e+01 2.868163155264311648e+00 4.837896872982296870e+00 1.307429667591577305e+00 1.297349654812550046e+00
2.259213190333634103e+00 4.301201579466103375e+00 6.264528171157841996e+00 1.176787417855016038e+01 2.868163155264311648e+00 1.958196353349983321e+00 2.212379519415439866e+00 1.255132480887915403e+00 1.508546110247146466e+00
0.000000000000000000e+00 0.000000000000000000e+00 6.073534568098660769e-01 4.558538480113199398e+00 7.549559590882534366e+00 1.521707867915968748e+01 1.811471466482721171e+00 2.303760415705865816e-01 1.151880207852905291e-01
0.000000000000000000e+00 3.381570501985289856e-01 2.506628882803204394e+00 5.248484529617275740e+00 7.683940419990261006e+00 6.289725854052671927e+00 5.562378856476771105e+00 1.358603599862044264e+00 4.607520831411676121e-01
0.000000000000000000e+00 0.000000000000000000e+00 2.899722411189988858e+00 1.307959455663209480e+00 7.870817445813715452e+00 1.237655732571654355e+01 3.152014685336837374e+00 1.056691688781590921e+00 0.000000000000000000e+00
0.000000000000000000e+00 2.958667402741570474e-01 6.774788802378424180e-01 3.598846168510420718e+00 7.870817445813715452e+00 1.034761350182857420e+01 3.708252570984519991e+00 1.509559555402267605e+00 0.000000000000000000e+00
0.000000000000000000e+00 0.000000000000000000e+00 0.000000000000000000e+00 5.493429713785473290e+00 9.477106720469572920e+00 9.738930354662210576e+00 7.416505141969039760e-01 1.668713656943020540e+00 0.000000000000000000e+00
0.000000000000000000e+00 0.000000000000000000e+00 0.000000000000000000e+00 1.154223277442250062e+00 6.997979372823048827e+00 5.622012461295511798e+00 1.095629664899497335e+01 1.854126285492251114e+00 0.000000000000000000e+00
0.000000000000000000e+00 1.408889239400747673e-01 3.269515934091139275e+00 5.248484529617275740e+00 4.015723186639653441e+00 9.536035972273410266e+00 3.152014685336828492e+00 3.708252570984608698e-01 0.000000000000000000e+00
0.000000000000000000e+00 0.000000000000000000e+00 1.408889239400747811e-02 1.603197659923576879e+00 4.692219904872112934e+00 5.461383533829905268e+00 1.014471911943979343e+01 3.152014685336846256e+00 0.000000000000000000e+00
0.000000000000000000e+00 1.549778163340822523e-01 1.807370552266906794e+00 4.203446998114598543e+00 9.558072229743975967e+00 6.289725854052671927e+00 1.009320336984022681e+00 1.297888399844595142e+00 0.000000000000000000e+00
0.000000000000000000e+00 2.536000630921346199e-01 1.543795680061316622e+00 1.634949319579013682e+00 5.918939258968219264e+00 6.184634972187279978e+00 7.101303383607855402e+00 7.416505141969039760e-01 1.854126285492304349e-01
0.000000000000000000e+00 0.000000000000000000e+00 1.549778163340822523e-01 1.769716999094682164e+00 6.648080404181888170e+00 3.533836404242896911e+00 9.536035972273410266e+00 1.211184404380834856e+00 0.000000000000000000e+00
0.000000000000000000e+00 1.127111391520598249e-01 7.168312061255021073e-01 3.918743605711339839e+00 8.192075300744880550e+00 5.883937089275089960e+00 3.027961010952106236e+00 2.018640673968122579e-01 0.000000000000000000e+00
0.000000000000000000e+00 9.862224675805235374e-02 1.387382590318480213e+00 2.092735129061135346e+00 5.643639758551085350e+00 5.247569067310430491e+00 2.840521353443134611e+00 3.835417280539336282e+00 0.000000000000000000e+00
0.000000000000000000e+00 0.000000000000000000e+00 2.763797923165459025e+00 4.203446998114598543e+00 6.264528171157841996e+00 1.686718628778357099e+00 5.681042706886288762e+00 0.000000000000000000e+00 0.000000000000000000e+00
0.000000000000000000e+00 0.000000000000000000e+00 0.000000000000000000e+00 1.634028384152877322e+00 4.985483648926617661e+00 5.782641388761086354e+00 2.811197714630583100e+00 4.666570794942304090e+00 0.000000000000000000e+00
0.000000000000000000e+00 2.395111706981271071e-01 7.778461217545600270e-01 2.354327020193777376e+00 1.955091627030047130e+00 8.995832686817845314e+00 1.826049441499169257e+00 2.840521353443134611e+00 0.000000000000000000e+00
0.000000000000000000e+00 3.663368043817389896e-01 1.518383642024674351e-01 3.008306748025378674e+00 3.848888655052664198e+00 1.789446752711330468e+00 2.409433911983795085e+00 6.695514618830255671e+00 0.000000000000000000e+00
0.000000000000000000e+00 3.804266814733446855e-01 2.615612747272906269e+00 4.548686592334975742e+00 4.497609969036423294e+00 3.748263619507432587e+00 1.826049441499169257e+00 0.000000000000000000e+00 0.000000000000000000e+00
0.000000000000000000e+00 0.000000000000000000e+00 0.000000000000000000e+00 2.899722411189988858e+00 2.319256419706716699e+00 6.907043881020186404e+00 3.186024076581337461e+00 1.420260676721567306e+00 0.000000000000000000e+00
0.000000000000000000e+00 1.549778163340822523e-01 3.880313751840818171e-01 3.269898639158020703e+00 9.477106720469572920e+00 1.499305447802980362e+00 1.217366294332785870e+00 0.000000000000000000e+00 0.000000000000000000e+00
0.000000000000000000e+00 0.000000000000000000e+00 2.958667402741570474e-01 9.865831753375875479e-01 3.119000012709028269e+00 4.542441756882577231e+00 2.891320694380550282e+00 3.560850438532073170e+00 0.000000000000000000e+00
0.000000000000000000e+00 0.000000000000000000e+00 0.000000000000000000e+00 1.664859108382177544e+00 6.764713393728953861e+00 1.789446752711304267e+00 6.425157098623462959e-01 2.088176057052629098e+00 1.686718628778339557e+00
0.000000000000000000e+00 1.127111391520598249e-01 7.168312061255021073e-01 3.598846168510413612e+00 2.565925770035116571e+00 5.300754606364330712e+00 1.499305447802980362e+00 0.000000000000000000e+00 0.000000000000000000e+00
0.000000000000000000e+00 1.129131467063070104e+00 1.525774102575864877e+00 1.519512826704397135e+00 1.075300394866523623e+00 6.425157098623431651e+00 7.496527239014901811e-01 1.874131809753769862e-01 5.622395429261131117e-01
0.000000000000000000e+00 1.408889239400747673e-01 1.356551866089183100e+00 2.959051294108561159e+00 1.749494843205762207e+00 2.890644754379826598e+00 2.570062839449369640e+00 3.748263619507539723e-01 1.874131809753769862e-01
0.000000000000000000e+00 0.000000000000000000e+00 5.904825274540378421e-01 2.942908775242217168e+00 2.346109952436056467e+00 3.165944254796946744e+00 2.409433911983795085e+00 1.874131809753591116e-01 0.000000000000000000e+00
0.000000000000000000e+00 0.000000000000000000e+00 4.086064356565546896e-01 3.466092557507501226e+00 3.498989686411535960e+00 1.927096502919871224e+00 1.124402492259102049e+00 8.031446373279366169e-01 1.874131809753591116e-01
0.000000000000000000e+00 0.000000000000000000e+00 2.990338736539678965e+00 2.159307701106249588e+00 9.775458135150187911e-01 4.665319581882040323e-01 1.238847751877049763e+00 1.514147252294209656e+00 1.606289274655857913e+00
0.000000000000000000e+00 2.113333859101121648e-01 8.280297425129176103e-01 3.598846168510420718e+00 6.842820694605140641e-01 1.749494843205751327e+00 1.651797002502763512e+00 1.766918202121448456e+00 1.874131809753591116e-01
0.000000000000000000e+00 1.127111391520598249e-01 6.553885313147431724e-01 4.238641042912274060e+00 2.565925770035105913e+00 1.651797002502763512e+00 1.124402492259102049e+00 0.000000000000000000e+00 1.606289274655750554e-01
0.000000000000000000e+00 2.254222783041196498e-01 4.447062149254906949e+00 1.955091627030047130e+00 4.665319581882040323e-01 5.505990008342545039e-01 1.376497502085408109e-01 1.927096502919896981e+00 4.818867823967558639e-01
0.000000000000000000e+00 4.226667718202243434e-02 3.099772960153174828e-01 1.721710181644056536e+00 2.399230779006950254e+00 4.129492506256888795e+00 1.124402492259102049e+00 0.000000000000000000e+00 1.606289274655904042e-01
0.000000000000000000e+00 0.000000000000000000e+00 3.099556326681645047e-01 9.249217268789867719e-01 2.959051294108569152e+00 3.032457728223310056e+00 1.238847751877062642e+00 8.031446373279366169e-01 3.212578549311808085e-01
1.229498708579787714e+00 2.288929047410615425e+00 3.615622675958567456e+00 4.497609969036408195e+00 8.115775295551841850e+00 3.337427313886058844e+00 5.434414399448162847e+00 2.212379519415439866e+00 1.934995908035534784e+00
0.000000000000000000e+00 2.817778478801495345e-01 6.022034491003024348e-01 6.024568507556368191e-01 4.301201579466103375e+00 1.282962885017547405e+00 1.101198001668509008e+00 8.031446373279214068e-01 0.000000000000000000e+00
0.000000000000000000e+00 0.000000000000000000e+00 4.226667718202243434e-02 1.154223277442250062e+00 3.438897449909953608e+00 3.991842756048321839e+00 0.000000000000000000e+00 0.000000000000000000e+00 0.000000000000000000e+00
0.000000000000000000e+00 0.000000000000000000e+00 1.229498708579787714e+00 1.362298305871309401e+00 1.519512826704397135e+00 2.216026801393966572e+00 9.635482514599290615e-01 9.637735647935117278e-01 1.606289274655904042e-01
0.000000000000000000e+00 2.958667402741570474e-01 1.393181467372410998e+00 2.799102575508101154e+00 7.820366508120187854e-01 6.997979372823004418e-01 2.332659790940964373e-01 4.129492506257007034e-01 1.514147252294183232e+00
0.000000000000000000e+00 0.000000000000000000e+00 9.862224675805235374e-02 7.168312061255021073e-01 2.746714856892736645e+00 1.661827882975542403e+00 1.632861853658697626e+00 8.258985012513749835e-01 1.376497502085669011e-01
0.000000000000000000e+00 1.268000315460673100e-01 1.387382590318483544e+00 8.718709157576371993e-01 1.839410263905323584e+00 2.565925770035105913e+00 4.129492506256874917e-01 2.752995004171206461e-01 0.000000000000000000e+00
0.000000000000000000e+00 2.817778478801495623e-02 3.240671731069232342e-01 2.670104679507764978e+00 1.519512826704397135e+00 1.516228864111654806e+00 8.164309268293433730e-01 2.752995004171338023e-01 0.000000000000000000e+00
0.000000000000000000e+00 2.958667402741570474e-01 3.481751572609589895e-01 4.316301392101929979e-01 1.961939183494811001e+00 2.150600789733056573e+00 1.049696905923439783e+00 6.882487510428212385e-01 0.000000000000000000e+00
0.000000000000000000e+00 0.000000000000000000e+00 2.395111706981271071e-01 1.140736796484086435e+00 1.896541210711649050e+00 7.997435930023191197e-01 2.449292780488052212e+00 1.376497502085669011e-01 0.000000000000000000e+00
1.229498708579787714e+00 2.288929047410615425e+00 3.615622675958567456e+00 4.497609969036408195e+00 1.176787417855016038e+01 2.868163155264311648e+00 3.455640623558782210e+00 1.777180567289725177e+00 1.763233882200367919e+00
0.000000000000000000e+00 0.000000000000000000e+00 2.395111706981271071e-01 2.699348696932746261e-01 2.760099141709724813e-01 1.634757967045572080e+00 2.932637440545065921e+00 3.498989686411502209e-01 3.498989686411502209e-01
0.000000000000000000e+00 0.000000000000000000e+00 5.398697393865474758e-01 6.782759330445929935e-01 1.765745265145331366e+00 8.797179523025450143e-01 1.173054976218028234e+00 3.498989686411502209e-01 3.498989686411502209e-01
0.000000000000000000e+00 0.000000000000000000e+00 0.000000000000000000e+00 2.817778478801495345e-01 7.276625009962000012e-01 2.223531074627453474e+00 7.997435930023191197e-01 1.075300394866523623e+00 3.498989686411502209e-01
0.000000000000000000e+00 0.000000000000000000e+00 0.000000000000000000e+00 8.192356641434295206e-01 1.223320392220777375e+00 5.885817550484457872e-01 1.359564108103938018e+00 1.075300394866523623e+00 1.166329895470426259e-01
0.000000000000000000e+00 0.000000000000000000e+00 1.549778163340822523e-01 1.268000315460673100e-01 9.249217268789867719e-01 1.307806373636455799e+00 1.519512826704397135e+00 7.820366508120187854e-01 0.000000000000000000e+00
0.000000000000000000e+00 0.000000000000000000e+00 2.536000630921346199e-01 3.036767284049330384e-01 2.125185357159239175e+00 1.439538467404171573e+00 2.932637440545047269e-01 9.775458135150470740e-02 0.000000000000000000e+00
0.000000000000000000e+00 1.408889239400747811e-02 1.268000315460673100e-01 6.144267481075726955e-01 1.852725695984981380e+00 5.231837822652773973e-01 8.797179523025526748e-01 2.932637440545047269e-01 0.000000000000000000e+00
8.806783389541884555e-01 1.743741831515268847e+00 4.665319581882028999e+00 4.497609969036408195e+00 1.176787417855016038e+01 2.868163155264311648e+00 4.953084893767591979e+00 1.778104347924544415e+00 8.330263257438572655e-01
0.000000000000000000e+00 1.408889239400747811e-02 0.000000000000000000e+00 1.408889239400747811e-02 1.129131467063072547e+00 4.894961912389521608e-01 1.569551346795851510e+00 4.798461558013853434e-01 0.000000000000000000e+00
0.000000000000000000e+00 5.229988100307192411e-01 6.782759330445898849e-01 6.343142774478087720e-01 8.501736461810878165e-01 3.998717965011595599e-01 3.198974372009261713e-01 0.000000000000000000e+00 0.000000000000000000e+00
0.000000000000000000e+00 0.000000000000000000e+00 3.381570501985289856e-01 3.072133740537863478e-01 3.391379665222949424e-01 7.702387654723388266e-01 1.111765537313729624e+00 2.399230779006926717e-01 0.000000000000000000e+00
8.806783389541884555e-01 1.743741831515268847e+00 1.359564108103938018e+00 2.682558759582159613e+00 4.497609969036408195e+00 1.176787417855016038e+01 5.434414399448162847e+00 2.212379519415439866e+00 2.248779028257513524e+00
0.000000000000000000e+00 0.000000000000000000e+00 3.099556326681645047e-01 4.096178320717158150e-01 3.699686907515953305e-01 3.624653013987492178e-01 7.083951190530761721e-01 2.615918911326419183e-01 6.539797278316207552e-02
0.000000000000000000e+00 1.408889239400747673e-01 4.217732338957420613e-01 6.144267481075685322e-02 8.283781697889986972e-01 3.171571387239043860e-01 2.179677289394092998e-01 2.615918911326419183e-01 0.000000000000000000e+00
0.000000000000000000e+00 2.113333859101121648e-01 5.734649649004021077e-01 7.527543113753749904e-02 5.271497444111802322e-01 2.718489760490641616e-01 1.089838644697019854e-01 1.634757967045556148e-01 0.000000000000000000e+00
0.000000000000000000e+00 1.972444935161047075e-01 7.044446197003738364e-02 2.699348696932746261e-01 3.512853453085099664e-01 7.249306027974984357e-01 0.000000000000000000e+00 0.000000000000000000e+00 0.000000000000000000e+00
0.000000000000000000e+00 0.000000000000000000e+00 1.127111391520598249e-01 2.958874189237117314e-01 2.048089160358589622e-01 4.624608634394933859e-01 1.506142126889092048e-01 9.061632534968507013e-02 4.530816267484476939e-02
0.000000000000000000e+00 0.000000000000000000e+00 0.000000000000000000e+00 4.226667718202243434e-02 2.113333859101121648e-01 5.120222900896453933e-01 1.254590518958949852e-01 1.849843453757992473e-01 0.000000000000000000e+00
0.000000000000000000e+00 0.000000000000000000e+00 2.817778478801495623e-02 3.240671731069232342e-01 1.855802229141258752e-01 1.433662412251021367e-01 1.003672415167175119e-01 0.000000000000000000e+00 0.000000000000000000e+00
0.000000000000000000e+00 1.408889239400747811e-02 9.862224675805235374e-02 2.958874189237117314e-01 6.748371742331865653e-02 0.000000000000000000e+00 4.096178320717264176e-02 0.000000000000000000e+00 0.000000000000000000e+00
0.000000000000000000e+00 1.408889239400747811e-02 1.127111391520598249e-01 4.226667718202243434e-02 8.453335436404486869e-02 0.000000000000000000e+00 0.000000000000000000e+00 0.000000000000000000e+00 0.000000000000000000e+00
