0.000000000000000000e+00 1.209625596275486865e-03 1.065467464950594842e-02 1.930962836510298786e+01 1.545625453319979314e+01 1.055921750714419738e-02 2.439883060606643639e+01 3.024780090086886218e-03 3.024780090086886218e-03
0.000000000000000000e+00 1.065467464950594842e-02 1.887787500166960086e+01 3.110905588929391841e-01 1.563776308958811079e+01 4.170304073164633474e-01 1.827809370330104244e+01 2.420356593052449060e-02 2.108205685491198675e-03
0.000000000000000000e+00 1.209625596275486865e-03 1.608673595918513399e+01 4.551644729247514287e-01 1.600076952273367326e+01 2.815515903814684862e-01 1.827809370330104244e+01 2.420356593052449060e-02 3.024780090086886218e-03
0.000000000000000000e+00 3.856369820246974278e-02 1.423118821041790305e+01 3.768585034713181070e+00 1.345965690563232187e+01 5.524450936010192326e-01 1.838190039299320944e+01 3.024780090086886218e-03 3.024780090086886218e-03
0.000000000000000000e+00 1.209625596275486865e-03 1.918470927844495022e-01 1.051285524792787385e+01 6.738245179378965055e+00 1.128149008992700431e+01 4.170304073164633474e-01 1.838185100027560992e+01 2.108205685491198675e-03
0.000000000000000000e+00 1.209625596275486865e-03 1.209625596275486865e-03 1.229946057270691639e+01 1.690838538355905385e+01 1.229786898524252603e+00 4.481730595511285387e+00 9.232348503010566532e+00 3.024780090086886218e-03
0.000000000000000000e+00 1.209625596275486865e-03 1.065467464950594842e-02 1.208930833435191587e+01 1.509340937184431830e+01 4.328929585167622385e+00 2.818285377759649712e+00 9.228313530073881665e+00 3.024780090086886218e-03
0.000000000000000000e+00 1.209625596275486865e-03 9.370611177610486564e+00 1.854191050633888338e+01 1.787677133993594847e-01 1.277126070684069491e-02 5.982132957544497032e+00 9.163861856044864140e+00 3.024780090086886218e-03
0.000000000000000000e+00 1.209625596275486865e-03 1.707014339913194012e-01 1.072299760254607293e+01 1.817886667991123062e+01 4.617081238813741884e+00 8.916715030455721447e+00 1.111762393148924832e-01 2.108205685491198675e-03
0.000000000000000000e+00 1.209625596275486865e-03 2.024199221810145388e-01 1.274641827061930677e+01 1.708985221144906674e+01 1.094434767545893639e+00 4.160293403075473684e+00 6.548083083925974712e+00 3.024780090086886218e-03
0.000000000000000000e+00 1.209625596275486865e-03 1.209625596275486865e-03 1.198412412791799220e+01 1.727139685100254596e+01 4.075072331443533535e+00 3.052513589131140570e+00 4.492213816024703377e+00 3.024780090086886218e-03
0.000000000000000000e+00 1.065467464950594842e-02 9.281994132099534056e+00 2.122794906139892746e+00 1.890482645418085994e+01 4.056511318693351242e+00 5.727452859037733823e+00 3.286073336017156787e-01 3.024780090086886218e-03
0.000000000000000000e+00 1.036847531593851485e-01 1.124888930467202997e+01 2.183942506504810144e+00 1.454878441846981829e+01 1.907340055643431898e+00 6.340358087127934361e+00 3.193103043411014141e+00 3.024780090086886218e-03
0.000000000000000000e+00 3.856369820246974278e-02 6.683636563194199631e+00 4.225758028756829709e+00 1.636379468117621627e+01 2.584876752966169366e+00 7.541575567032852589e+00 1.459234353103170623e+00 2.108205685491198675e-03
0.000000000000000000e+00 6.042089683225179142e-01 8.411135751017928541e+00 1.509340937184431830e+01 8.426656021896365978e-01 4.762812858874835520e+00 5.777976334028092964e+00 1.935638516717707036e+00 3.024780090086886218e-03
0.000000000000000000e+00 1.203400887870261560e+00 9.901407653255828833e+00 1.175458684537037835e+00 1.237075338457863793e+01 3.533133656119208155e+00 4.575684262726531060e+00 4.525243849522007977e+00 2.108205685491198675e-03
0.000000000000000000e+00 3.868916807075102327e-01 1.230815276848535866e+00 5.888857769710172718e+00 1.690837971368035042e+01 2.584766653710789175e+00 4.783281977394224782e+00 4.528701139346217985e+00 2.108205685491198675e-03
0.000000000000000000e+00 1.209625596275486865e-03 3.854788686985028523e+00 2.488311270082887550e+00 4.903825348922582705e+00 1.545621028820828968e+01 3.226132271254964046e+00 4.180428016300647087e+00 1.698402004920027686e+00
0.000000000000000000e+00 1.209625596275486865e-03 2.143793282876735873e+00 5.994083581437696928e+00 6.067106434331278386e+00 1.255203934722087311e+01 4.264091695279399019e+00 3.466882021808152192e+00 6.933460982563111052e-01
0.000000000000000000e+00 1.209625596275486865e-03 2.038416366488256859e+00 4.245186958427622059e+00 2.988720000858734238e+00 1.473031143887937411e+01 3.804180223138740491e+00 4.335063555416824421e+00 2.310620449769699825e+00
0.000000000000000000e+00 1.131406042295141523e+00 3.561070016569023444e+00 5.929512685334531241e+00 1.291525898849088883e+01 4.210360871412055950e+00 3.373160873266978221e+00 1.789229994942593827e+00 7.805567378771413045e-01
0.000000000000000000e+00 1.661892980664346098e+00 2.834994662264668897e+00 3.840034503245695507e+00 1.400434534009620968e+01 4.898303255477940432e+00 2.972357174743334607e+00 1.498663442092472708e+00 1.250886122659130129e+00
0.000000000000000000e+00 1.065467464950594842e-02 8.768576073581864083e-01 5.393751674703665344e+00 2.988720000858734238e+00 1.345954632108765736e+01 5.700952763637179288e+00 2.010446190000187983e+00 1.642110759870128778e+00
0.000000000000000000e+00 1.209625596275486865e-03 6.023176607507395586e-01 4.286924867859847943e+00 5.641393700783659426e+00 2.035671467844561633e+01 1.170139560553146163e-02 1.640284464310621804e-01 8.657217773776652858e-02
0.000000000000000000e+00 1.209625596275486865e-03 2.676677690172005295e-04 2.182893133220637605e+00 5.888785526681632021e+00 1.672688157564737566e+01 1.278721656293262468e-02 3.001325183441555300e+00 2.810970537959764037e+00
0.000000000000000000e+00 2.676677690172005295e-04 1.209625596275486865e-03 7.472316166752410171e-02 8.309717858099626042e+00 2.108288989194035778e+01 1.416549193750967772e-01 1.054750760875541697e-02 1.558502454378775937e-01
0.000000000000000000e+00 2.676677690172005295e-04 1.209625596275486865e-03 1.065467464950594842e-02 2.767449613449911361e+00 7.055692054538557301e+00 1.908631716854251792e+01 2.015310159562757122e-02 2.816395607951515667e-01
0.000000000000000000e+00 2.676677690172005295e-04 8.791036089412240795e-01 2.449969102192850912e+00 3.366709809529035091e+00 3.768594272352342234e+00 1.255219181589714061e+01 5.430077740701599431e+00 1.161903637959229608e-02
0.000000000000000000e+00 1.209625596275486865e-03 2.676677690172005295e-04 3.185437929498536355e-04 1.661892980664346098e+00 6.309021999938632774e+00 1.836037048782291237e+01 4.170068571088185183e-01 9.590035733970089238e-01
0.000000000000000000e+00 1.209625596275486865e-03 4.422895982433514561e-01 3.226262305126339047e+00 8.522540891908306548e+00 1.273367727453412357e+01 4.169581881165050907e-01 1.375303853480248195e+00 2.816183435481255382e-01
0.000000000000000000e+00 2.676677690172005295e-04 1.209625596275486865e-03 9.602106710608576332e-03 2.683637228365066907e+00 2.269373068011472228e+01 1.352877806858823577e-02 7.501904534783947476e-01 1.251234043013926475e-02
0.000000000000000000e+00 1.209625596275486865e-03 2.820812241258443751e-02 1.516517081227558794e+00 4.244788343414735543e+00 8.919494310906378232e+00 1.035306753304484673e+01 4.169456930092528268e-01 1.051159472103409785e-02
0.000000000000000000e+00 1.209625596275486865e-03 1.629520688615961221e+00 6.204069944721734231e+00 4.344837922774614114e+00 9.829694144972691561e+00 1.999514421207687409e+00 5.624788791128211285e-01 1.459897586888030396e-01
0.000000000000000000e+00 1.209625596275486865e-03 8.967643682741144318e-01 3.705929652559125653e+00 1.110069393431378160e+01 4.000383734296718785e+00 1.111491201069159773e+00 3.013827512798536556e+00 1.275514278135606201e-02
0.000000000000000000e+00 1.209625596275486865e-03 3.804747390610902613e+00 6.684822277074790264e+00 1.607635211504409689e+00 2.375651090739446136e+00 3.477117205234820485e+00 3.439031572401157977e+00 1.838632039287290354e+00
0.000000000000000000e+00 2.676677690172005295e-04 1.209625596275486865e-03 1.658602575822538006e+00 8.045400601022588916e+00 6.738221476415712452e+00 2.367157006555413723e+00 3.639870142927517982e+00 1.253075263038751046e-02
0.000000000000000000e+00 2.676677690172005295e-04 1.995768250049388334e-02 2.143818295980267852e+00 1.080991345576354234e+01 1.536760089143316854e+00 5.655210410532975018e+00 1.452721475371580029e+00 1.336447606552407415e-02
0.000000000000000000e+00 2.676677690172005295e-04 1.209625596275486865e-03 3.860450497125139879e+00 6.561039860617382757e+00 6.744393365428176246e+00 1.283553501830355659e+00 2.174546611620874259e+00 1.939499475312039256e-01
0.000000000000000000e+00 2.676677690172005295e-04 7.994481314254044957e-01 1.258733027118656977e+00 3.184395509754755604e+00 1.382295891748136007e+01 1.096790348962501715e+00 1.348673094406541151e-02 2.789254854653509461e-02
0.000000000000000000e+00 1.209625596275486865e-03 9.602106710608576332e-03 2.809077175524557379e+00 1.076854268116367974e+00 2.946513300474508767e+00 1.182645271001308629e+01 7.504234342986976225e-01 1.314112726350871903e-02
0.000000000000000000e+00 1.209625596275486865e-03 1.209625596275486865e-03 1.104692528709852573e+00 1.402931251201971818e+00 4.522742669975826857e+00 3.898714491015500272e+00 3.382324721190109074e+00 4.202962761898398014e+00
0.000000000000000000e+00 1.209625596275486865e-03 1.629520688615961221e+00 4.333098947853289751e+00 9.925936225058666906e+00 9.204054005245067005e-01 5.729109542032982949e-01 3.706833064267028299e-01 2.098205836938943913e-01
0.000000000000000000e+00 1.209625596275486865e-03 2.676677690172005295e-04 5.076590357477271276e+00 2.643994845452399378e+00 5.047910056221734720e+00 3.199366867345388332e+00 9.359962773047222351e-01 1.311659791473353612e-02
0.000000000000000000e+00 2.676677690172005295e-04 8.591897395622691835e-01 1.049185784069881500e+00 3.361233406571127791e+00 5.641392463953597947e+00 4.203251865950254462e+00 1.283578627528250360e+00 1.311830356109713880e-02
0.000000000000000000e+00 1.209625596275486865e-03 2.676677690172005295e-04 2.214044560469055511e+00 3.184474918256845477e+00 2.741316869553773294e+00 6.382689002515949284e+00 7.387770378894784606e-01 2.852277550986858506e-02
0.000000000000000000e+00 1.209625596275486865e-03 2.676677690172005295e-04 5.354531913376963104e-01 2.808189346563604527e+00 9.513136865703385681e+00 1.185950632202328325e+00 8.654527540961057808e-01 1.280480546521418905e-02
0.000000000000000000e+00 1.209625596275486865e-03 2.676677690172005295e-04 2.850968409215205668e+00 2.036579602664609467e+00 2.106018486781940702e+00 4.200551041665613994e+00 2.878958717644947374e+00 1.286319086508370957e-02
0.000000000000000000e+00 2.676677690172005295e-04 1.209625596275486865e-03 6.209250856757788650e-01 2.003484362094800630e+00 6.561039860617382757e+00 2.026188495975302040e+00 2.040047231094735292e+00 1.942021993091303245e-01
0.000000000000000000e+00 2.676677690172005295e-04 1.065467464950594842e-02 8.768576073581864083e-01 1.453069097530146569e+00 3.892295736845338361e+00 2.358101521780828325e+00 3.885821741374428484e+00 1.943003364557204238e-01
0.000000000000000000e+00 1.209625596275486865e-03 2.676677690172005295e-04 1.152689092426599560e+00 2.270844262029510396e+00 4.720549544665575858e+00 3.031458902730988392e+00 6.977577962399693634e-01 1.163092871957979377e-02
0.000000000000000000e+00 1.209625596275486865e-03 2.676677690172005295e-04 5.874928509692570744e-01 2.003507867924757768e+00 4.522676761290000513e+00 1.492346676708837583e+00 4.551644729247514287e-01 2.543517551167728374e+00
0.000000000000000000e+00 1.209625596275486865e-03 2.676677690172005295e-04 2.892874601757627229e+00 1.024446287809613665e+00 2.421228063368927597e+00 2.603062846040002931e+00 2.183870580794239125e+00 1.792425146308061212e-01
0.000000000000000000e+00 1.209625596275486865e-03 1.890511456159650605e-02 7.972092021229097991e-01 2.270974699657159146e+00 5.695222329968979480e+00 1.607662770211429892e+00 2.978194291642631830e-01 3.622567069721752131e-01
0.000000000000000000e+00 1.209625596275486865e-03 2.676677690172005295e-04 5.076590357477271276e+00 3.472014784730137915e+00 9.975323368695010462e-01 4.551920316317714099e-01 5.992305306668960219e-01 1.536606905233525444e-01
0.000000000000000000e+00 1.209625596275486865e-03 1.209625596275486865e-03 8.171088907582948480e-01 7.739939603197683038e-01 5.468446399645539024e+00 3.034255361320847832e+00 3.110578999153972846e-01 9.616257216910147412e-03
0.000000000000000000e+00 1.209625596275486865e-03 2.676677690172005295e-04 1.661892980664346098e+00 2.834634872765541047e+00 4.210791177888944858e+00 8.738782964609319581e-01 5.991755845603119468e-01 1.125578948161825091e-02
0.000000000000000000e+00 2.676677690172005295e-04 2.676677690172005295e-04 1.227399169728634609e+00 1.303006627085469216e+00 2.566070396667108344e+00 2.988720000858734238e+00 1.594172508073218753e+00 1.944501693344682369e-01
0.000000000000000000e+00 1.209625596275486865e-03 2.676677690172005295e-04 1.800780243408460768e-01 2.754223231999071597e+00 1.681705130336327736e+00 4.334934166447200532e+00 2.973745382253673020e-01 3.110905588929391841e-01
0.000000000000000000e+00 2.676677690172005295e-04 1.209625596275486865e-03 5.373444989094747770e-01 3.226227071311138062e+00 2.946586927623275010e+00 1.615953837687814865e+00 1.670677848522516828e-01 7.432963724425091234e-01
0.000000000000000000e+00 2.676677690172005295e-04 1.601286045947543368e-01 1.222524594683421117e+00 1.554630267047862446e+00 3.156893103215142826e+00 1.751668992887777332e+00 7.295294715018144638e-01 1.535276475574044452e-01
0.000000000000000000e+00 2.676677690172005295e-04 1.209625596275486865e-03 2.676677690172005295e-04 5.874928509692570744e-01 4.141789459293602427e+00 1.240809694573852262e+00 2.617609245979232391e+00 2.300894252979436908e-02
0.000000000000000000e+00 1.209625596275486865e-03 1.890511456159650605e-02 8.569508102597744870e-01 3.488286676838432410e+00 1.162897370897542082e+00 2.602781580096253933e+00 9.447183721021969183e-03 1.535060260434792656e-01
0.000000000000000000e+00 2.676677690172005295e-04 1.209625596275486865e-03 1.155404324153514795e+00 2.151604497587394249e+00 3.577170272396142714e+00 1.121235921829335958e+00 9.447183721021969183e-03 2.300894252979436908e-02
0.000000000000000000e+00 2.676677690172005295e-04 2.676677690172005295e-04 3.726390560173684641e-01 1.265886446129323772e+00 3.891503498232949276e+00 1.277888969631107541e+00 6.383194777483118809e-01 2.553835935004850066e-01
0.000000000000000000e+00 2.676677690172005295e-04 1.065467464950594842e-02 8.569437379792315124e-01 1.553251530354414989e+00 1.391262164794014433e+00 2.421420945447736450e+00 1.244915615172091261e+00 9.341557127738176272e-03
0.000000000000000000e+00 1.209625596275486865e-03 6.357498954572612382e-01 2.868012363394075059e+00 1.770902622245801750e+00 1.277888969631107541e+00 5.001378527090446502e-01 1.316570059769874290e-01 7.931713485566298932e-03
0.000000000000000000e+00 1.209625596275486865e-03 2.676677690172005295e-04 1.658602575822538006e+00 9.027365325008852581e-01 1.527826073041197885e+00 2.328757440314129568e+00 2.552671738598639162e-01 1.316545985993868573e-01
0.000000000000000000e+00 2.676677690172005295e-04 1.209625596275486865e-03 1.155404324153514795e+00 2.270966728147786551e+00 1.770902622245801750e+00 1.267467347544230627e+00 7.903657190821764336e-03 1.980155294913744923e-02
0.000000000000000000e+00 1.209625596275486865e-03 2.474759521296057974e-01 4.189670636513557200e-01 1.216947772194042710e+00 3.184705088772390003e+00 1.172802307610190331e+00 7.879765573741988327e-03 1.980541736520861559e-02
0.000000000000000000e+00 1.209625596275486865e-03 2.676677690172005295e-04 4.422895982433514561e-01 1.125405261984196104e+00 1.375551828065842308e+00 1.781431440280625500e+00 1.057329190884394254e+00 1.980907644919881541e-02
0.000000000000000000e+00 2.676677690172005295e-04 1.209625596275486865e-03 8.171088907582948480e-01 1.175011855167601427e+00 1.963533775661546077e+00 8.978085457351617782e-01 5.422823354846998400e-01 2.167069064885701057e-01
0.000000000000000000e+00 1.209625596275486865e-03 3.751113026357236896e-02 5.521929952779979223e-01 8.092240559808507872e-01 2.616960612585047308e+00 8.888855535991064816e-01 3.321090114428654205e-01 1.219312897564368975e-01
0.000000000000000000e+00 1.209625596275486865e-03 2.676677690172005295e-04 8.370227601372496329e-01 1.753302731337426756e+00 1.237431344440979020e+00 1.074534610526338918e+00 1.219356874010311259e-01 6.448885599141984844e-03
0.000000000000000000e+00 2.676677690172005295e-04 1.209625596275486865e-03 1.600438801409384215e+00 5.465030588793684529e-01 9.647399549580494282e-01 8.744974273578485224e-01 2.792611070434932174e-01 4.471234115532896625e-01
0.000000000000000000e+00 2.676677690172005295e-04 6.376412030290397048e-01 5.246020652522144223e-01 1.793433484475693618e+00 5.113285837197543149e-01 8.004632104754525468e-01 1.219388447461030311e-01 1.685168881393083948e-02
0.000000000000000000e+00 1.209625596275486865e-03 9.602106710608576332e-03 5.187430409765804162e-01 6.990946768970942582e-01 1.674029463489610015e+00 8.829934190848703901e-01 3.586738621447257414e-01 1.417077077623317242e-02
0.000000000000000000e+00 1.209625596275486865e-03 9.602106710608576332e-03 8.569437379792315124e-01 6.687708877215801095e-01 1.382629925381834157e+00 5.840494368240786160e-01 3.676232520215746979e-01 5.256310742949341086e-03
0.000000000000000000e+00 1.209625596275486865e-03 2.676677690172005295e-04 6.042089683225179142e-01 1.426456689307291859e+00 9.576671502166340666e-01 3.747002370101882862e-01 1.818762822370700305e-01 5.104395404524066440e-03
0.000000000000000000e+00 1.209625596275486865e-03 8.967643682741144318e-01 1.049309703801152738e+00 9.576243687406711391e-01 2.219680244295220428e-01 7.570921715548385722e-02 8.413598963270195463e-02 4.140041928876799816e-03
1.223912374777043066e+00 2.090260467372338837e+00 3.364033378471816160e+00 3.891443301918289688e+00 1.071082807190884978e+01 2.576235616216782986e+00 3.011874560925116739e+00 2.244420835635189349e+00 1.254300884897772361e+00
0.000000000000000000e+00 1.209625596275486865e-03 1.119351930714757304e-01 6.578809026994778542e-01 3.501518491011401668e-01 1.002854948241832300e+00 4.871571144618760396e-01 8.424217010193320310e-02 3.992661550922897359e-03
0.000000000000000000e+00 1.209625596275486865e-03 1.209625596275486865e-03 4.422895982433514561e-01 4.808948284209979551e-01 7.978955887211022224e-01 6.000840441783517054e-01 3.112796458146778467e-03 6.925140971257309763e-02
0.000000000000000000e+00 1.209625596275486865e-03 1.589323655477160036e-01 5.981592642188710007e-01 6.336990334619071463e-01 2.950620657181416973e-01 3.528003925712883126e-01 9.541030517541515543e-03 9.541030517541515543e-03
0.000000000000000000e+00 1.209625596275486865e-03 9.602106710608576332e-03 1.026355060260072810e-01 9.368848366082612733e-01 4.229907427093397843e-01 2.953656052127818787e-01 7.976389726836579167e-03 7.976389726836579167e-03
0.000000000000000000e+00 2.676677690172005295e-04 1.036847531593851485e-01 1.363357944263784705e-01 2.681098126004888837e-01 5.537044834596841492e-01 2.123698386999563203e-01 2.158511233673134355e-01 7.969279203025557423e-03
0.000000000000000000e+00 1.209625596275486865e-03 1.800780243408460768e-01 7.460551185585606593e-02 4.389001200418309878e-01 3.502592160074415317e-01 7.182973849366790231e-02 7.576074939284598020e-02 6.649202013475002254e-03
0.000000000000000000e+00 1.209625596275486865e-03 2.676677690172005295e-04 1.898178253669252982e-02 4.137944982123522575e-01 1.601102749185014107e-01 2.437219604477755264e-01 5.942977748943754912e-02 1.272887069484119954e-03
