4.354179225742129539e-02 3.645681344952719175e-03 6.895495114520169356e-04 3.948023454108822615e-05 6.058090277603885379e-05
4.061066606910709170e-02 3.445745884321177108e-03 6.956137643931983514e-04 3.927205915123273267e-05 5.744145551204710951e-05
4.065629989667895322e-02 3.434812275375751043e-03 6.931502520225049863e-04 3.918522791085766522e-05 5.753929557464040526e-05
4.357950803799084949e-02 3.114987570486816692e-03 7.964456151216941495e-04 4.211814503917297217e-05 5.819703618053821220e-05
4.067315268028571379e-02 3.477688752002504585e-03 7.026624001997511075e-04 3.956164684378715425e-05 5.732499719768451604e-05
3.608215823478685275e-02 3.649523355135863428e-03 6.907725794488594247e-04 3.844939740544296909e-05 5.298884395656981911e-05
4.120634723306999120e-02 3.536655567151574062e-03 7.029795905709836697e-04 3.948640047747722448e-05 5.776502798616176861e-05
4.125147924719881065e-02 3.525833563859658536e-03 7.152987182442626301e-04 3.996487533813084891e-05 5.769413897676811611e-05
4.060299750916885470e-02 3.562769102776681181e-03 7.222485807478106140e-04 4.027051621077976182e-05 5.696218291597637980e-05
3.657185560760450177e-02 3.717455743421485981e-03 6.872610648899196012e-04 3.804455840849193539e-05 5.337339026538924486e-05
4.184019746804670814e-02 3.565879056509224914e-03 7.114325016918384781e-04 3.980877485350427860e-05 5.831665027852237670e-05
4.224531196801468297e-02 3.597945731455666398e-03 7.048637545979619329e-04 3.960524987628607601e-05 5.895931883057848423e-05
4.238174497392354495e-02 3.598459086148787789e-03 7.075174449519393977e-04 3.966502720978118846e-05 5.902718876027745782e-05
4.261259719974655469e-02 3.641262655243501529e-03 7.124728426208147211e-04 3.991591087557851575e-05 5.920418985501187022e-05
4.273017689162270788e-02 3.613079019510391076e-03 7.253594884609535073e-04 4.037358454234019219e-05 5.911036683135221533e-05
4.350349471159532799e-02 3.579176161093592344e-03 8.288787653041384358e-04 4.501083419777790289e-05 6.021914419957173783e-05
4.324486398527302433e-02 3.638755144100401344e-03 8.367670398093318088e-04 4.504161332213894376e-05 5.937213845176308194e-05
5.487566055939756965e-02 3.370412737945849974e-03 1.043609852787583635e-03 6.422922446402799671e-05 7.077186170606344169e-05
3.692498330797631956e-02 3.384250325437984392e-03 8.593134798061849130e-04 4.392234237943494729e-05 5.407024820289050735e-05
3.963872970515568833e-02 3.552555583464475728e-03 8.779330938522126888e-04 4.629327706350449596e-05 6.300854151591566278e-05
3.571579137805719339e-02 3.304686510221980806e-03 9.212627380796330591e-04 4.680707460445730387e-05 4.820645732986698873e-05
3.700579816863666660e-02 3.687495556238060655e-03 8.577761035545332022e-04 4.471485740819426100e-05 5.861438933517436838e-05
3.186188411591748398e-02 3.570500196175909174e-03 8.934753602032239304e-04 4.680489420100818930e-05 4.799407574130058925e-05
3.546180353227941506e-02 3.331469072972623267e-03 9.313642500710684084e-04 4.752348438992479645e-05 4.781601884905289739e-05
3.684281520537835419e-02 3.593573971057867009e-03 9.120031020473991657e-04 4.660105302865047764e-05 6.144030282403267632e-05
3.479509048311447972e-02 3.266602847578454431e-03 9.257406575622807591e-04 4.713066954092382676e-05 4.783740789606592570e-05
3.046613834544349697e-02 3.527446549202597082e-03 8.135339362227749426e-04 3.651862201903452421e-05 4.798368505041342066e-05
3.167377472144763256e-02 3.575214296073300595e-03 8.968379949332226609e-04 4.688298745202866921e-05 4.802986524466771310e-05
3.324795030279528024e-02 3.690282774872832156e-03 8.941575758504666195e-04 4.679474313526675578e-05 4.895180143320859446e-05
3.559352579156094959e-02 3.275707302886431745e-03 8.913793237670294403e-04 4.623800622330527781e-05 6.301994509499967063e-05
3.397353584210187349e-02 3.257678324833834706e-03 9.517029728115193989e-04 4.779230819679541507e-05 4.789957841261389694e-05
3.452616626342572270e-02 3.354677207913262914e-03 9.298954620773376830e-04 4.731157449685509175e-05 4.733170509821604506e-05
3.433382641647922395e-02 3.284057582983511241e-03 9.387687258418979603e-04 4.744090066551915523e-05 4.776832937208529107e-05
3.239834234275843633e-02 3.658459340830506803e-03 8.893851145892899034e-04 4.660477217141234464e-05 4.842268612099423307e-05
3.244127357450473509e-02 3.160491837871711764e-03 9.592239755406554600e-04 4.783183656191620587e-05 4.733495006426574820e-05
3.389874233822647714e-02 3.702292215290033453e-03 8.699759510583162389e-04 4.615917501129142530e-05 4.869518033537735530e-05
3.335023792356955202e-02 3.302277653187801320e-03 9.483208153178206362e-04 4.764929642374804604e-05 4.658230018132193358e-05
3.359488421658234081e-02 3.276918352598403358e-03 9.514516112360109920e-04 4.767275177628704243e-05 4.762236422882459695e-05
3.327029461704051477e-02 3.334756903498432672e-03 9.518080885609420594e-04 4.767230637014035772e-05 4.700977942314306862e-05
3.474740169043852994e-02 3.246663820267193471e-03 9.649716678967702396e-04 4.794608761706204114e-05 4.838698799584405984e-05
3.335430530725137788e-02 3.186988658685057860e-03 9.681268852972092732e-04 4.809158704196301161e-05 4.814216275302851656e-05
3.352434759399257336e-02 3.193004570854260718e-03 9.700973136596796696e-04 4.815882306196538645e-05 4.820823448256405857e-05
3.283165979490854786e-02 3.665619440049279736e-03 8.930221953709472195e-04 4.670831627718398843e-05 4.830785971796471619e-05
3.271343107091898711e-02 3.733691798976003767e-03 8.244463111318813811e-04 3.687392475079569816e-05 4.779113374919217913e-05
3.359993820907597462e-02 3.670535481301594877e-03 8.989181372468975102e-04 4.694287018738641421e-05 4.830569903357042081e-05
3.366852084381045940e-02 3.652472696971369864e-03 9.094508483232756823e-04 4.721903584566813878e-05 4.862464691479380878e-05
3.411650999042620258e-02 3.157003610446602795e-03 1.004242951217846702e-03 4.915914864408620408e-05 4.766032240386372553e-05
3.559930805206244081e-02 3.230224151509884355e-03 9.978538647061674979e-04 4.887897871783988113e-05 4.819446546312636855e-05
3.313733415864427573e-02 3.626794270554859791e-03 8.569282795751283124e-04 3.765435706970341752e-05 4.813817792062105865e-05
3.518661606000187542e-02 3.305116508455908757e-03 1.007265878323065997e-03 4.931823211139190605e-05 4.721559412034222560e-05
3.466087790643961053e-02 3.207584918278068471e-03 1.020695713757135492e-03 4.963357608324925726e-05 4.750965641962926644e-05
3.434509354443812668e-02 3.299577552420014832e-03 1.009627433981256017e-03 4.932934366884318835e-05 4.717620233368420080e-05
3.558843657755091094e-02 3.284533279488325349e-03 1.018697311069392299e-03 4.964853185001917433e-05 4.736028477779392367e-05
3.469538950697396290e-02 3.275739536636252964e-03 1.015646195617852035e-03 4.949836493439344038e-05 4.731526052786419175e-05
3.469308369412493764e-02 3.315182380789929387e-03 1.015576401842799075e-03 4.949034175944820395e-05 4.728253925875731007e-05
3.467590248291648608e-02 3.297449413238852031e-03 1.011835252464739427e-03 4.935888229759565794e-05 4.725884427312343868e-05
3.541261737023360112e-02 3.249809392472915049e-03 1.031699743976154842e-03 4.994344133576657664e-05 4.751341170100082989e-05
3.518103210418294102e-02 3.274471199034799211e-03 1.032165188212599838e-03 4.997894298524905790e-05 4.730897929635205398e-05
3.596218831315165648e-02 3.343784776357348019e-03 1.052084092908727592e-03 5.058068943428473401e-05 4.710461183950399633e-05
3.636592951713770588e-02 3.397424410962948584e-03 1.058437777718043357e-03 5.080279151079057729e-05 4.680027470274031754e-05
3.612425358743316661e-02 3.392072767521692785e-03 1.049112571945238614e-03 5.052070951477924935e-05 4.689736619409890390e-05
3.617158970219779696e-02 3.350415318605252241e-03 1.055586292034964204e-03 5.064656306341109822e-05 4.724568577834955239e-05
3.607949197673766123e-02 3.325413965256848996e-03 1.068041989585272276e-03 5.102988532940046403e-05 4.713418118660337911e-05
3.631157212840120663e-02 3.395163703267720188e-03 1.069155383298721123e-03 5.108387247075254394e-05 4.695426434215625554e-05
3.686269425194918514e-02 3.429038651595407976e-03 1.074612799547340842e-03 5.127652972831050755e-05 4.683772510457401907e-05
3.552516460332488107e-02 3.778489813695756067e-03 9.886641472535331442e-04 4.966749899664781866e-05 4.754675372699873089e-05
3.688926081962714404e-02 3.387385648168744073e-03 1.095562962541383632e-03 5.184700449892387083e-05 4.694771390797687974e-05
3.487405471661780137e-02 3.793238029093401725e-03 9.368260699685635818e-04 3.999244297442879813e-05 4.734577833828077778e-05
3.715651394645746314e-02 3.398773252892463813e-03 1.104475317129869185e-03 5.210579109435789871e-05 4.696284733631431543e-05
3.741298213689934343e-02 3.476059009836478080e-03 1.129237191939362357e-03 5.282693366365788084e-05 4.680391949803185890e-05
3.986367080525429762e-02 3.445070856291719118e-03 1.153828366690779926e-03 5.347445247825029907e-05 4.727926296021868962e-05
3.791364882023613020e-02 3.501926758427780905e-03 1.145443845627700571e-03 5.330471437523063172e-05 4.674170627642904968e-05
3.756806426579001323e-02 3.956172400300817654e-03 1.058165103277417234e-03 5.181843476560720054e-05 4.717748642893270238e-05
3.838088061682243951e-02 3.517500148071092941e-03 1.168923167456798091e-03 5.386243152093569730e-05 4.683352973386396931e-05
3.926636407131457035e-02 3.752919703927240242e-03 1.202143878329240204e-03 5.496917561282801251e-05 4.658746821052818900e-05
3.986425207271709903e-02 3.746197102303637071e-03 1.200456559768671438e-03 5.493972253384413320e-05 4.640249982691722148e-05
3.801376397377252692e-02 4.052057730324614554e-03 1.100334311732710513e-03 4.469438844663275903e-05 4.710916891313015904e-05
4.023333644788516100e-02 3.752749373107787823e-03 1.223399685978755801e-03 5.547723020756921175e-05 4.654079693760246935e-05
4.114185060448236758e-02 3.711638750586978598e-03 1.264438535008157024e-03 5.668854554696220921e-05 4.653410346215513556e-05
3.935569831969282922e-02 4.228325837386168011e-03 1.125136514003699300e-03 4.589444759434551003e-05 4.681332780766293215e-05
4.284718144198743778e-02 3.879283260007456401e-03 1.329321275655098635e-03 5.852255923885738448e-05 4.643926251197301583e-05
4.353172415067678436e-02 3.921658183592977368e-03 1.350309405581280858e-03 5.906150779417881918e-05 4.640597968732009941e-05
4.213235136035489714e-02 4.510332184023909535e-03 1.253829206614193344e-03 5.739690237866869278e-05 4.661321572913463857e-05
4.445771470793338787e-02 4.622071890245557126e-03 1.325305991548056915e-03 5.946181374538837968e-05 4.661351960938700051e-05
4.547481799735599711e-02 4.820834119504489174e-03 1.343484904782428057e-03 5.182236068348973430e-05 4.667629730617516048e-05
4.871604388390198687e-02 5.091202582486030297e-03 1.475210597328162863e-03 6.357014647843212910e-05 4.654681956164059635e-05
4.986879095227658709e-02 5.475195451903588743e-03 1.501110025369156806e-03 6.462201885352452800e-05 4.651697111935684510e-05
