8.000000000000000444e-01 6.570000000000000284e-01 5.859999999999999654e-01 5.789999999999999591e-01 4.030000000000000249e-01 4.020000000000000240e-01 4.010000000000000231e-01 -1.999982277066399416e-01 -1.999989984459098202e-01 1.360424733390784569e-01 -1.209524731093618022e-01 1.999999667174307827e-01 1.999993712124989165e-01 -1.999998171174278694e-01
8.000000000000000444e-01 7.970000000000000417e-01 6.440000000000000169e-01 5.859999999999999654e-01 5.859999999999999654e-01 5.500000000000000444e-01 4.000000000000000222e-01 -1.999989816821328981e-01 1.999983553774199729e-01 -1.999998589760134116e-01 1.999969385054014559e-01 -1.238030398680721178e-01 1.485504007297729911e-01 -1.999999014531104735e-01
8.000000000000000444e-01 6.630000000000000338e-01 6.620000000000000329e-01 6.330000000000000071e-01 5.590000000000000524e-01 5.380000000000000338e-01 4.000000000000000222e-01 -1.999993398162605018e-01 -1.454525204810089567e-01 1.999996618324247077e-01 -1.999978766481517178e-01 1.533110777964568072e-01 -1.070208214397123936e-01 -1.999999545753705366e-01
8.000000000000000444e-01 6.730000000000000426e-01 5.989999999999999769e-01 5.380000000000000338e-01 4.099999999999999756e-01 4.089999999999999747e-01 4.000000000000000222e-01 -1.999974932583545306e-01 -1.411447789230092509e-01 -1.999998349741186066e-01 1.358329221258935959e-01 1.999990937269865710e-01 1.999996188326197133e-01 -1.999999613062194426e-01
8.000000000000000444e-01 6.850000000000000533e-01 6.380000000000000115e-01 5.779999999999999583e-01 5.290000000000000258e-01 4.000000000000000222e-01 4.000000000000000222e-01 -1.999999054228012441e-01 -1.483028731392402044e-01 -1.999977749268778415e-01 -1.120608648178064992e-01 1.482351949952330494e-01 -1.999981563458650136e-01 1.999984259141247001e-01
8.000000000000000444e-01 7.880000000000000338e-01 6.850000000000000533e-01 6.119999999999999885e-01 5.610000000000000542e-01 4.969999999999999973e-01 4.079999999999999738e-01 -1.999930992566416321e-01 1.999998281671470368e-01 -1.999991264529629720e-01 -1.263216333571164085e-01 1.423077821497169826e-01 1.999990935937067948e-01 -1.999984392066893879e-01
8.000000000000000444e-01 7.840000000000000302e-01 6.850000000000000533e-01 5.979999999999999760e-01 5.600000000000000533e-01 4.919999999999999929e-01 4.020000000000000240e-01 -1.999977909354178629e-01 1.999990629319126079e-01 -1.999978321164246342e-01 -1.254985232920668436e-01 1.397629276655219799e-01 1.999985269992669012e-01 -1.999999564067282132e-01
8.000000000000000444e-01 7.710000000000000187e-01 6.730000000000000426e-01 5.849999999999999645e-01 5.629999999999999449e-01 5.020000000000000018e-01 4.099999999999999756e-01 -1.999952769682847575e-01 1.999997822311385398e-01 -1.999993152218114967e-01 1.411893304329561172e-01 -1.193304762104628325e-01 1.999997115393218339e-01 -1.999999027578671928e-01
8.000000000000000444e-01 7.159999999999999698e-01 6.580000000000000293e-01 5.729999999999999538e-01 5.120000000000000107e-01 4.289999999999999925e-01 4.089999999999999747e-01 -1.999977607067398300e-01 -1.523024495810266221e-01 -1.999999671477820651e-01 1.428146290260637330e-01 -1.089275939356173922e-01 1.999982105560696444e-01 -1.999998623005931064e-01
8.000000000000000444e-01 7.179999999999999716e-01 6.730000000000000426e-01 5.759999999999999565e-01 5.260000000000000231e-01 4.299999999999999933e-01 4.119999999999999774e-01 -1.999994936471062024e-01 -1.420911208685330107e-01 -1.999998091269848677e-01 -1.157552398175715896e-01 1.440489517551667431e-01 1.999990619168183770e-01 -1.999994774920491047e-01
8.000000000000000444e-01 7.620000000000000107e-01 6.870000000000000551e-01 5.939999999999999725e-01 5.470000000000000417e-01 5.260000000000000231e-01 4.349999999999999978e-01 -1.999974508388376593e-01 1.999999319630167138e-01 -1.999997019216527838e-01 -1.230306331166846762e-01 1.999976516086902079e-01 1.398128503377392695e-01 -1.999997353683043155e-01
8.000000000000000444e-01 7.209999999999999742e-01 6.570000000000000284e-01 5.799999999999999600e-01 5.360000000000000320e-01 4.729999999999999760e-01 4.640000000000000235e-01 -1.999999140550428323e-01 -1.999975590304590156e-01 -1.454171723947439154e-01 1.366247221263941214e-01 -1.056866752558794781e-01 -1.999997380981206885e-01 1.999998648527440970e-01
8.000000000000000444e-01 7.740000000000000213e-01 7.069999999999999618e-01 6.570000000000000284e-01 5.749999999999999556e-01 5.110000000000000098e-01 4.689999999999999725e-01 -1.999951632785541278e-01 1.999998543030047649e-01 -1.999991344995791509e-01 -1.376209704811958978e-01 1.396732359139235269e-01 1.999970448833601200e-01 -1.999996606424183920e-01
8.000000000000000444e-01 7.830000000000000293e-01 7.159999999999999698e-01 6.580000000000000293e-01 5.749999999999999556e-01 5.260000000000000231e-01 4.769999999999999796e-01 -1.999985953616575940e-01 1.999996236748247391e-01 -1.999974456283323543e-01 -1.382284576440972745e-01 1.413500674529764578e-01 1.999959717072154752e-01 -1.999999682014775015e-01
8.000000000000000444e-01 7.730000000000000204e-01 6.969999999999999529e-01 5.989999999999999769e-01 5.719999999999999529e-01 5.350000000000000311e-01 5.040000000000000036e-01 -1.999999182967951983e-01 1.999997922642805237e-01 -1.995095414395722244e-01 -1.266593766509383490e-01 1.429021910136796525e-01 1.999991322628750512e-01 -1.999995262472399060e-01
8.000000000000000444e-01 7.840000000000000302e-01 7.089999999999999636e-01 6.580000000000000293e-01 5.779999999999999583e-01 5.240000000000000213e-01 5.240000000000000213e-01 -1.999998438210394414e-01 1.999997163346142748e-01 -1.627496383885445874e-01 -1.436013585438780105e-01 1.405501619831607540e-01 -1.999999570083055012e-01 1.999986938680639870e-01
8.000000000000000444e-01 7.850000000000000311e-01 7.159999999999999698e-01 5.949999999999999734e-01 5.829999999999999627e-01 5.789999999999999591e-01 5.400000000000000355e-01 -1.999990303548988546e-01 1.999998994199263247e-01 -1.674155029813263473e-01 -1.289428647175918929e-01 1.999958688238578364e-01 1.410404222242443995e-01 -1.999996423053298222e-01
8.000000000000000444e-01 7.930000000000000382e-01 7.600000000000000089e-01 6.959999999999999520e-01 6.620000000000000329e-01 5.490000000000000435e-01 5.490000000000000435e-01 -1.999994530809390270e-01 1.999997760152166515e-01 1.999995536595080836e-01 -1.559554296958427788e-01 -1.441838284604336773e-01 -1.999995818359966426e-01 1.576464997673355795e-01
8.000000000000000444e-01 7.700000000000000178e-01 7.069999999999999618e-01 6.640000000000000346e-01 5.789999999999999591e-01 5.570000000000000506e-01 5.300000000000000266e-01 -1.999991673694799799e-01 1.999997859957970137e-01 -1.639999335912822320e-01 -1.455166448713991201e-01 1.366345257861732720e-01 1.942593503802186594e-01 -1.999991782381221883e-01
8.000000000000000444e-01 8.000000000000000444e-01 7.510000000000000009e-01 6.730000000000000426e-01 5.979999999999999760e-01 5.659999999999999476e-01 5.490000000000000435e-01 -1.999999579213750101e-01 1.999981084492395422e-01 1.999986653841823725e-01 -1.518503997443025055e-01 -1.291416903777535818e-01 1.577297667360965938e-01 -1.999993401268049809e-01
8.000000000000000444e-01 7.890000000000000346e-01 7.069999999999999618e-01 6.600000000000000311e-01 5.919999999999999707e-01 5.580000000000000515e-01 5.580000000000000515e-01 -1.999999025682127618e-01 1.999993199529957744e-01 -1.585861471421085023e-01 -1.437534073840420756e-01 1.999980514002751841e-01 -1.999994133927917861e-01 1.416351403411055532e-01
8.000000000000000444e-01 8.000000000000000444e-01 7.199999999999999734e-01 6.740000000000000435e-01 6.400000000000000133e-01 5.799999999999999600e-01 5.600000000000000533e-01 1.999999606261383400e-01 -1.999982093110650172e-01 1.999994377620746000e-01 -1.497761144437472769e-01 -1.385450120124292472e-01 1.518032302933874089e-01 -1.999999367179597087e-01
8.000000000000000444e-01 7.700000000000000178e-01 6.979999999999999538e-01 6.109999999999999876e-01 5.959999999999999742e-01 5.719999999999999529e-01 5.709999999999999520e-01 -1.999952258772348668e-01 1.999979831856896484e-01 -1.620250442888307441e-01 1.999984959390582462e-01 -1.240640771624516026e-01 -1.999977377557487779e-01 1.454330075941116518e-01
8.000000000000000444e-01 7.680000000000000160e-01 6.959999999999999520e-01 6.610000000000000320e-01 5.979999999999999760e-01 5.649999999999999467e-01 5.649999999999999467e-01 -1.999976320071401303e-01 1.999993950159338896e-01 -1.541661631592489978e-01 -1.410852603014338402e-01 1.383306120490231661e-01 -1.999999090136476143e-01 1.970058962582743045e-01
8.000000000000000444e-01 7.780000000000000249e-01 7.099999999999999645e-01 6.730000000000000426e-01 5.979999999999999760e-01 5.719999999999999529e-01 5.699999999999999512e-01 -1.999991557518176477e-01 1.999995272668660951e-01 -1.522510178700598737e-01 -1.473058169546970497e-01 1.999972523636851240e-01 1.401255072356801523e-01 -1.999991315810118464e-01
8.000000000000000444e-01 7.670000000000000151e-01 6.959999999999999520e-01 6.420000000000000151e-01 6.029999999999999805e-01 5.829999999999999627e-01 5.809999999999999609e-01 -1.999972116310768377e-01 1.999999270357779857e-01 -1.520115128109337521e-01 -1.379936687820166874e-01 1.382256082223947136e-01 1.955526576339856049e-01 -1.999994934690013659e-01
8.000000000000000444e-01 8.000000000000000444e-01 7.199999999999999734e-01 6.730000000000000426e-01 5.949999999999999734e-01 5.919999999999999707e-01 5.879999999999999671e-01 1.999998399086843348e-01 -1.999995103914480044e-01 -1.529158423172486125e-01 -1.453398929776278659e-01 1.437590786446106550e-01 1.999995505697747811e-01 -1.999995794891565870e-01
8.000000000000000444e-01 8.000000000000000444e-01 6.959999999999999520e-01 6.570000000000000284e-01 6.430000000000000160e-01 6.119999999999999885e-01 5.979999999999999760e-01 1.999998668766139742e-01 -1.999995830619953896e-01 -1.470234608738209825e-01 -1.379737387886660616e-01 1.415898852443063516e-01 1.999994159588445175e-01 -1.999996278342947020e-01
8.000000000000000444e-01 8.000000000000000444e-01 7.810000000000000275e-01 7.109999999999999654e-01 6.570000000000000284e-01 5.989999999999999769e-01 5.939999999999999725e-01 1.999982945083921271e-01 -1.999986468785364124e-01 1.999994784558971617e-01 -1.524932140188854368e-01 -1.391342203924558762e-01 -1.999996857564237118e-01 1.607885648974565207e-01
8.000000000000000444e-01 7.830000000000000293e-01 7.269999999999999796e-01 6.850000000000000533e-01 6.129999999999999893e-01 5.939999999999999725e-01 5.929999999999999716e-01 -1.999986663692204791e-01 1.999995465557962149e-01 -1.542279795723309754e-01 -1.473956436228033851e-01 1.999972058738100078e-01 1.420750387476348575e-01 -1.999998477924657958e-01
8.000000000000000444e-01 7.880000000000000338e-01 7.159999999999999698e-01 6.570000000000000284e-01 6.119999999999999885e-01 5.999999999999999778e-01 5.999999999999999778e-01 -1.999986452000511727e-01 1.999991871203503635e-01 -1.566010260784046204e-01 -1.383808067059846270e-01 1.400798743928872159e-01 1.999998591257999836e-01 -1.999997665874810315e-01
8.000000000000000444e-01 7.950000000000000400e-01 7.159999999999999698e-01 6.570000000000000284e-01 6.430000000000000160e-01 6.189999999999999947e-01 6.049999999999999822e-01 -1.999995945954297083e-01 1.999995283848511607e-01 -1.568545929011789797e-01 -1.338462629837786910e-01 1.999995218752490811e-01 1.421355746230799910e-01 -1.999996730962047831e-01
8.000000000000000444e-01 7.660000000000000142e-01 6.959999999999999520e-01 6.630000000000000338e-01 6.380000000000000115e-01 6.340000000000000080e-01 6.039999999999999813e-01 -1.999996432130604351e-01 1.999976033698808442e-01 -1.499388733175257837e-01 1.999962716201132418e-01 -1.354285056276254839e-01 1.388922575365621470e-01 -1.999999517277721295e-01
8.000000000000000444e-01 7.780000000000000249e-01 7.069999999999999618e-01 6.620000000000000329e-01 6.300000000000000044e-01 6.109999999999999876e-01 6.109999999999999876e-01 -1.999988681190499884e-01 1.999989856687627299e-01 -1.487664437190701350e-01 -1.380942114905622520e-01 1.999979704736828123e-01 -1.999997047308524345e-01 1.425297272645132951e-01
8.000000000000000444e-01 7.890000000000000346e-01 7.710000000000000187e-01 6.969999999999999529e-01 6.570000000000000284e-01 6.139999999999999902e-01 6.139999999999999902e-01 -1.999990797527022024e-01 1.999980613056885903e-01 1.999990047829886264e-01 -1.482896045343813085e-01 -1.353462331646934913e-01 -1.999998058351799834e-01 1.564329344523403276e-01
8.000000000000000444e-01 7.930000000000000382e-01 7.159999999999999698e-01 6.730000000000000426e-01 6.380000000000000115e-01 6.169999999999999929e-01 6.159999999999999920e-01 -1.999998865420513361e-01 1.999988344704227705e-01 -1.497394209771003015e-01 -1.403834622767680396e-01 1.382871454477563045e-01 1.999986273916539437e-01 -1.999999726513558007e-01
8.000000000000000444e-01 8.000000000000000444e-01 7.860000000000000320e-01 7.159999999999999698e-01 6.750000000000000444e-01 6.380000000000000115e-01 6.189999999999999947e-01 -1.999818602191836825e-01 -1.999987405495390891e-01 1.999995065652729886e-01 1.999977954427628046e-01 -1.407059271106909093e-01 1.468334353677492321e-01 -1.999999834086996220e-01
8.000000000000000444e-01 7.720000000000000195e-01 7.069999999999999618e-01 6.570000000000000284e-01 6.300000000000000044e-01 6.239999999999999991e-01 6.229999999999999982e-01 -1.999996287352905633e-01 1.999995780774885268e-01 -1.486215733755913149e-01 -1.385767391151662420e-01 1.419184409096728161e-01 1.994837891184247647e-01 -1.999996581433460818e-01
8.000000000000000444e-01 8.000000000000000444e-01 7.810000000000000275e-01 6.959999999999999520e-01 6.380000000000000115e-01 6.370000000000000107e-01 6.360000000000000098e-01 -1.999970084346008037e-01 1.994653088681584419e-01 1.999987733764678477e-01 -1.449878425440987995e-01 -1.999997035800689105e-01 -1.332401411551832615e-01 1.540520188006388458e-01
8.000000000000000444e-01 8.000000000000000444e-01 7.409999999999999920e-01 6.959999999999999520e-01 6.590000000000000302e-01 6.300000000000000044e-01 6.270000000000000018e-01 1.999997688703826215e-01 -1.999982646033247602e-01 1.999981798107919873e-01 -1.475107988561057404e-01 -1.339867102526251519e-01 1.516000130238479848e-01 -1.999995771403751954e-01
8.000000000000000444e-01 7.530000000000000027e-01 7.069999999999999618e-01 6.850000000000000533e-01 6.410000000000000142e-01 6.380000000000000115e-01 6.280000000000000027e-01 -1.999984925407592706e-01 1.999998742888526582e-01 -1.512128547305620352e-01 -1.417012213628849326e-01 1.464548789857007260e-01 1.444894842770981236e-01 -1.999996363477940520e-01
8.000000000000000444e-01 7.930000000000000382e-01 7.349999999999999867e-01 6.889999999999999458e-01 6.730000000000000426e-01 6.380000000000000115e-01 6.340000000000000080e-01 -1.999984772720062032e-01 1.999991894802282955e-01 1.999998887959353322e-01 -1.449367636118883418e-01 -1.394026856191479535e-01 1.498436390480750724e-01 -1.999994377100889620e-01
8.000000000000000444e-01 7.790000000000000258e-01 7.469999999999999973e-01 6.860000000000000542e-01 6.570000000000000284e-01 6.380000000000000115e-01 6.370000000000000107e-01 -1.996391623869314957e-01 1.999993603766132000e-01 1.999982996371703348e-01 -1.470699180402023354e-01 -1.360151468672742558e-01 1.486960877938532377e-01 -1.999996393741908518e-01
8.000000000000000444e-01 7.850000000000000311e-01 7.179999999999999716e-01 6.570000000000000284e-01 6.480000000000000204e-01 6.480000000000000204e-01 6.480000000000000204e-01 -1.999981319301911697e-01 1.999999565461279549e-01 -1.510149820732884229e-01 1.999966355790482875e-01 1.405821744319630251e-01 -1.999999655648017904e-01 -1.322118185468766915e-01
8.000000000000000444e-01 7.830000000000000293e-01 7.159999999999999698e-01 6.730000000000000426e-01 6.580000000000000293e-01 6.470000000000000195e-01 6.450000000000000178e-01 -1.999978163512471097e-01 1.999995229935362384e-01 -1.512338962783996987e-01 1.999999224152068100e-01 1.391145738858377834e-01 -1.348863510839272695e-01 -1.999997980117362850e-01
8.000000000000000444e-01 7.770000000000000240e-01 7.269999999999999796e-01 6.959999999999999520e-01 6.600000000000000311e-01 6.450000000000000178e-01 6.450000000000000178e-01 -1.999956304884596969e-01 1.999994968759087333e-01 1.999993345813189383e-01 -1.443246320911720781e-01 -1.358760084160316461e-01 -1.999997926297946427e-01 1.448291768281919911e-01
8.000000000000000444e-01 7.870000000000000329e-01 7.489999999999999991e-01 7.079999999999999627e-01 6.850000000000000533e-01 6.530000000000000249e-01 6.500000000000000222e-01 -1.999975018261740956e-01 1.999995702877001846e-01 1.999989017041013117e-01 -1.463819899836051874e-01 -1.411058146980360695e-01 -1.999999534423064496e-01 1.479742937706296502e-01
8.000000000000000444e-01 8.000000000000000444e-01 7.289999999999999813e-01 7.069999999999999618e-01 6.730000000000000426e-01 6.570000000000000284e-01 6.560000000000000275e-01 1.999997739101579131e-01 -1.999993190081673089e-01 -1.511924639229145217e-01 1.999988339862603104e-01 -1.375053387728412679e-01 -1.999999745973808640e-01 1.429533362145530284e-01
8.000000000000000444e-01 8.000000000000000444e-01 7.530000000000000027e-01 7.209999999999999742e-01 6.850000000000000533e-01 6.570000000000000284e-01 6.550000000000000266e-01 1.999997016087703139e-01 -1.999997810099120865e-01 1.999985298017432356e-01 -1.508215450303032890e-01 -1.394274802947933489e-01 -1.999999275273265376e-01 1.517310747107669666e-01
8.000000000000000444e-01 8.000000000000000444e-01 7.329999999999999849e-01 7.069999999999999618e-01 6.850000000000000533e-01 6.670000000000000373e-01 6.610000000000000320e-01 1.999991258683285200e-01 -1.999995238706098466e-01 -1.523036189352073022e-01 1.999994824173954855e-01 -1.399990890049697123e-01 1.446728231612259830e-01 -1.999997538548638210e-01
8.000000000000000444e-01 7.720000000000000195e-01 7.079999999999999627e-01 6.899999999999999467e-01 6.889999999999999458e-01 6.730000000000000426e-01 6.640000000000000346e-01 -1.999969553289183410e-01 1.999995191622773449e-01 -1.462248192429809468e-01 1.999964460933519317e-01 -1.409136323252743461e-01 1.371528106162236971e-01 -1.999998939007113230e-01
8.000000000000000444e-01 7.770000000000000240e-01 7.249999999999999778e-01 6.959999999999999520e-01 6.730000000000000426e-01 6.620000000000000329e-01 6.620000000000000329e-01 -1.999990500155730266e-01 1.999970001895926830e-01 1.999997681653398751e-01 -1.403099545957382510e-01 -1.416608183029338386e-01 -1.999997085767883931e-01 1.466815665637727639e-01
8.000000000000000444e-01 7.980000000000000426e-01 7.670000000000000151e-01 6.959999999999999520e-01 6.730000000000000426e-01 6.720000000000000417e-01 6.720000000000000417e-01 -1.999981901442880461e-01 1.999997709696914039e-01 1.999988540838937567e-01 -1.424814630652138647e-01 -1.999999598077955298e-01 1.497530131541938980e-01 -1.356580793173977895e-01
8.000000000000000444e-01 8.000000000000000444e-01 7.510000000000000009e-01 7.249999999999999778e-01 6.939999999999999503e-01 6.680000000000000382e-01 6.680000000000000382e-01 1.999999763141707687e-01 -1.999990790207358260e-01 -1.556074109161114383e-01 1.999975323271963035e-01 -1.427718100629720155e-01 -1.999998154499044167e-01 1.435246908704567448e-01
8.000000000000000444e-01 7.840000000000000302e-01 7.760000000000000231e-01 7.069999999999999618e-01 6.850000000000000533e-01 6.730000000000000426e-01 6.720000000000000417e-01 -1.999998655315780582e-01 1.999996882759636219e-01 1.999992002168887451e-01 -1.435386999473717007e-01 -1.364378124151495175e-01 1.485904537195493202e-01 -1.999991020083659587e-01
8.000000000000000444e-01 7.650000000000000133e-01 7.249999999999999778e-01 6.850000000000000533e-01 6.730000000000000426e-01 6.690000000000000391e-01 6.680000000000000382e-01 -1.999964612946613096e-01 1.999992467590508416e-01 -1.500750264399269285e-01 1.999998443015316985e-01 -1.359536369114016097e-01 1.360381157086276716e-01 -1.999995879620489192e-01
8.000000000000000444e-01 7.600000000000000089e-01 7.159999999999999698e-01 6.860000000000000542e-01 6.730000000000000426e-01 6.690000000000000391e-01 6.690000000000000391e-01 -1.999993373904447591e-01 1.999999850204947360e-01 -1.475162900095995377e-01 1.996702643106297581e-01 -1.349271058977958571e-01 -1.999998590503813400e-01 1.354760564895186314e-01
8.000000000000000444e-01 8.000000000000000444e-01 7.359999999999999876e-01 7.069999999999999618e-01 6.850000000000000533e-01 6.740000000000000435e-01 6.740000000000000435e-01 1.999997549397635188e-01 -1.999951364191109304e-01 -1.497157468701570127e-01 -1.431274584169720254e-01 1.999983106808791988e-01 1.381550855602251826e-01 -1.999993291857483091e-01
8.000000000000000444e-01 7.860000000000000320e-01 7.249999999999999778e-01 7.039999999999999591e-01 6.850000000000000533e-01 6.830000000000000515e-01 6.760000000000000453e-01 -1.999988454480463307e-01 1.999994895888873303e-01 1.999998913098813003e-01 -1.418067471747821717e-01 1.387179665402173689e-01 -1.394170376974597225e-01 -1.999996200111724964e-01
8.000000000000000444e-01 8.000000000000000444e-01 7.540000000000000036e-01 7.039999999999999591e-01 6.850000000000000533e-01 6.830000000000000515e-01 6.820000000000000506e-01 1.999992091028376939e-01 -1.999999777740157636e-01 -1.499018340231552116e-01 1.999987051643905833e-01 -1.999994251575934745e-01 1.399403378000687870e-01 -1.401970246812840049e-01
8.000000000000000444e-01 8.000000000000000444e-01 7.530000000000000027e-01 7.279999999999999805e-01 6.959999999999999520e-01 6.810000000000000497e-01 6.760000000000000453e-01 1.999977380905604563e-01 -1.999990235288880702e-01 1.999991765992387982e-01 -1.474712856093324809e-01 1.422648814112273119e-01 -1.369488809884847613e-01 -1.999998475746115334e-01
8.000000000000000444e-01 7.990000000000000435e-01 7.570000000000000062e-01 7.069999999999999618e-01 6.959999999999999520e-01 6.850000000000000533e-01 6.790000000000000480e-01 -1.999981089224330821e-01 1.999998476106370493e-01 1.999993661218495145e-01 -1.412615947478066680e-01 -1.437266940658619152e-01 1.449040042813560802e-01 -1.999999628405441099e-01
8.000000000000000444e-01 7.760000000000000231e-01 7.159999999999999698e-01 6.959999999999999520e-01 6.879999999999999449e-01 6.840000000000000524e-01 6.830000000000000515e-01 -1.999991732037509073e-01 1.999993760213527316e-01 1.999965295920018427e-01 -1.414347146087978901e-01 -1.396016455428691072e-01 1.359702359404538208e-01 -1.999999499045410634e-01
8.000000000000000444e-01 8.000000000000000444e-01 7.760000000000000231e-01 7.259999999999999787e-01 7.069999999999999618e-01 6.850000000000000533e-01 6.820000000000000506e-01 1.999994899581696572e-01 -1.999986729551054554e-01 1.999999798722569555e-01 -1.457104650022782444e-01 -1.435655947429925750e-01 1.495979442285961525e-01 -1.999996147907374400e-01
8.000000000000000444e-01 7.680000000000000160e-01 7.329999999999999849e-01 7.069999999999999618e-01 6.850000000000000533e-01 6.830000000000000515e-01 6.820000000000000506e-01 -1.999987848327749451e-01 1.999996670082720418e-01 -1.508375456198479680e-01 1.999997994404330848e-01 -1.999991184902743246e-01 -1.368699749860879666e-01 1.345546035562185105e-01
8.000000000000000444e-01 7.750000000000000222e-01 7.409999999999999920e-01 7.169999999999999707e-01 6.860000000000000542e-01 6.850000000000000533e-01 6.850000000000000533e-01 -1.999947261486677286e-01 1.999979518337410556e-01 1.999999043309115265e-01 -1.460737388774166201e-01 -1.999999545103921805e-01 -1.367229481939410407e-01 1.396565659419021499e-01
8.000000000000000444e-01 7.970000000000000417e-01 7.670000000000000151e-01 7.159999999999999698e-01 6.959999999999999520e-01 6.889999999999999458e-01 6.889999999999999458e-01 -1.999980440513499380e-01 1.999996289672975602e-01 1.999973073903270893e-01 -1.411879870555908523e-01 -1.396196213352247917e-01 -1.999999718954879602e-01 1.457585869032018977e-01
8.000000000000000444e-01 7.570000000000000062e-01 7.159999999999999698e-01 7.129999999999999671e-01 7.119999999999999662e-01 6.959999999999999520e-01 6.889999999999999458e-01 -1.999992995414902330e-01 1.999982710971654754e-01 -1.449318053962982411e-01 -1.449125801800886515e-01 1.990967677328134011e-01 1.294195825053791604e-01 -1.999999475771770119e-01
8.000000000000000444e-01 7.800000000000000266e-01 7.459999999999999964e-01 7.199999999999999734e-01 6.959999999999999520e-01 6.919999999999999485e-01 6.899999999999999467e-01 -1.999991561232133119e-01 1.999992597364022850e-01 1.999980819935453236e-01 -1.414462506402689168e-01 1.372052213813001187e-01 -1.377573802453876395e-01 -1.999998736287749157e-01
8.000000000000000444e-01 7.680000000000000160e-01 7.510000000000000009e-01 7.169999999999999707e-01 6.959999999999999520e-01 6.929999999999999494e-01 6.919999999999999485e-01 -1.999983705118684174e-01 1.999996609339879938e-01 1.999999307530701265e-01 -1.419771533974204525e-01 -1.999995354523503577e-01 -1.391706289617627712e-01 1.383025600999811255e-01
8.000000000000000444e-01 7.780000000000000249e-01 7.269999999999999796e-01 7.159999999999999698e-01 7.069999999999999618e-01 6.999999999999999556e-01 6.979999999999999538e-01 -1.999988656069799919e-01 1.999996278249009662e-01 -1.458077252558085679e-01 1.999982366116995480e-01 -1.418171544006903428e-01 1.300312152759123818e-01 -1.999996046271789452e-01
8.000000000000000444e-01 7.780000000000000249e-01 7.510000000000000009e-01 7.269999999999999796e-01 7.069999999999999618e-01 6.969999999999999529e-01 6.949999999999999512e-01 -1.999999102407797325e-01 1.999988506716119940e-01 1.999998118570150141e-01 -1.459300384135822914e-01 1.361402559901001563e-01 -1.413868553872869582e-01 -1.999999651048614269e-01
8.000000000000000444e-01 7.680000000000000160e-01 7.510000000000000009e-01 7.159999999999999698e-01 7.069999999999999618e-01 6.979999999999999538e-01 6.979999999999999538e-01 -1.999997000588389917e-01 1.999999473287621954e-01 1.999963511302382535e-01 -1.431442065579598411e-01 -1.419903485242125507e-01 -1.999999694471638056e-01 1.358197119812163955e-01
8.000000000000000444e-01 7.850000000000000311e-01 7.459999999999999964e-01 7.329999999999999849e-01 7.159999999999999698e-01 7.009999999999999565e-01 7.009999999999999565e-01 -1.999998226115991817e-01 1.999992691550740165e-01 -1.505582641464933424e-01 1.999988022750021355e-01 -1.438249527786037152e-01 -1.999999174197282514e-01 1.392246871063804736e-01
8.000000000000000444e-01 7.710000000000000187e-01 7.409999999999999920e-01 7.159999999999999698e-01 7.099999999999999645e-01 7.049999999999999600e-01 7.039999999999999591e-01 -1.999983795461975078e-01 1.999999811020578278e-01 -1.465790503403033573e-01 1.358471006544847981e-01 1.372947620606756181e-01 -1.413884191984466909e-01 -1.999997509434835730e-01
8.000000000000000444e-01 8.000000000000000444e-01 7.630000000000000115e-01 7.530000000000000027e-01 7.159999999999999698e-01 7.089999999999999636e-01 7.089999999999999636e-01 -1.997979898480731487e-01 -1.999911247347655741e-01 1.999998740113127504e-01 1.999986123767755752e-01 -1.999998961566977207e-01 1.323972037209938390e-01 -1.385947606100324248e-01
8.000000000000000444e-01 7.960000000000000409e-01 7.459999999999999964e-01 7.159999999999999698e-01 7.149999999999999689e-01 7.139999999999999680e-01 7.139999999999999680e-01 -1.999999230784680060e-01 1.999998321872344109e-01 -1.477266919252886723e-01 1.999963103318155855e-01 -1.438161640445883294e-01 1.306003340966020165e-01 -1.999995534965063326e-01
8.000000000000000444e-01 7.880000000000000338e-01 7.570000000000000062e-01 7.249999999999999778e-01 7.159999999999999698e-01 7.129999999999999671e-01 7.129999999999999671e-01 -1.999869162979487081e-01 1.999998000338346071e-01 1.999994741200342152e-01 -1.407421788173238431e-01 1.361655861748130025e-01 -1.417012718872415755e-01 -1.999999591135055987e-01
8.000000000000000444e-01 8.000000000000000444e-01 7.610000000000000098e-01 7.249999999999999778e-01 7.199999999999999734e-01 7.199999999999999734e-01 7.199999999999999734e-01 -1.999966717792495963e-01 1.999982969808001831e-01 1.999980930581838345e-01 -1.533085977301193725e-01 -1.999989367053760514e-01 -1.430272380381723274e-01 1.344079044364584197e-01
8.000000000000000444e-01 8.000000000000000444e-01 7.600000000000000089e-01 7.329999999999999849e-01 7.259999999999999787e-01 7.199999999999999734e-01 7.199999999999999734e-01 -1.962615026202038926e-01 1.999982774451567746e-01 1.999969636692366659e-01 -1.447357260015378622e-01 -1.420907407472732087e-01 1.366029834085612793e-01 -1.999990370302691667e-01
8.000000000000000444e-01 8.000000000000000444e-01 7.570000000000000062e-01 7.349999999999999867e-01 7.249999999999999778e-01 7.239999999999999769e-01 7.239999999999999769e-01 1.999999726244131026e-01 -1.999995151565817642e-01 -1.505746920584177251e-01 -1.442507192992663612e-01 -1.999998138067623221e-01 1.311181310309384174e-01 1.981540106436852910e-01
8.000000000000000444e-01 7.980000000000000426e-01 7.660000000000000142e-01 7.399999999999999911e-01 7.329999999999999849e-01 7.259999999999999787e-01 7.259999999999999787e-01 -1.999989430873186924e-01 1.975400017561079746e-01 1.999977378680659057e-01 -1.455663337641304456e-01 -1.436460782525686708e-01 -1.999993741063030295e-01 1.355146358993948585e-01
8.000000000000000444e-01 7.920000000000000373e-01 7.820000000000000284e-01 7.570000000000000062e-01 7.399999999999999911e-01 7.299999999999999822e-01 7.299999999999999822e-01 -1.999960252194047106e-01 1.999993196068401424e-01 1.997472322144814849e-01 -1.477510443504187476e-01 -1.451163283896089173e-01 1.409073717445261942e-01 -1.999990087994003019e-01
8.000000000000000444e-01 8.000000000000000444e-01 7.850000000000000311e-01 7.510000000000000009e-01 7.399999999999999911e-01 7.359999999999999876e-01 7.359999999999999876e-01 1.999983281185445105e-01 -1.993123013867653948e-01 -5.033741338805122062e-02 1.999999654538405502e-01 1.310047062784009675e-01 -1.999994202448960312e-01 -1.413679630691735689e-01
8.000000000000000444e-01 7.970000000000000417e-01 7.670000000000000151e-01 7.510000000000000009e-01 7.399999999999999911e-01 7.399999999999999911e-01 7.399999999999999911e-01 -1.990124817966243409e-01 -5.236886154506004837e-02 1.999979591467331286e-01 1.172930477457328202e-01 -1.999998246696330917e-01 -1.424246938277889951e-01 1.999979480269483967e-01
8.000000000000000444e-01 7.890000000000000346e-01 7.840000000000000302e-01 7.760000000000000231e-01 7.570000000000000062e-01 7.489999999999999991e-01 7.459999999999999964e-01 -1.999967059104083844e-01 -5.063494047671307507e-02 1.999987075965112826e-01 1.999992830188882798e-01 1.228614103434932103e-01 -1.426378791341268715e-01 -1.999999924367416027e-01
8.000000000000000444e-01 8.000000000000000444e-01 7.800000000000000266e-01 7.710000000000000187e-01 7.570000000000000062e-01 7.530000000000000027e-01 7.530000000000000027e-01 -5.200294043942831068e-02 -1.999953050887095518e-01 1.999993282363378699e-01 1.999994675194518012e-01 -1.425175851529529580e-01 1.234386402280447242e-01 -1.999998440120755450e-01
8.000000000000000444e-01 8.000000000000000444e-01 7.860000000000000320e-01 7.800000000000000266e-01 7.710000000000000187e-01 7.640000000000000124e-01 7.640000000000000124e-01 -1.999995477308684488e-01 -1.650301114562259253e-01 -5.024716818200248430e-02 1.999996519191477029e-01 1.229094927478095872e-01 -1.999998045429637050e-01 -1.475620344812449969e-01
8.000000000000000444e-01 7.950000000000000400e-01 7.930000000000000382e-01 7.860000000000000320e-01 7.820000000000000284e-01 7.820000000000000284e-01 7.820000000000000284e-01 -1.991511927648646207e-01 -1.451442110725949808e-01 -5.128806588926462795e-02 1.999979171948490786e-01 -1.478467801543869031e-01 1.999986016276586454e-01 -1.999999806936249291e-01
