2.599332250194736016e+00 5.955955976060552359e+01
2.796233511877147304e+00 5.697173675569914764e+01
3.049167329039105034e+00 5.289086488181396106e+01
2.665132695743292590e+00 4.942345506514519116e+01
2.616042221456589267e+00 4.758542635033297330e+01
2.781200339476163741e+00 4.495671636637055713e+01
2.777198233942631767e+00 4.400249186740279583e+01
2.854079888585220992e+00 4.338106971024723180e+01
2.826700211119740569e+00 4.272591134359258547e+01
2.861973175270300374e+00 4.185618724450121420e+01
2.987623665016968744e+00 4.122092138265460903e+01
3.298830249673890158e+00 4.022302253388214410e+01
3.078803202373949333e+00 3.969461666952416579e+01
3.116081602651379789e+00 3.898806567976367177e+01
3.239690895440386242e+00 3.824440469474499338e+01
3.287234883285633735e+00 3.741927824007585457e+01
3.412041610486560295e+00 3.670164187626249230e+01
3.505165892905669267e+00 3.592123361993634489e+01
3.431937683027642905e+00 3.516108523890243021e+01
3.496660543895378837e+00 3.447404483464463709e+01
3.466117949592003811e+00 3.367575536064140351e+01
3.551875915276128115e+00 3.289319784444300154e+01
3.639325404985544132e+00 3.217358938779739219e+01
3.580134158285551038e+00 3.143410468131183677e+01
3.593340310723355024e+00 3.067356238757690079e+01
3.697452906384450788e+00 2.997867311259712508e+01
3.655855975228331722e+00 2.924902630862595032e+01
3.774970382590762341e+00 2.834429181911112750e+01
3.802615958134242469e+00 2.764679351094027737e+01
3.794351611750077069e+00 2.692029303980379851e+01
3.764992733318784257e+00 2.611002621967175230e+01
3.857064679641482030e+00 2.542333768685090334e+01
4.003452346125616401e+00 2.466201597491141229e+01
3.908363984238656386e+00 2.392247439591675828e+01
3.948234580192423238e+00 2.316405016533580152e+01
3.953826484330921431e+00 2.244331284172917051e+01
4.089136346832309421e+00 2.157002330836430914e+01
4.064531863602626416e+00 2.086949308263443825e+01
4.213865429926234363e+00 2.018058163171299668e+01
4.113541591652091434e+00 1.940240635064716201e+01
4.297855469966648911e+00 1.865186831963790937e+01
4.211644380805616095e+00 1.799704806809352675e+01
4.263765784469750741e+00 1.714504599540470764e+01
4.345651724278129180e+00 1.638208076656096779e+01
4.390863292060424250e+00 1.572688227362856495e+01
4.392309332206259853e+00 1.498287226209302681e+01
4.491600648088642345e+00 1.417569194686516632e+01
4.547689166026973595e+00 1.335393062079549686e+01
4.562969672005317889e+00 1.263327417156354571e+01
4.670085651099929791e+00 1.197470579128842516e+01
4.765980580998997240e+00 1.166997546636251215e+01
4.666007455514287194e+00 1.120137031738645383e+01
4.783375416182827244e+00 1.107432505303791892e+01
4.848671165547258965e+00 1.070226373674975129e+01
4.812682758926065674e+00 1.049072378675637651e+01
4.838825992653836394e+00 1.015442103856083911e+01
4.867867603048593672e+00 9.889698615587681374e+00
4.869989056806612204e+00 9.551051853226006472e+00
4.954504656327186396e+00 9.276973121494661356e+00
5.094182702845603039e+00 8.906928397037008338e+00
5.061081624145339575e+00 8.670755001112055993e+00
4.994043880008872449e+00 8.299166085891629407e+00
5.071844485697242000e+00 8.072439711637400706e+00
5.088476845142795746e+00 7.797141509306332985e+00
5.178971777609435279e+00 7.419863795472891432e+00
5.162580945905807184e+00 7.185291508108845981e+00
5.176754662652850669e+00 6.877213723657495947e+00
5.436263967651896678e+00 6.484396888718081620e+00
5.305212822788520910e+00 6.296277653756861881e+00
5.395853591486953427e+00 5.925339757029806975e+00
5.493676746573221692e+00 5.649739159517092268e+00
5.509397428966972932e+00 5.315539865156209132e+00
5.502425543076650882e+00 5.058920029108812777e+00
5.624904906311924968e+00 4.778822003212022551e+00
5.764886860544795155e+00 4.431535994312789661e+00
5.939728773856093547e+00 4.170256601203019997e+00
5.879283867177423240e+00 3.891779683136279200e+00
5.902849282592287139e+00 3.550221012903656437e+00
6.092839294923379612e+00 3.247454196910327440e+00
6.147693845918579036e+00 2.976387418707137300e+00
6.348056577760452512e+00 2.639775212932429227e+00
6.416250319702268889e+00 2.393640571020346997e+00
6.635547258826530737e+00 2.090652079458167112e+00
6.897710093348353944e+00 1.787876674396083887e+00
7.112570305169932716e+00 1.484052608818281049e+00
7.463921197749706415e+00 1.194884688856170163e+00
7.666440064649254538e+00 8.896864656715164354e-01
8.326648650542136210e+00 5.986832471954041113e-01
9.980014972810778318e+00 2.896000630921345964e-01
