0.000000000000000000e+00 2.296993662757882859e+01 1.440550114960451289e+01 1.056691688781583593e+00 2.027309165821157677e+01 2.816931821451135534e-02 2.816931821451420376e-02
0.000000000000000000e+00 4.226667718202243434e-02 2.867421668923194389e+01 1.176787417855016038e+01 0.000000000000000000e+00 5.434414399448140642e+00 1.025296481128687454e+01
0.000000000000000000e+00 2.200616306278531908e+01 1.874131809753769862e-01 5.883937089275070420e+00 1.493794098736371012e+01 1.858398796308979861e+00 7.217011765105501908e+00
0.000000000000000000e+00 1.748151827648754875e+01 1.501418429677087829e+01 9.208313287953806991e+00 6.694039898068872674e+00 2.253993058640941030e-02 2.028593752776778891e-01
0.000000000000000000e+00 1.341279379791084203e+01 8.808419505842486785e+00 1.217366294332776278e+01 5.644213018479352861e+00 6.746337084772531689e+00 0.000000000000000000e+00
0.000000000000000000e+00 1.690667087280897374e-01 1.201319792334622960e+01 1.481128991438209574e+01 9.456044056010485477e+00 5.663691569703559914e+00 2.059426194200095317e+00
0.000000000000000000e+00 2.254222783041196498e-01 1.154666596515802546e+01 1.765181126782523080e+01 5.736326310528594874e+00 6.017672292810027912e+00 2.028593752776789216e+00
0.000000000000000000e+00 4.086064356565546896e-01 1.348967552043921536e+01 1.785470565021402223e+01 3.321031021884988554e+00 5.398206027373694482e+00 2.128845054678750515e+00
0.000000000000000000e+00 5.493429713785473290e+00 9.316477793003997476e+00 1.724602250304764084e+01 7.026469267902871074e+00 2.504186543010264554e+00 3.573255228423358187e-01
0.000000000000000000e+00 5.362633768219149388e+00 6.194238759385353177e+00 1.968075509171319126e+01 5.759401039264642641e+00 3.761565615360779269e+00 3.215929705581014875e-01
0.000000000000000000e+00 7.782738809362590438e-01 8.747474216028800598e+00 1.886917756215801489e+01 7.094929910390632699e+00 1.435415073580163625e+00 3.565650739560737303e+00
0.000000000000000000e+00 5.166439849869670198e+00 1.028025135779751054e+01 1.562286744393729165e+01 5.068272914552882646e+00 3.294722762330776433e+00 1.184682053940200874e-01
0.000000000000000000e+00 3.663368043817389896e-01 5.358282073115510968e+00 8.031446373279290896e+00 1.663733935588126300e+01 7.372033330258748407e+00 1.267178732607606495e+00
0.000000000000000000e+00 2.395111706981271071e-01 4.381664176471749883e+00 9.316477793003997476e+00 1.684023373827004733e+01 5.644213018479352861e+00 1.919965782840401092e+00
0.000000000000000000e+00 3.804266814733446855e-01 7.429348182714170079e+00 1.988364947410196137e+01 4.075810799586117916e+00 4.261956769055838201e+00 1.621212787813556044e+00
0.000000000000000000e+00 2.254222783041196498e-01 5.998076947517355428e+00 8.192075300744896538e+00 1.623155059110366238e+01 6.220153122405815971e+00 0.000000000000000000e+00
0.000000000000000000e+00 2.113333859101121648e-01 4.512460122038068455e+00 2.455022026904426724e+01 1.811471466482721171e+00 6.038238221609071310e-01 4.492332810626420425e+00
0.000000000000000000e+00 9.862224675805235374e-02 6.758694229183296320e-01 6.256293206496150283e+00 5.461383533829920367e+00 2.292706520993389674e+01 0.000000000000000000e+00
0.000000000000000000e+00 5.061278806748891190e-01 5.038384635914585630e+00 6.907043881020186404e+00 1.724602250304764439e+01 2.534136457276436438e+00 2.389369880968688520e+00
0.000000000000000000e+00 0.000000000000000000e+00 1.229498708579787714e+00 1.073668051626794018e+01 1.521707867915967860e+01 4.830590577287249943e+00 1.958196353349972441e+00
0.000000000000000000e+00 1.549778163340822523e-01 6.557897462618983653e+00 7.549559590882534366e+00 1.379681800243811196e+01 5.132502488367696181e+00 0.000000000000000000e+00
0.000000000000000000e+00 0.000000000000000000e+00 5.231837822652831704e+00 6.331888509593906811e+00 6.372048153162657158e+00 1.217366294332775212e+01 2.303760415705849773e+00
0.000000000000000000e+00 5.061278806748891190e-01 7.038329857308160520e+00 1.765181126782521304e+01 2.781189428238385553e+00 3.622942932965442342e+00 1.151880207852960525e-01
0.000000000000000000e+00 5.398697393865474758e-01 7.038329857308169402e+00 5.622012461295495811e+00 1.278234609049414594e+01 4.981546532827480611e+00 0.000000000000000000e+00
0.000000000000000000e+00 3.099556326681645047e-01 5.438256432415736974e+00 5.093040757716844169e+00 1.521707867915967860e+01 3.924854844045889024e+00 2.303760415705865816e-01
0.000000000000000000e+00 5.567406687423777090e-01 6.940575275956663681e+00 1.012031177267007287e+01 7.912880913163040653e+00 3.708252570984519991e+00 3.019119110804535655e-01
0.000000000000000000e+00 0.000000000000000000e+00 5.231837822652831704e+00 6.469538259802474656e+00 1.582576182632606177e+01 5.562378856476735134e-01 7.416505141969127468e-01
0.000000000000000000e+00 0.000000000000000000e+00 1.016647646055623611e+01 6.264528171157841996e+00 2.623784533655224127e+00 6.289725854052671927e+00 2.595776799689154757e+00
0.000000000000000000e+00 0.000000000000000000e+00 2.676889554861420217e-01 5.598205151016202308e+00 8.673962083141637081e+00 1.176787417855016038e+01 9.270631427461343277e-01
0.000000000000000000e+00 2.395111706981271071e-01 3.051548205151729753e+00 4.898585560976126629e+00 1.460839553199329544e+01 3.522839942435289196e+00 1.854126285492304349e-01
0.000000000000000000e+00 1.690667087280897374e-01 4.708654040387547646e+00 9.477106720469572920e+00 9.130247207495827411e+00 2.224951542590711817e+00 0.000000000000000000e+00
0.000000000000000000e+00 7.044446197003738364e-02 5.166439849869670198e+00 9.477106720469572920e+00 2.623784533655224127e+00 4.869465177331085748e+00 2.826096943555313157e+00
0.000000000000000000e+00 5.736115980982078311e-01 6.842820694605160625e+00 5.300754606364330712e+00 4.685329524384299837e+00 8.115775295551842516e-01 6.055922021904232011e+00
0.000000000000000000e+00 3.099556326681645047e-01 5.678179510316436307e+00 7.228301735951368379e+00 6.492620236441454473e+00 3.835417280539336282e+00 0.000000000000000000e+00
0.000000000000000000e+00 1.549778163340822523e-01 2.536177876488959759e-01 7.233839020011169296e+00 6.425157098623431651e+00 8.724458442718223239e+00 0.000000000000000000e+00
0.000000000000000000e+00 9.862224675805235374e-02 5.035643904303351626e+00 5.918939258968219264e+00 6.559461334138016575e+00 4.260782030164722123e+00 2.018640673968122579e-01
0.000000000000000000e+00 0.000000000000000000e+00 1.972444935161047075e-01 4.577858094821230850e+00 5.643639758551085350e+00 6.934287696088770936e+00 3.854993265387119727e+00
0.000000000000000000e+00 3.945165585649504369e-01 5.198333354515044746e+00 8.031446373279290896e+00 5.478148324497486676e+00 1.211184404380854174e+00 2.018640673968122579e-01
0.000000000000000000e+00 0.000000000000000000e+00 2.676889554861420217e-01 8.309139414877693142e+00 1.086996449657156205e+01 2.028943823888008924e-01 2.028943823888008924e-01
0.000000000000000000e+00 0.000000000000000000e+00 2.221559637161406364e+00 4.398956160817608207e+00 5.943270316226676009e+00 5.883937089275070420e+00 6.086831471664025939e-01
0.000000000000000000e+00 1.179315087821430019e+00 3.678820527810647167e+00 2.565925770035105913e+00 8.246179962916372119e+00 6.086831471663832760e-01 2.028943823887969788e+00
0.000000000000000000e+00 9.862224675805235374e-02 2.627873435140929637e+00 5.365117519164341431e+00 2.202396003337004693e+00 6.559461334138016575e+00 8.115775295551842516e-01
0.000000000000000000e+00 2.958667402741570474e-01 9.865831753375875479e-01 7.114612362370092313e+00 4.658238896501998738e+00 3.560850438532073170e+00 2.028943823888008924e-01
0.000000000000000000e+00 2.113333859101121648e-01 4.381664176471744554e+00 9.798364575400752230e+00 1.686718628778357099e+00 0.000000000000000000e+00 0.000000000000000000e+00
0.000000000000000000e+00 2.395111706981271071e-01 4.381664176471749883e+00 5.918939258968219264e+00 2.409433911983795085e+00 2.061544990729093030e+00 4.057887647775824114e-01
0.000000000000000000e+00 3.240445250621719619e-01 2.724596611742613472e+00 3.030392021896570753e+00 5.782641388761086354e+00 2.811197714630583100e+00 0.000000000000000000e+00
0.000000000000000000e+00 1.831556011220971947e-01 1.171567520713386878e+00 3.278948731309487385e+00 2.682558759582159613e+00 5.997221791211903685e+00 5.622395429261309863e-01
0.000000000000000000e+00 0.000000000000000000e+00 3.868927188674507356e+00 1.759435904605097800e+00 4.680091507091144187e+00 2.570062839449369640e+00 1.874131809753769862e-01
0.000000000000000000e+00 0.000000000000000000e+00 1.179315087821430019e+00 2.092735129061128685e+00 4.198787623693824855e+00 4.497609969036408195e+00 3.748263619507539723e-01
0.000000000000000000e+00 0.000000000000000000e+00 3.035646899214519578e+00 2.079333341806024027e+00 2.565925770035105913e+00 2.891320694380550282e+00 1.124479085852226223e+00
0.000000000000000000e+00 3.945165585649504369e-01 5.118358995214810747e+00 2.099393811846912428e+00 1.376497502085669011e-01 2.202396003337004693e+00 1.445660347190267592e+00
0.000000000000000000e+00 3.240445250621719619e-01 2.833580476212315791e+00 2.834882859193569971e+00 3.165944254796946744e+00 1.766918202121448456e+00 0.000000000000000000e+00
0.000000000000000000e+00 2.817778478801495623e-02 5.229988100307192411e-01 6.940575275956663681e+00 3.165944254796946744e+00 1.606289274655750554e-01 0.000000000000000000e+00
0.000000000000000000e+00 0.000000000000000000e+00 1.229498708579787714e+00 1.416790238106157895e+00 3.615622675958578114e+00 4.176352114105227997e+00 0.000000000000000000e+00
0.000000000000000000e+00 2.254222783041196498e-01 1.127190167328429860e-01 5.518230791715970973e+00 2.565925770035105913e+00 1.651797002502763512e+00 1.606289274655750554e-01
0.000000000000000000e+00 5.904825274540378421e-01 2.179677289394087669e+00 4.665319581882028999e+00 1.651797002502763512e+00 6.425157098623462959e-01 1.606289274655750554e-01
0.000000000000000000e+00 8.192356641434295206e-01 2.877510802459060546e+00 3.498989686411513311e+00 1.789446752711330468e+00 6.425157098623462959e-01 0.000000000000000000e+00
0.000000000000000000e+00 0.000000000000000000e+00 2.899722411189988858e+00 2.319256419706716699e+00 2.565925770035105913e+00 1.514147252294196333e+00 0.000000000000000000e+00
0.000000000000000000e+00 1.972444935161047075e-01 3.324007866325987770e+00 2.052846208381551740e+00 2.216026801393955470e+00 2.752995004171206461e-01 9.635482514599419401e-01
0.000000000000000000e+00 0.000000000000000000e+00 1.154223277442250062e+00 4.887729067575113717e+00 2.216026801393955470e+00 2.752995004171206461e-01 1.376497502085669011e-01
0.000000000000000000e+00 0.000000000000000000e+00 1.179315087821430019e+00 1.362298305871304072e+00 3.128146603248075142e+00 2.064746253128437736e+00 6.882487510428082489e-01
0.000000000000000000e+00 1.408889239400747811e-02 8.601974473506023289e-01 3.998717965011573394e+00 1.075300394866523623e+00 1.282962885017547405e+00 8.258985012513749835e-01
0.000000000000000000e+00 3.381570501985289856e-01 3.923878366989622002e+00 1.955091627030047130e+00 9.330639163764080646e-01 5.505990008342284137e-01 1.376497502085669011e-01
0.000000000000000000e+00 0.000000000000000000e+00 3.381570501985289856e-01 2.724596611742613472e+00 1.519512826704397135e+00 2.565925770035105913e+00 4.129492506256874917e-01
0.000000000000000000e+00 5.398697393865474758e-01 1.585785693619526482e+00 2.079333341806024027e+00 2.565925770035105913e+00 2.752995004171206461e-01 1.376497502085669011e-01
0.000000000000000000e+00 3.522469272901332382e-01 1.280220807855726450e+00 1.569551346795851510e+00 3.615622675958567456e+00 1.376497502085669011e-01 0.000000000000000000e+00
0.000000000000000000e+00 4.226667718202243434e-02 5.061278806748891190e-01 3.335296611941182654e+00 1.955091627030047130e+00 8.164309268293542532e-01 0.000000000000000000e+00
0.000000000000000000e+00 8.806783389541884555e-01 2.681316884109574694e+00 2.399230779006926717e-01 7.997435930023347184e-02 1.564073301624037571e+00 8.164309268293542532e-01
0.000000000000000000e+00 2.817778478801495345e-01 1.048244623796185326e+00 1.700347292362169416e+00 2.346109952436056467e+00 4.665319581882040323e-01 2.332659790940964373e-01
0.000000000000000000e+00 5.398697393865474758e-01 4.265607764460500051e-01 2.223531074627453474e+00 2.052846208381551740e+00 3.498989686411502209e-01 1.166329895470538253e-01
0.000000000000000000e+00 3.099556326681645047e-01 2.779088543977467296e+00 7.193777006147636932e-01 7.197692337020857867e-01 6.842820694605140641e-01 2.332659790940964373e-01
0.000000000000000000e+00 3.099556326681645047e-01 6.774788802378424180e-01 1.307806373636455799e+00 1.599487186004630690e+00 9.775458135150187911e-01 2.332659790940964373e-01
0.000000000000000000e+00 5.398697393865474758e-01 4.265607764460500051e-01 2.288929047410615425e+00 7.197692337020857867e-01 8.797912321635141808e-01 0.000000000000000000e+00
0.000000000000000000e+00 2.113333859101121648e-01 1.202398244942683991e+00 5.890061147729641622e-01 1.111765537313729624e+00 1.466318720272532961e+00 0.000000000000000000e+00
0.000000000000000000e+00 4.086064356565546896e-01 1.129606595166817051e+00 1.634949319579013682e+00 4.798461558013853434e-01 4.887729067575140585e-01 9.775458135150470740e-02
0.000000000000000000e+00 0.000000000000000000e+00 7.577929893326726951e-01 2.509181037917950219e-01 2.419724992976933109e+00 5.598205151016186765e-01 0.000000000000000000e+00
0.000000000000000000e+00 5.635556957602991246e-02 1.541536211464979100e+00 1.961939183494811001e+00 7.997435930023347184e-02 7.997435930022574191e-02 0.000000000000000000e+00
0.000000000000000000e+00 1.690667087280897374e-01 6.349076397111590442e-01 1.743741831515268847e+00 5.885817550484457872e-01 2.399230779006926717e-01 0.000000000000000000e+00
0.000000000000000000e+00 0.000000000000000000e+00 7.987547725398453924e-01 1.961709560454678147e+00 3.269898639158039244e-01 0.000000000000000000e+00 0.000000000000000000e+00
0.000000000000000000e+00 0.000000000000000000e+00 8.192356641434295206e-01 1.223320392220777375e+00 3.814435256439702715e-01 3.923878366989597133e-01 0.000000000000000000e+00
0.000000000000000000e+00 0.000000000000000000e+00 8.806783389541884555e-01 9.967795788465578788e-01 5.449193223485204740e-01 6.539797278316207552e-02 0.000000000000000000e+00
0.000000000000000000e+00 2.817778478801495623e-02 5.398697393865492522e-01 9.789923824779080963e-01 3.171571387239043860e-01 3.814435256439702715e-01 0.000000000000000000e+00
0.000000000000000000e+00 1.127111391520598249e-01 1.408889239400747673e-01 5.120222900896453933e-01 6.401104039278613378e-01 5.449193223485258031e-01 0.000000000000000000e+00
0.000000000000000000e+00 0.000000000000000000e+00 2.113333859101121648e-01 8.531215528920976787e-01 4.141890848944993486e-01 1.812326506993746089e-01 0.000000000000000000e+00
0.000000000000000000e+00 4.226667718202243434e-02 5.061278806748891190e-01 4.014689660668700477e-01 4.141890848944993486e-01 0.000000000000000000e+00 0.000000000000000000e+00
0.000000000000000000e+00 1.549778163340822523e-01 7.044446197003738364e-02 1.127190167328429860e-01 3.891369404681295219e-01 2.466457938343968870e-01 1.129606595166809668e-01
0.000000000000000000e+00 0.000000000000000000e+00 2.817778478801495345e-01 1.268088938244472386e-01 2.867324824502021086e-01 1.003672415167175119e-01 0.000000000000000000e+00
0.000000000000000000e+00 0.000000000000000000e+00 1.972444935161047075e-01 8.453335436404486869e-02 1.268088938244472386e-01 1.180965054908072187e-01 0.000000000000000000e+00
0.000000000000000000e+00 7.044446197003738364e-02 2.817778478801495623e-02 9.862224675805235374e-02 5.635556957602991246e-02 0.000000000000000000e+00 0.000000000000000000e+00
