0.000000000000000000e+00 4.742481775511495634e+00 9.062019724924568198e-01 1.199339357217054314e+01 2.671904046866453086e+01 2.035434551486247301e+00 6.324617056473594290e-03
0.000000000000000000e+00 4.742481775511495634e+00 9.062019724924568198e-01 1.199339357217054314e+01 2.671904046866453086e+01 2.035434551486247301e+00 6.324617056473594290e-03
0.000000000000000000e+00 4.742481775511495634e+00 9.062019724924568198e-01 1.199339357217054314e+01 2.671904046866453086e+01 2.035434551486247301e+00 6.324617056473594290e-03
0.000000000000000000e+00 4.742481775511495634e+00 9.062019724924568198e-01 1.199339357217054314e+01 2.671904046866453086e+01 2.035434551486247301e+00 6.324617056473594290e-03
0.000000000000000000e+00 4.742481775511495634e+00 9.062019724924568198e-01 1.199339357217054314e+01 2.671904046866453086e+01 2.035434551486247301e+00 6.324617056473594290e-03
0.000000000000000000e+00 5.100693838469745778e+00 1.333559597751930426e+01 9.457810471206627989e-01 2.152859499143411171e+01 3.032549387935850049e+00 2.921567637094010100e-02
0.000000000000000000e+00 3.724867960637767261e+00 2.251419497925033042e+00 1.460717009995262217e+01 1.882052019177055513e+01 3.882165114833572073e+00 5.103340539653167945e-02
0.000000000000000000e+00 4.921587806990620706e+00 8.568633999247312616e+00 9.291960052993472274e+00 1.431428376464783092e+01 3.955230818338301368e+00 4.212685337267639031e-03
0.000000000000000000e+00 3.574744071515392640e+00 3.046645644969503408e+00 1.460715793452422062e+01 1.348381698426050868e+01 5.455170851422860956e+00 1.788924691838277015e-02
0.000000000000000000e+00 1.641261913236708336e+00 6.144888490768468436e+00 1.642205363657617312e+01 1.046364247593663954e+01 3.517403047564448215e+00 1.789381601246914713e-02
0.000000000000000000e+00 2.951699573199982662e+00 7.481368721241397068e+00 1.491721934809764250e+01 9.109052753503579680e+00 2.714875667083507249e+00 2.511543276753543941e-01
0.000000000000000000e+00 2.228225827734258147e+00 5.724758901810872658e+00 1.654927015681609959e+01 5.992619669030446516e+00 5.012674736829702660e+00 4.391010709196415118e-01
0.000000000000000000e+00 2.934458974460548042e+00 7.426549719390296289e+00 1.343801761421350527e+01 4.748413082780975181e+00 3.931444542726794555e+00 2.252701499031404264e+00
0.000000000000000000e+00 1.658379240613457428e+00 6.308721277899011604e+00 1.616076648369955038e+01 4.477066113085157006e+00 2.969502690319282046e+00 2.956718216199599958e+00
0.000000000000000000e+00 3.628876788826461246e-03 2.769850656791377652e+00 7.357555608430232041e+00 6.575877229754328646e+00 1.183634903427650187e+01 2.950420636312891531e+00
0.000000000000000000e+00 8.030033070516014258e-04 3.628876788826461246e-03 2.851478073954041292e+00 1.087323903718045237e+01 1.600884249540541759e+01 2.538366207995210178e-01
0.000000000000000000e+00 8.030033070516014258e-04 3.689215135922556117e-04 3.874991849760142770e+00 4.358935116984490321e+00 1.963600932876170901e+01 3.283669982768861462e-01
0.000000000000000000e+00 3.628876788826461246e-03 8.030033070516014258e-04 2.073969204665638166e+00 6.144987280780963346e+00 5.736388010523685743e+00 1.237913582316499550e+01
0.000000000000000000e+00 8.030033070516014258e-04 3.603341557975486592e-04 6.349066000696047318e+00 1.605906187499451221e+01 4.456530837728781003e-01 4.004313992264099675e-01
0.000000000000000000e+00 8.030033070516014258e-04 3.628876788826461246e-03 2.214471759850277888e+00 5.829845563831790756e+00 1.491608167240032401e+01 7.616872259256539379e-02
0.000000000000000000e+00 3.628876788826461246e-03 2.769850656791377652e+00 7.852369948269568134e+00 2.333280216894131343e+00 8.930164133199118837e+00 4.043886217998857169e-01
0.000000000000000000e+00 8.030033070516014258e-04 3.628876788826461246e-03 5.077316455644149684e+00 5.502386414665206615e+00 3.722381873451219736e+00 6.570756873710126733e+00
0.000000000000000000e+00 3.518822646457909348e-04 8.030033070516014258e-04 3.628876788826461246e-03 2.146051915498713658e+00 1.669055048513784456e+01 4.487154933262890721e-01
0.000000000000000000e+00 8.030033070516014258e-04 1.612180026030131552e+00 1.401454139463836457e+00 5.819794462227646292e+00 6.574386173466908012e+00 2.579036484054927136e+00
0.000000000000000000e+00 8.030033070516014258e-04 2.122848911345778689e+00 6.145018264739846359e+00 2.044130839980506043e+00 3.554261194339921826e+00 2.557907678151227326e+00
0.000000000000000000e+00 8.030033070516014258e-04 1.335800824654198408e-02 4.282138951604094190e-01 8.981014969404633064e+00 4.204696379575698195e+00 2.476418398388040565e-01
0.000000000000000000e+00 8.030033070516014258e-04 1.335800824654198408e-02 4.957927433368367609e+00 4.883856379131999326e+00 3.093669977534445614e+00 3.448820449070755245e-02
0.000000000000000000e+00 8.030033070516014258e-04 3.628876788826461246e-03 3.689215135922556117e-04 5.100693838469745778e+00 5.378682829705374147e+00 1.468530585515118059e+00
0.000000000000000000e+00 8.030033070516014258e-04 3.628876788826461246e-03 1.379152939157245739e-01 2.306689085375912107e+00 7.233908819037590199e+00 4.593257326338205382e-01
0.000000000000000000e+00 8.030033070516014258e-04 3.628876788826461246e-03 8.770926921468126247e-01 5.078259438699269879e+00 1.278944992138637105e+00 1.754292360358908454e+00
0.000000000000000000e+00 3.603341557975486592e-04 3.628876788826461246e-03 9.715250252865893082e-03 4.901387190898459423e+00 8.336235174341419807e-01 1.731432634743734766e+00
0.000000000000000000e+00 3.628876788826461246e-03 5.671534368478953203e-02 2.003769371176052250e+00 6.027398715652204642e-01 2.781618030733020941e+00 4.708937242240255339e-01
0.000000000000000000e+00 8.030033070516014258e-04 1.335800824654198408e-02 1.176985271317184223e+00 1.998366237056907080e+00 9.550049162094109700e-01 2.192358824388152549e-01
0.000000000000000000e+00 8.030033070516014258e-04 5.057003965049370470e-02 5.523931288493204583e-01 1.258896822408604343e+00 9.231886086215445042e-01 1.800978294489050391e-01
0.000000000000000000e+00 3.628876788826461246e-03 1.913307029358916889e-01 4.987023660109228262e-01 1.931140397131160813e-01 4.377696437740687396e-01 1.456890151144596968e-01
