1.491933435227375071e+01 1.024195699913893698e+00
1.917335207978185352e+00 5.141962083835483810e+01
1.917335207978185352e+00 5.141962083835483810e+01
1.491933435227375071e+01 1.024195699913893698e+00
1.082934728695452264e+01 1.600118873693376020e+00
1.988074063209004372e+00 5.031135569324325019e+01
1.082934728695452264e+01 1.600118873693376020e+00
2.697586366113417178e+00 4.085316984782085825e+01
2.194582499259522645e+00 4.540345168878010895e+01
1.082934728695452264e+01 1.600118873693376020e+00
3.127965343588511082e+00 4.037438378900611724e+01
2.266435503549435460e+00 4.406865522442518568e+01
1.049855379400283084e+01 2.201855381102621578e+00
2.009767723042460208e+00 4.621528217316171094e+01
1.012262177600683799e+01 2.307071463291059832e+00
9.545267415075617379e+00 2.801655486828833475e+00
3.448518932318709318e+00 3.713902800723268882e+01
3.300540935584220570e+00 3.849844788580033139e+01
3.801665049022672882e+00 3.496950859756822183e+01
3.129173333342971652e+00 3.971423035105149779e+01
7.936499727156824058e+00 7.654374371460002990e+00
1.082549769609598300e+01 2.112138203974124995e+00
4.853432334645042978e+00 2.644698563887558862e+01
9.863515833304777658e+00 2.796252551493072946e+00
1.051498130119107799e+01 2.181483636316188246e+00
3.349549795261690388e+00 3.813280230936322113e+01
3.290027991013693587e+00 3.964850839904099189e+01
2.491395626030602273e+00 4.274156978611650715e+01
3.448518932318709318e+00 3.713902800723268882e+01
4.048448498501352688e+00 3.281892639454061111e+01
8.454593028971830293e+00 5.158346075235584749e+00
7.865195953559499742e+00 7.705580813861679701e+00
3.614351871754769796e+00 3.581417602230666830e+01
3.867223125463361555e+00 3.390541146657108129e+01
2.266435503549435460e+00 4.406865522442518568e+01
9.008146797818074702e+00 3.737708650807763711e+00
1.012262177600683799e+01 2.307071463291059832e+00
4.224599696791861980e+00 3.131261791866841548e+01
4.096259744508354395e+00 3.233367426771958719e+01
4.096259744508354395e+00 3.233367426771958719e+01
1.051498130119107799e+01 2.181483636316188246e+00
2.443070676523199314e+00 4.370003187651123966e+01
6.235904778116139191e+00 1.740701594025458832e+01
2.443070676523199314e+00 4.370003187651123966e+01
4.515751136058614890e+00 2.910965598501265106e+01
6.875297777926647314e+00 1.344831378638173192e+01
8.332298458073708503e+00 5.632575851979252590e+00
4.960329731470700665e+00 2.601916658468975641e+01
6.169660023657055348e+00 1.821536868336723103e+01
7.706420750411996146e+00 8.159916020281588800e+00
2.697586366113417178e+00 4.085316984782085825e+01
6.968114149341392505e+00 1.242209934745711841e+01
6.962984195702005330e+00 1.320741718974093004e+01
5.327121923551795035e+00 2.287921677803277021e+01
9.959693696135548890e+00 2.412125384856838917e+00
6.146555663846194228e+00 1.896607928720125358e+01
6.169660023657055348e+00 1.821536868336723103e+01
6.599827977470859253e+00 1.484654089259273491e+01
1.985986139783230797e+00 5.104026156545499759e+01
1.988074063209004372e+00 5.031135569324325019e+01
6.169660023657055348e+00 1.821536868336723103e+01
6.440061052788754736e+00 1.697998175602585746e+01
6.968114149341392505e+00 1.242209934745711841e+01
5.561316103251273901e+00 2.170469290818682850e+01
7.041038279573830216e+00 1.172064933718099056e+01
6.968114149341392505e+00 1.242209934745711841e+01
1.011372682319026239e+01 2.319928055810409173e+00
9.959693696135548890e+00 2.412125384856838917e+00
5.676392926219000046e+00 2.092095614223130440e+01
3.453808107912368364e+00 3.671932272417191001e+01
2.443070676523199314e+00 4.370003187651123966e+01
9.421427605903449631e+00 2.987668743802185833e+00
2.443070676523199314e+00 4.370003187651123966e+01
3.127965343588511082e+00 4.037438378900611724e+01
6.146555663846194228e+00 1.896607928720125358e+01
5.306500459301370043e+00 2.334937896966523141e+01
4.588891357490354039e+00 2.847556627866400447e+01
6.036883375410583952e+00 1.917104581382818651e+01
6.810284575558191555e+00 1.430030092969567157e+01
3.290027991013693587e+00 3.964850839904099189e+01
1.985986139783230797e+00 5.104026156545499759e+01
4.515751136058614890e+00 2.910965598501265106e+01
7.340435309336895919e+00 1.060495531466752794e+01
7.254164895962295745e+00 1.094946317043848971e+01
4.284228541296052128e+00 3.094766058511788742e+01
4.699900684724682698e+00 2.782599648602257503e+01
6.868442447245326932e+00 1.400953912250365185e+01
5.940152163939678154e+00 1.945920745777413785e+01
9.158735336554837403e+00 3.737289312095471772e+00
6.599827977470859253e+00 1.484654089259273491e+01
1.082934728695452264e+01 1.600118873693376020e+00
4.422415875332063706e+00 2.995649818219126814e+01
4.422415875332063706e+00 2.995649818219126814e+01
4.984288324965236328e+00 2.556735938624165883e+01
6.594666853405961149e+00 1.540691034638934909e+01
8.819489602825722585e+00 4.246191078814603337e+00
8.752873029108496183e+00 4.546927964141218581e+00
3.991958199930305540e+00 3.339178117780882360e+01
5.154754703147059303e+00 2.465158973698874689e+01
5.327121923551795035e+00 2.287921677803277021e+01
3.975780107865897417e+00 3.379100815928771340e+01
3.867223125463361555e+00 3.390541146657108129e+01
9.262366047952170334e+00 3.123452413972163111e+00
9.214169305663645559e+00 3.655423280868209446e+00
5.124572339505720109e+00 2.506360027920005962e+01
5.154754703147059303e+00 2.465158973698874689e+01
1.082549769609598300e+01 2.112138203974124995e+00
7.155837076277141051e+00 1.164361963668596722e+01
1.082934728695452264e+01 1.600118873693376020e+00
6.036883375410583952e+00 1.917104581382818651e+01
8.120418017920272291e+00 6.586889577836271492e+00
8.017392319100512310e+00 6.694035506295771043e+00
3.522199756114676283e+00 3.648242224577339954e+01
5.167588745311543441e+00 2.415040628562783454e+01
4.759439703608274286e+00 2.686259065661806034e+01
1.012262177600683799e+01 2.307071463291059832e+00
4.703177235624734998e+00 2.750720472578183973e+01
4.483242899511834523e+00 2.959740067276758424e+01
3.127965343588511082e+00 4.037438378900611724e+01
5.124572339505720109e+00 2.506360027920005962e+01
5.077526436096578166e+00 2.536372606954078179e+01
9.545267415075617379e+00 2.801655486828833475e+00
2.697586366113417178e+00 4.085316984782085825e+01
2.697586366113417178e+00 4.085316984782085825e+01
8.292339430703913550e+00 5.952186399221507607e+00
5.667358888921063098e+00 2.139480926123799165e+01
3.614351871754769796e+00 3.581417602230666830e+01
3.717516142672402601e+00 3.534180719523600089e+01
9.421427605903449631e+00 2.987668743802185833e+00
4.588891357490354039e+00 2.847556627866400447e+01
4.622715319977959147e+00 2.800663854494163019e+01
3.975780107865897417e+00 3.379100815928771340e+01
7.706420750411996146e+00 8.159916020281588800e+00
5.443369522765662438e+00 2.255999928426219725e+01
4.343649492682242652e+00 3.049876312324075656e+01
4.284228541296052128e+00 3.094766058511788742e+01
4.405336720519647642e+00 3.033696255994506785e+01
7.041038279573830216e+00 1.172064933718099056e+01
8.925732503462008083e+00 4.181398386167081149e+00
3.975780107865897417e+00 3.379100815928771340e+01
6.010927053008295218e+00 1.929235752952912719e+01
6.349678807920740020e+00 1.735310622358803556e+01
9.356030669957288382e+00 3.064834164823756257e+00
3.448518932318709318e+00 3.713902800723268882e+01
6.146555663846194228e+00 1.896607928720125358e+01
4.630376557198710330e+00 2.797904341971266717e+01
7.234234743198578066e+00 1.117123448921265982e+01
8.709844089214616503e+00 4.751063192510843081e+00
8.925732503462008083e+00 4.181398386167081149e+00
5.667358888921063098e+00 2.139480926123799165e+01
4.031344927881383100e+00 3.316361515183238851e+01
5.208951829142479895e+00 2.390405078551776086e+01
4.405336720519647642e+00 3.033696255994506785e+01
5.491921895722711611e+00 2.205808896892558835e+01
5.490632284763068860e+00 2.245835008578298897e+01
3.717516142672402601e+00 3.534180719523600089e+01
4.729079431889374519e+00 2.711968199409766100e+01
3.349549795261690388e+00 3.813280230936322113e+01
3.349549795261690388e+00 3.813280230936322113e+01
4.031344927881383100e+00 3.316361515183238851e+01
9.863515833304777658e+00 2.796252551493072946e+00
5.306500459301370043e+00 2.334937896966523141e+01
6.818509803512180056e+00 1.429870717696530136e+01
7.340435309336895919e+00 1.060495531466752794e+01
4.405336720519647642e+00 3.033696255994506785e+01
5.490632284763068860e+00 2.245835008578298897e+01
2.443070676523199314e+00 4.370003187651123966e+01
6.594666853405961149e+00 1.540691034638934909e+01
7.555420514210934080e+00 8.802371939324835637e+00
3.349549795261690388e+00 3.813280230936322113e+01
3.300540935584220570e+00 3.849844788580033139e+01
5.306500459301370043e+00 2.334937896966523141e+01
7.629064008274341724e+00 8.721775263630757280e+00
7.671449989430151106e+00 8.357144446023895057e+00
9.262366047952170334e+00 3.123452413972163111e+00
5.490632284763068860e+00 2.245835008578298897e+01
5.491921895722711611e+00 2.205808896892558835e+01
8.453137806211492133e+00 5.510460473447564844e+00
4.729079431889374519e+00 2.711968199409766100e+01
3.614351871754769796e+00 3.581417602230666830e+01
7.555420514210934080e+00 8.802371939324835637e+00
3.129173333342971652e+00 3.971423035105149779e+01
5.667358888921063098e+00 2.139480926123799165e+01
7.191679330287833238e+00 1.151500301768698264e+01
5.800247319999778384e+00 2.024503566499801366e+01
5.776922878883482326e+00 2.049801981507809501e+01
4.759439703608274286e+00 2.686259065661806034e+01
7.524405853486232587e+00 9.023843133817202045e+00
6.962984195702005330e+00 1.320741718974093004e+01
5.800247319999778384e+00 2.024503566499801366e+01
4.703177235624734998e+00 2.750720472578183973e+01
9.421427605903449631e+00 2.987668743802185833e+00
7.936499727156824058e+00 7.654374371460002990e+00
7.865195953559499742e+00 7.705580813861679701e+00
9.008146797818074702e+00 3.737708650807763711e+00
8.254840687670196075e+00 6.058271650025910837e+00
8.925732503462008083e+00 4.181398386167081149e+00
4.483242899511834523e+00 2.959740067276758424e+01
8.413824909179975720e+00 5.546954310145538081e+00
8.017392319100512310e+00 6.694035506295771043e+00
6.214383520260212457e+00 1.803973630968788555e+01
4.822112767508015096e+00 2.674678090913842254e+01
9.158735336554837403e+00 3.737289312095471772e+00
6.146555663846194228e+00 1.896607928720125358e+01
7.191679330287833238e+00 1.151500301768698264e+01
4.984288324965236328e+00 2.556735938624165883e+01
6.599827977470859253e+00 1.484654089259273491e+01
7.629064008274341724e+00 8.721775263630757280e+00
4.588891357490354039e+00 2.847556627866400447e+01
6.968114149341392505e+00 1.242209934745711841e+01
7.041038279573830216e+00 1.172064933718099056e+01
4.471006509749585689e+00 2.972650217501558956e+01
6.968114149341392505e+00 1.242209934745711841e+01
8.242791670234037582e+00 6.331063761145372837e+00
3.975780107865897417e+00 3.379100815928771340e+01
5.491921895722711611e+00 2.205808896892558835e+01
9.214169305663645559e+00 3.655423280868209446e+00
7.155837076277141051e+00 1.164361963668596722e+01
5.491921895722711611e+00 2.205808896892558835e+01
8.709844089214616503e+00 4.751063192510843081e+00
6.962984195702005330e+00 1.320741718974093004e+01
6.594666853405961149e+00 1.540691034638934909e+01
4.031344927881383100e+00 3.316361515183238851e+01
4.960329731470700665e+00 2.601916658468975641e+01
5.731199181878677607e+00 2.066600393342843134e+01
5.676392926219000046e+00 2.092095614223130440e+01
1.082549769609598300e+01 2.112138203974124995e+00
4.960329731470700665e+00 2.601916658468975641e+01
3.867223125463361555e+00 3.390541146657108129e+01
5.859782759408084019e+00 2.014222365192083686e+01
9.356030669957288382e+00 3.064834164823756257e+00
8.254840687670196075e+00 6.058271650025910837e+00
8.292339430703913550e+00 5.952186399221507607e+00
6.204010843623123606e+00 1.815520318771024222e+01
6.860184704349332918e+00 1.408235985239620192e+01
2.443070676523199314e+00 4.370003187651123966e+01
9.262366047952170334e+00 3.123452413972163111e+00
9.356030669957288382e+00 3.064834164823756257e+00
4.822112767508015096e+00 2.674678090913842254e+01
8.120418017920272291e+00 6.586889577836271492e+00
6.594666853405961149e+00 1.540691034638934909e+01
6.875297777926647314e+00 1.344831378638173192e+01
4.343649492682242652e+00 3.049876312324075656e+01
8.413824909179975720e+00 5.546954310145538081e+00
3.453808107912368364e+00 3.671932272417191001e+01
8.194936151559371496e+00 6.400303043792878732e+00
4.224599696791861980e+00 3.131261791866841548e+01
4.284228541296052128e+00 3.094766058511788742e+01
5.859782759408084019e+00 2.014222365192083686e+01
4.343649492682242652e+00 3.049876312324075656e+01
4.422415875332063706e+00 2.995649818219126814e+01
3.991958199930305540e+00 3.339178117780882360e+01
6.010927053008295218e+00 1.929235752952912719e+01
3.127965343588511082e+00 4.037438378900611724e+01
4.515751136058614890e+00 2.910965598501265106e+01
9.214169305663645559e+00 3.655423280868209446e+00
5.731199181878677607e+00 2.066600393342843134e+01
4.963972911248800024e+00 2.577742368353798952e+01
4.422415875332063706e+00 2.995649818219126814e+01
7.671449989430151106e+00 8.357144446023895057e+00
6.169660023657055348e+00 1.821536868336723103e+01
8.740859034476546441e+00 4.607805587385558788e+00
6.875297777926647314e+00 1.344831378638173192e+01
8.453137806211492133e+00 5.510460473447564844e+00
4.471006509749585689e+00 2.972650217501558956e+01
8.819489602825722585e+00 4.246191078814603337e+00
3.717516142672402601e+00 3.534180719523600089e+01
2.443070676523199314e+00 4.370003187651123966e+01
8.242791670234037582e+00 6.331063761145372837e+00
4.096259744508354395e+00 3.233367426771958719e+01
5.490632284763068860e+00 2.245835008578298897e+01
5.443369522765662438e+00 2.255999928426219725e+01
5.776922878883482326e+00 2.049801981507809501e+01
1.988074063209004372e+00 5.031135569324325019e+01
7.671449989430151106e+00 8.357144446023895057e+00
4.343649492682242652e+00 3.049876312324075656e+01
6.860184704349332918e+00 1.408235985239620192e+01
5.167588745311543441e+00 2.415040628562783454e+01
6.860184704349332918e+00 1.408235985239620192e+01
4.699900684724682698e+00 2.782599648602257503e+01
4.822112767508015096e+00 2.674678090913842254e+01
4.699900684724682698e+00 2.782599648602257503e+01
5.731199181878677607e+00 2.066600393342843134e+01
5.768535986571758478e+00 2.064153471542415019e+01
4.822112767508015096e+00 2.674678090913842254e+01
7.191679330287833238e+00 1.151500301768698264e+01
7.671449989430151106e+00 8.357144446023895057e+00
7.706420750411996146e+00 8.159916020281588800e+00
5.859782759408084019e+00 2.014222365192083686e+01
8.169245857356697726e+00 6.533529948350732752e+00
4.588891357490354039e+00 2.847556627866400447e+01
4.622715319977959147e+00 2.800663854494163019e+01
4.471006509749585689e+00 2.972650217501558956e+01
5.154754703147059303e+00 2.465158973698874689e+01
4.622715319977959147e+00 2.800663854494163019e+01
4.822112767508015096e+00 2.674678090913842254e+01
8.740859034476546441e+00 4.607805587385558788e+00
4.759439703608274286e+00 2.686259065661806034e+01
8.709844089214616503e+00 4.751063192510843081e+00
4.759439703608274286e+00 2.686259065661806034e+01
4.822112767508015096e+00 2.674678090913842254e+01
5.490632284763068860e+00 2.245835008578298897e+01
3.290027991013693587e+00 3.964850839904099189e+01
1.012262177600683799e+01 2.307071463291059832e+00
6.868442447245326932e+00 1.400953912250365185e+01
5.443369522765662438e+00 2.255999928426219725e+01
6.204010843623123606e+00 1.815520318771024222e+01
2.009767723042460208e+00 4.621528217316171094e+01
1.012262177600683799e+01 2.307071463291059832e+00
4.963972911248800024e+00 2.577742368353798952e+01
7.041038279573830216e+00 1.172064933718099056e+01
6.860184704349332918e+00 1.408235985239620192e+01
6.235904778116139191e+00 1.740701594025458832e+01
1.051498130119107799e+01 2.181483636316188246e+00
8.242791670234037582e+00 6.331063761145372837e+00
4.422415875332063706e+00 2.995649818219126814e+01
8.925732503462008083e+00 4.181398386167081149e+00
3.290027991013693587e+00 3.964850839904099189e+01
1.051498130119107799e+01 2.181483636316188246e+00
8.242791670234037582e+00 6.331063761145372837e+00
8.740859034476546441e+00 4.607805587385558788e+00
9.356030669957288382e+00 3.064834164823756257e+00
8.925732503462008083e+00 4.181398386167081149e+00
4.622715319977959147e+00 2.800663854494163019e+01
5.731199181878677607e+00 2.066600393342843134e+01
6.235904778116139191e+00 1.740701594025458832e+01
5.676392926219000046e+00 2.092095614223130440e+01
4.031344927881383100e+00 3.316361515183238851e+01
1.011372682319026239e+01 2.319928055810409173e+00
2.443070676523199314e+00 4.370003187651123966e+01
3.300540935584220570e+00 3.849844788580033139e+01
4.483242899511834523e+00 2.959740067276758424e+01
5.676392926219000046e+00 2.092095614223130440e+01
1.049855379400283084e+01 2.201855381102621578e+00
6.146555663846194228e+00 1.896607928720125358e+01
6.818509803512180056e+00 1.429870717696530136e+01
5.768535986571758478e+00 2.064153471542415019e+01
6.875297777926647314e+00 1.344831378638173192e+01
1.051498130119107799e+01 2.181483636316188246e+00
5.731199181878677607e+00 2.066600393342843134e+01
5.167588745311543441e+00 2.415040628562783454e+01
1.082934728695452264e+01 1.600118873693376020e+00
4.822112767508015096e+00 2.674678090913842254e+01
6.968114149341392505e+00 1.242209934745711841e+01
6.146555663846194228e+00 1.896607928720125358e+01
9.545267415075617379e+00 2.801655486828833475e+00
6.810284575558191555e+00 1.430030092969567157e+01
8.925732503462008083e+00 4.181398386167081149e+00
4.822112767508015096e+00 2.674678090913842254e+01
3.300540935584220570e+00 3.849844788580033139e+01
4.960329731470700665e+00 2.601916658468975641e+01
3.614351871754769796e+00 3.581417602230666830e+01
5.731199181878677607e+00 2.066600393342843134e+01
7.706420750411996146e+00 8.159916020281588800e+00
6.594666853405961149e+00 1.540691034638934909e+01
9.545267415075617379e+00 2.801655486828833475e+00
2.443070676523199314e+00 4.370003187651123966e+01
1.049855379400283084e+01 2.201855381102621578e+00
4.703177235624734998e+00 2.750720472578183973e+01
7.191679330287833238e+00 1.151500301768698264e+01
9.262366047952170334e+00 3.123452413972163111e+00
1.988074063209004372e+00 5.031135569324325019e+01
4.515751136058614890e+00 2.910965598501265106e+01
8.169245857356697726e+00 6.533529948350732752e+00
7.671449989430151106e+00 8.357144446023895057e+00
7.629064008274341724e+00 8.721775263630757280e+00
2.443070676523199314e+00 4.370003187651123966e+01
4.096259744508354395e+00 3.233367426771958719e+01
9.356030669957288382e+00 3.064834164823756257e+00
6.146555663846194228e+00 1.896607928720125358e+01
7.191679330287833238e+00 1.151500301768698264e+01
4.699900684724682698e+00 2.782599648602257503e+01
4.471006509749585689e+00 2.972650217501558956e+01
3.290027991013693587e+00 3.964850839904099189e+01
7.191679330287833238e+00 1.151500301768698264e+01
5.776922878883482326e+00 2.049801981507809501e+01
8.413824909179975720e+00 5.546954310145538081e+00
1.049855379400283084e+01 2.201855381102621578e+00
8.242791670234037582e+00 6.331063761145372837e+00
3.991958199930305540e+00 3.339178117780882360e+01
4.588891357490354039e+00 2.847556627866400447e+01
3.717516142672402601e+00 3.534180719523600089e+01
2.697586366113417178e+00 4.085316984782085825e+01
8.169245857356697726e+00 6.533529948350732752e+00
7.671449989430151106e+00 8.357144446023895057e+00
4.588891357490354039e+00 2.847556627866400447e+01
6.349678807920740020e+00 1.735310622358803556e+01
4.405336720519647642e+00 3.033696255994506785e+01
5.731199181878677607e+00 2.066600393342843134e+01
4.224599696791861980e+00 3.131261791866841548e+01
6.860184704349332918e+00 1.408235985239620192e+01
3.801665049022672882e+00 3.496950859756822183e+01
1.082934728695452264e+01 1.600118873693376020e+00
3.300540935584220570e+00 3.849844788580033139e+01
9.863515833304777658e+00 2.796252551493072946e+00
1.082934728695452264e+01 1.600118873693376020e+00
8.413824909179975720e+00 5.546954310145538081e+00
3.801665049022672882e+00 3.496950859756822183e+01
4.984288324965236328e+00 2.556735938624165883e+01
3.129173333342971652e+00 3.971423035105149779e+01
4.343649492682242652e+00 3.049876312324075656e+01
8.642068624056006954e+00 4.909038197951884896e+00
3.129173333342971652e+00 3.971423035105149779e+01
6.010927053008295218e+00 1.929235752952912719e+01
8.642068624056006954e+00 4.909038197951884896e+00
2.443070676523199314e+00 4.370003187651123966e+01
6.217885830275195147e+00 1.790449199566357663e+01
3.717516142672402601e+00 3.534180719523600089e+01
3.127965343588511082e+00 4.037438378900611724e+01
5.491921895722711611e+00 2.205808896892558835e+01
7.706420750411996146e+00 8.159916020281588800e+00
4.284228541296052128e+00 3.094766058511788742e+01
6.968114149341392505e+00 1.242209934745711841e+01
3.129173333342971652e+00 3.971423035105149779e+01
3.300540935584220570e+00 3.849844788580033139e+01
4.284228541296052128e+00 3.094766058511788742e+01
4.343649492682242652e+00 3.049876312324075656e+01
5.768535986571758478e+00 2.064153471542415019e+01
2.194582499259522645e+00 4.540345168878010895e+01
8.413824909179975720e+00 5.546954310145538081e+00
6.818509803512180056e+00 1.429870717696530136e+01
1.082934728695452264e+01 1.600118873693376020e+00
7.524405853486232587e+00 9.023843133817202045e+00
2.009767723042460208e+00 4.621528217316171094e+01
1.988074063209004372e+00 5.031135569324325019e+01
6.217885830275195147e+00 1.790449199566357663e+01
3.129173333342971652e+00 3.971423035105149779e+01
6.349678807920740020e+00 1.735310622358803556e+01
6.349678807920740020e+00 1.735310622358803556e+01
7.865195953559499742e+00 7.705580813861679701e+00
1.082549769609598300e+01 2.112138203974124995e+00
1.082934728695452264e+01 1.600118873693376020e+00
6.962984195702005330e+00 1.320741718974093004e+01
6.010927053008295218e+00 1.929235752952912719e+01
6.875297777926647314e+00 1.344831378638173192e+01
3.300540935584220570e+00 3.849844788580033139e+01
3.127965343588511082e+00 4.037438378900611724e+01
6.968114149341392505e+00 1.242209934745711841e+01
9.545267415075617379e+00 2.801655486828833475e+00
1.082934728695452264e+01 1.600118873693376020e+00
9.008146797818074702e+00 3.737708650807763711e+00
9.863515833304777658e+00 2.796252551493072946e+00
2.443070676523199314e+00 4.370003187651123966e+01
7.671449989430151106e+00 8.357144446023895057e+00
9.158735336554837403e+00 3.737289312095471772e+00
6.875297777926647314e+00 1.344831378638173192e+01
8.254840687670196075e+00 6.058271650025910837e+00
3.129173333342971652e+00 3.971423035105149779e+01
4.984288324965236328e+00 2.556735938624165883e+01
1.049855379400283084e+01 2.201855381102621578e+00
8.740859034476546441e+00 4.607805587385558788e+00
3.867223125463361555e+00 3.390541146657108129e+01
3.717516142672402601e+00 3.534180719523600089e+01
1.049855379400283084e+01 2.201855381102621578e+00
4.759439703608274286e+00 2.686259065661806034e+01
1.491933435227375071e+01 1.024195699913893698e+00
9.959693696135548890e+00 2.412125384856838917e+00
5.731199181878677607e+00 2.066600393342843134e+01
8.740859034476546441e+00 4.607805587385558788e+00
5.306500459301370043e+00 2.334937896966523141e+01
3.129173333342971652e+00 3.971423035105149779e+01
7.865195953559499742e+00 7.705580813861679701e+00
3.349549795261690388e+00 3.813280230936322113e+01
8.413824909179975720e+00 5.546954310145538081e+00
3.991958199930305540e+00 3.339178117780882360e+01
9.262366047952170334e+00 3.123452413972163111e+00
8.925732503462008083e+00 4.181398386167081149e+00
8.642068624056006954e+00 4.909038197951884896e+00
5.306500459301370043e+00 2.334937896966523141e+01
9.863515833304777658e+00 2.796252551493072946e+00
6.594666853405961149e+00 1.540691034638934909e+01
8.925732503462008083e+00 4.181398386167081149e+00
1.491933435227375071e+01 1.024195699913893698e+00
1.082934728695452264e+01 1.600118873693376020e+00
6.875297777926647314e+00 1.344831378638173192e+01
2.697586366113417178e+00 4.085316984782085825e+01
8.642068624056006954e+00 4.909038197951884896e+00
5.306500459301370043e+00 2.334937896966523141e+01
8.925732503462008083e+00 4.181398386167081149e+00
8.740859034476546441e+00 4.607805587385558788e+00
3.129173333342971652e+00 3.971423035105149779e+01
6.818509803512180056e+00 1.429870717696530136e+01
2.443070676523199314e+00 4.370003187651123966e+01
6.349678807920740020e+00 1.735310622358803556e+01
5.208951829142479895e+00 2.390405078551776086e+01
4.630376557198710330e+00 2.797904341971266717e+01
5.490632284763068860e+00 2.245835008578298897e+01
3.717516142672402601e+00 3.534180719523600089e+01
4.471006509749585689e+00 2.972650217501558956e+01
3.129173333342971652e+00 3.971423035105149779e+01
4.515751136058614890e+00 2.910965598501265106e+01
7.041038279573830216e+00 1.172064933718099056e+01
2.697586366113417178e+00 4.085316984782085825e+01
4.224599696791861980e+00 3.131261791866841548e+01
9.545267415075617379e+00 2.801655486828833475e+00
3.127965343588511082e+00 4.037438378900611724e+01
1.985986139783230797e+00 5.104026156545499759e+01
3.717516142672402601e+00 3.534180719523600089e+01
1.082549769609598300e+01 2.112138203974124995e+00
5.443369522765662438e+00 2.255999928426219725e+01
7.041038279573830216e+00 1.172064933718099056e+01
4.096259744508354395e+00 3.233367426771958719e+01
3.453808107912368364e+00 3.671932272417191001e+01
9.863515833304777658e+00 2.796252551493072946e+00
6.860184704349332918e+00 1.408235985239620192e+01
8.925732503462008083e+00 4.181398386167081149e+00
3.991958199930305540e+00 3.339178117780882360e+01
3.448518932318709318e+00 3.713902800723268882e+01
1.082934728695452264e+01 1.600118873693376020e+00
2.009767723042460208e+00 4.621528217316171094e+01
9.158735336554837403e+00 3.737289312095471772e+00
6.169660023657055348e+00 1.821536868336723103e+01
1.051498130119107799e+01 2.181483636316188246e+00
4.405336720519647642e+00 3.033696255994506785e+01
4.630376557198710330e+00 2.797904341971266717e+01
3.448518932318709318e+00 3.713902800723268882e+01
4.471006509749585689e+00 2.972650217501558956e+01
5.667358888921063098e+00 2.139480926123799165e+01
3.801665049022672882e+00 3.496950859756822183e+01
6.349678807920740020e+00 1.735310622358803556e+01
7.155837076277141051e+00 1.164361963668596722e+01
3.975780107865897417e+00 3.379100815928771340e+01
9.863515833304777658e+00 2.796252551493072946e+00
4.224599696791861980e+00 3.131261791866841548e+01
1.082934728695452264e+01 1.600118873693376020e+00
1.917335207978185352e+00 5.141962083835483810e+01
4.759439703608274286e+00 2.686259065661806034e+01
3.300540935584220570e+00 3.849844788580033139e+01
4.224599696791861980e+00 3.131261791866841548e+01
3.991958199930305540e+00 3.339178117780882360e+01
6.720050663547304737e+00 1.457471532862814101e+01
5.124572339505720109e+00 2.506360027920005962e+01
1.082934728695452264e+01 1.600118873693376020e+00
5.676392926219000046e+00 2.092095614223130440e+01
4.729079431889374519e+00 2.711968199409766100e+01
8.413824909179975720e+00 5.546954310145538081e+00
5.327121923551795035e+00 2.287921677803277021e+01
5.306500459301370043e+00 2.334937896966523141e+01
6.010927053008295218e+00 1.929235752952912719e+01
8.642068624056006954e+00 4.909038197951884896e+00
9.959693696135548890e+00 2.412125384856838917e+00
5.768535986571758478e+00 2.064153471542415019e+01
8.642068624056006954e+00 4.909038197951884896e+00
6.968114149341392505e+00 1.242209934745711841e+01
8.242791670234037582e+00 6.331063761145372837e+00
5.124572339505720109e+00 2.506360027920005962e+01
1.082549769609598300e+01 2.112138203974124995e+00
5.667358888921063098e+00 2.139480926123799165e+01
9.545267415075617379e+00 2.801655486828833475e+00
6.962984195702005330e+00 1.320741718974093004e+01
1.988074063209004372e+00 5.031135569324325019e+01
4.224599696791861980e+00 3.131261791866841548e+01
8.925732503462008083e+00 4.181398386167081149e+00
4.422415875332063706e+00 2.995649818219126814e+01
4.096259744508354395e+00 3.233367426771958719e+01
8.925732503462008083e+00 4.181398386167081149e+00
8.819489602825722585e+00 4.246191078814603337e+00
4.224599696791861980e+00 3.131261791866841548e+01
5.490632284763068860e+00 2.245835008578298897e+01
1.988074063209004372e+00 5.031135569324325019e+01
7.340435309336895919e+00 1.060495531466752794e+01
3.129173333342971652e+00 3.971423035105149779e+01
9.262366047952170334e+00 3.123452413972163111e+00
8.413824909179975720e+00 5.546954310145538081e+00
5.768535986571758478e+00 2.064153471542415019e+01
5.768535986571758478e+00 2.064153471542415019e+01
6.349678807920740020e+00 1.735310622358803556e+01
4.703177235624734998e+00 2.750720472578183973e+01
4.822112767508015096e+00 2.674678090913842254e+01
6.594666853405961149e+00 1.540691034638934909e+01
4.588891357490354039e+00 2.847556627866400447e+01
4.343649492682242652e+00 3.049876312324075656e+01
8.925732503462008083e+00 4.181398386167081149e+00
7.671449989430151106e+00 8.357144446023895057e+00
9.545267415075617379e+00 2.801655486828833475e+00
5.667358888921063098e+00 2.139480926123799165e+01
5.443369522765662438e+00 2.255999928426219725e+01
8.254840687670196075e+00 6.058271650025910837e+00
3.975780107865897417e+00 3.379100815928771340e+01
9.214169305663645559e+00 3.655423280868209446e+00
7.155837076277141051e+00 1.164361963668596722e+01
5.491921895722711611e+00 2.205808896892558835e+01
6.962984195702005330e+00 1.320741718974093004e+01
5.731199181878677607e+00 2.066600393342843134e+01
5.676392926219000046e+00 2.092095614223130440e+01
4.960329731470700665e+00 2.601916658468975641e+01
3.867223125463361555e+00 3.390541146657108129e+01
5.859782759408084019e+00 2.014222365192083686e+01
8.292339430703913550e+00 5.952186399221507607e+00
6.204010843623123606e+00 1.815520318771024222e+01
9.262366047952170334e+00 3.123452413972163111e+00
8.120418017920272291e+00 6.586889577836271492e+00
6.594666853405961149e+00 1.540691034638934909e+01
4.343649492682242652e+00 3.049876312324075656e+01
3.453808107912368364e+00 3.671932272417191001e+01
8.194936151559371496e+00 6.400303043792878732e+00
4.224599696791861980e+00 3.131261791866841548e+01
4.284228541296052128e+00 3.094766058511788742e+01
8.254840687670196075e+00 6.058271650025910837e+00
8.453137806211492133e+00 5.510460473447564844e+00
4.729079431889374519e+00 2.711968199409766100e+01
3.614351871754769796e+00 3.581417602230666830e+01
7.555420514210934080e+00 8.802371939324835637e+00
3.129173333342971652e+00 3.971423035105149779e+01
5.667358888921063098e+00 2.139480926123799165e+01
7.191679330287833238e+00 1.151500301768698264e+01
6.962984195702005330e+00 1.320741718974093004e+01
5.800247319999778384e+00 2.024503566499801366e+01
4.703177235624734998e+00 2.750720472578183973e+01
7.865195953559499742e+00 7.705580813861679701e+00
5.859782759408084019e+00 2.014222365192083686e+01
8.925732503462008083e+00 4.181398386167081149e+00
8.413824909179975720e+00 5.546954310145538081e+00
8.017392319100512310e+00 6.694035506295771043e+00
6.214383520260212457e+00 1.803973630968788555e+01
9.158735336554837403e+00 3.737289312095471772e+00
6.146555663846194228e+00 1.896607928720125358e+01
6.599827977470859253e+00 1.484654089259273491e+01
7.629064008274341724e+00 8.721775263630757280e+00
4.588891357490354039e+00 2.847556627866400447e+01
7.041038279573830216e+00 1.172064933718099056e+01
4.622715319977959147e+00 2.800663854494163019e+01
4.622715319977959147e+00 2.800663854494163019e+01
8.740859034476546441e+00 4.607805587385558788e+00
8.709844089214616503e+00 4.751063192510843081e+00
4.822112767508015096e+00 2.674678090913842254e+01
5.490632284763068860e+00 2.245835008578298897e+01
5.443369522765662438e+00 2.255999928426219725e+01
6.204010843623123606e+00 1.815520318771024222e+01
7.671449989430151106e+00 8.357144446023895057e+00
2.009767723042460208e+00 4.621528217316171094e+01
1.012262177600683799e+01 2.307071463291059832e+00
6.860184704349332918e+00 1.408235985239620192e+01
4.422415875332063706e+00 2.995649818219126814e+01
3.290027991013693587e+00 3.964850839904099189e+01
8.242791670234037582e+00 6.331063761145372837e+00
8.740859034476546441e+00 4.607805587385558788e+00
9.356030669957288382e+00 3.064834164823756257e+00
4.622715319977959147e+00 2.800663854494163019e+01
5.731199181878677607e+00 2.066600393342843134e+01
4.096259744508354395e+00 3.233367426771958719e+01
4.422415875332063706e+00 2.995649818219126814e+01
3.991958199930305540e+00 3.339178117780882360e+01
4.515751136058614890e+00 2.910965598501265106e+01
9.214169305663645559e+00 3.655423280868209446e+00
4.422415875332063706e+00 2.995649818219126814e+01
6.169660023657055348e+00 1.821536868336723103e+01
6.875297777926647314e+00 1.344831378638173192e+01
4.471006509749585689e+00 2.972650217501558956e+01
8.819489602825722585e+00 4.246191078814603337e+00
3.717516142672402601e+00 3.534180719523600089e+01
5.491921895722711611e+00 2.205808896892558835e+01
5.443369522765662438e+00 2.255999928426219725e+01
5.776922878883482326e+00 2.049801981507809501e+01
1.988074063209004372e+00 5.031135569324325019e+01
7.671449989430151106e+00 8.357144446023895057e+00
5.167588745311543441e+00 2.415040628562783454e+01
4.699900684724682698e+00 2.782599648602257503e+01
4.822112767508015096e+00 2.674678090913842254e+01
7.191679330287833238e+00 1.151500301768698264e+01
4.699900684724682698e+00 2.782599648602257503e+01
1.011372682319026239e+01 2.319928055810409173e+00
9.959693696135548890e+00 2.412125384856838917e+00
3.453808107912368364e+00 3.671932272417191001e+01
2.443070676523199314e+00 4.370003187651123966e+01
5.306500459301370043e+00 2.334937896966523141e+01
4.588891357490354039e+00 2.847556627866400447e+01
3.290027991013693587e+00 3.964850839904099189e+01
1.985986139783230797e+00 5.104026156545499759e+01
7.340435309336895919e+00 1.060495531466752794e+01
7.254164895962295745e+00 1.094946317043848971e+01
4.284228541296052128e+00 3.094766058511788742e+01
6.968114149341392505e+00 1.242209934745711841e+01
6.868442447245326932e+00 1.400953912250365185e+01
4.048448498501352688e+00 3.281892639454061111e+01
6.599827977470859253e+00 1.484654089259273491e+01
1.082934728695452264e+01 1.600118873693376020e+00
4.984288324965236328e+00 2.556735938624165883e+01
6.594666853405961149e+00 1.540691034638934909e+01
8.752873029108496183e+00 4.546927964141218581e+00
5.327121923551795035e+00 2.287921677803277021e+01
3.867223125463361555e+00 3.390541146657108129e+01
9.262366047952170334e+00 3.123452413972163111e+00
5.124572339505720109e+00 2.506360027920005962e+01
8.332298458073708503e+00 5.632575851979252590e+00
7.865195953559499742e+00 7.705580813861679701e+00
3.614351871754769796e+00 3.581417602230666830e+01
3.867223125463361555e+00 3.390541146657108129e+01
2.266435503549435460e+00 4.406865522442518568e+01
4.224599696791861980e+00 3.131261791866841548e+01
4.096259744508354395e+00 3.233367426771958719e+01
4.096259744508354395e+00 3.233367426771958719e+01
1.051498130119107799e+01 2.181483636316188246e+00
6.235904778116139191e+00 1.740701594025458832e+01
4.515751136058614890e+00 2.910965598501265106e+01
6.875297777926647314e+00 1.344831378638173192e+01
3.448518932318709318e+00 3.713902800723268882e+01
4.960329731470700665e+00 2.601916658468975641e+01
7.706420750411996146e+00 8.159916020281588800e+00
2.697586366113417178e+00 4.085316984782085825e+01
6.968114149341392505e+00 1.242209934745711841e+01
6.962984195702005330e+00 1.320741718974093004e+01
5.327121923551795035e+00 2.287921677803277021e+01
9.959693696135548890e+00 2.412125384856838917e+00
6.169660023657055348e+00 1.821536868336723103e+01
6.440061052788754736e+00 1.697998175602585746e+01
7.041038279573830216e+00 1.172064933718099056e+01
3.349549795261690388e+00 3.813280230936322113e+01
6.146555663846194228e+00 1.896607928720125358e+01
2.491395626030602273e+00 4.274156978611650715e+01
7.234234743198578066e+00 1.117123448921265982e+01
8.709844089214616503e+00 4.751063192510843081e+00
8.925732503462008083e+00 4.181398386167081149e+00
5.667358888921063098e+00 2.139480926123799165e+01
4.031344927881383100e+00 3.316361515183238851e+01
5.491921895722711611e+00 2.205808896892558835e+01
3.717516142672402601e+00 3.534180719523600089e+01
4.729079431889374519e+00 2.711968199409766100e+01
3.349549795261690388e+00 3.813280230936322113e+01
3.448518932318709318e+00 3.713902800723268882e+01
9.863515833304777658e+00 2.796252551493072946e+00
7.340435309336895919e+00 1.060495531466752794e+01
4.405336720519647642e+00 3.033696255994506785e+01
6.594666853405961149e+00 1.540691034638934909e+01
3.349549795261690388e+00 3.813280230936322113e+01
3.300540935584220570e+00 3.849844788580033139e+01
5.306500459301370043e+00 2.334937896966523141e+01
7.629064008274341724e+00 8.721775263630757280e+00
7.671449989430151106e+00 8.357144446023895057e+00
9.262366047952170334e+00 3.123452413972163111e+00
5.490632284763068860e+00 2.245835008578298897e+01
3.614351871754769796e+00 3.581417602230666830e+01
1.082934728695452264e+01 1.600118873693376020e+00
6.036883375410583952e+00 1.917104581382818651e+01
8.120418017920272291e+00 6.586889577836271492e+00
8.017392319100512310e+00 6.694035506295771043e+00
3.522199756114676283e+00 3.648242224577339954e+01
1.012262177600683799e+01 2.307071463291059832e+00
4.703177235624734998e+00 2.750720472578183973e+01
3.127965343588511082e+00 4.037438378900611724e+01
5.124572339505720109e+00 2.506360027920005962e+01
5.077526436096578166e+00 2.536372606954078179e+01
5.667358888921063098e+00 2.139480926123799165e+01
6.235904778116139191e+00 1.740701594025458832e+01
3.717516142672402601e+00 3.534180719523600089e+01
4.588891357490354039e+00 2.847556627866400447e+01
5.443369522765662438e+00 2.255999928426219725e+01
4.343649492682242652e+00 3.049876312324075656e+01
4.284228541296052128e+00 3.094766058511788742e+01
7.041038279573830216e+00 1.172064933718099056e+01
8.925732503462008083e+00 4.181398386167081149e+00
3.975780107865897417e+00 3.379100815928771340e+01
6.010927053008295218e+00 1.929235752952912719e+01
8.925732503462008083e+00 4.181398386167081149e+00
2.697586366113417178e+00 4.085316984782085825e+01
8.642068624056006954e+00 4.909038197951884896e+00
5.306500459301370043e+00 2.334937896966523141e+01
8.454593028971830293e+00 5.158346075235584749e+00
3.129173333342971652e+00 3.971423035105149779e+01
6.349678807920740020e+00 1.735310622358803556e+01
5.208951829142479895e+00 2.390405078551776086e+01
4.630376557198710330e+00 2.797904341971266717e+01
3.717516142672402601e+00 3.534180719523600089e+01
6.594666853405961149e+00 1.540691034638934909e+01
3.129173333342971652e+00 3.971423035105149779e+01
4.515751136058614890e+00 2.910965598501265106e+01
2.697586366113417178e+00 4.085316984782085825e+01
4.224599696791861980e+00 3.131261791866841548e+01
1.985986139783230797e+00 5.104026156545499759e+01
9.863515833304777658e+00 2.796252551493072946e+00
1.082549769609598300e+01 2.112138203974124995e+00
5.443369522765662438e+00 2.255999928426219725e+01
7.041038279573830216e+00 1.172064933718099056e+01
4.096259744508354395e+00 3.233367426771958719e+01
3.453808107912368364e+00 3.671932272417191001e+01
8.740859034476546441e+00 4.607805587385558788e+00
2.443070676523199314e+00 4.370003187651123966e+01
7.671449989430151106e+00 8.357144446023895057e+00
6.875297777926647314e+00 1.344831378638173192e+01
8.254840687670196075e+00 6.058271650025910837e+00
4.984288324965236328e+00 2.556735938624165883e+01
1.049855379400283084e+01 2.201855381102621578e+00
8.740859034476546441e+00 4.607805587385558788e+00
3.717516142672402601e+00 3.534180719523600089e+01
4.759439703608274286e+00 2.686259065661806034e+01
9.959693696135548890e+00 2.412125384856838917e+00
5.731199181878677607e+00 2.066600393342843134e+01
9.863515833304777658e+00 2.796252551493072946e+00
5.306500459301370043e+00 2.334937896966523141e+01
3.129173333342971652e+00 3.971423035105149779e+01
3.349549795261690388e+00 3.813280230936322113e+01
8.413824909179975720e+00 5.546954310145538081e+00
3.991958199930305540e+00 3.339178117780882360e+01
9.262366047952170334e+00 3.123452413972163111e+00
8.925732503462008083e+00 4.181398386167081149e+00
8.642068624056006954e+00 4.909038197951884896e+00
5.306500459301370043e+00 2.334937896966523141e+01
9.863515833304777658e+00 2.796252551493072946e+00
4.224599696791861980e+00 3.131261791866841548e+01
8.642068624056006954e+00 4.909038197951884896e+00
6.968114149341392505e+00 1.242209934745711841e+01
5.124572339505720109e+00 2.506360027920005962e+01
5.667358888921063098e+00 2.139480926123799165e+01
9.545267415075617379e+00 2.801655486828833475e+00
6.962984195702005330e+00 1.320741718974093004e+01
7.936499727156824058e+00 7.654374371460002990e+00
4.224599696791861980e+00 3.131261791866841548e+01
8.925732503462008083e+00 4.181398386167081149e+00
4.422415875332063706e+00 2.995649818219126814e+01
8.925732503462008083e+00 4.181398386167081149e+00
5.768535986571758478e+00 2.064153471542415019e+01
5.490632284763068860e+00 2.245835008578298897e+01
3.129173333342971652e+00 3.971423035105149779e+01
5.768535986571758478e+00 2.064153471542415019e+01
6.349678807920740020e+00 1.735310622358803556e+01
4.703177235624734998e+00 2.750720472578183973e+01
4.822112767508015096e+00 2.674678090913842254e+01
8.925732503462008083e+00 4.181398386167081149e+00
5.667358888921063098e+00 2.139480926123799165e+01
5.443369522765662438e+00 2.255999928426219725e+01
4.224599696791861980e+00 3.131261791866841548e+01
6.860184704349332918e+00 1.408235985239620192e+01
3.991958199930305540e+00 3.339178117780882360e+01
1.082934728695452264e+01 1.600118873693376020e+00
2.009767723042460208e+00 4.621528217316171094e+01
9.158735336554837403e+00 3.737289312095471772e+00
6.169660023657055348e+00 1.821536868336723103e+01
4.853432334645042978e+00 2.644698563887558862e+01
4.471006509749585689e+00 2.972650217501558956e+01
7.155837076277141051e+00 1.164361963668596722e+01
3.975780107865897417e+00 3.379100815928771340e+01
9.863515833304777658e+00 2.796252551493072946e+00
9.863515833304777658e+00 2.796252551493072946e+00
1.917335207978185352e+00 5.141962083835483810e+01
3.300540935584220570e+00 3.849844788580033139e+01
4.224599696791861980e+00 3.131261791866841548e+01
6.720050663547304737e+00 1.457471532862814101e+01
5.676392926219000046e+00 2.092095614223130440e+01
4.729079431889374519e+00 2.711968199409766100e+01
5.306500459301370043e+00 2.334937896966523141e+01
6.010927053008295218e+00 1.929235752952912719e+01
8.642068624056006954e+00 4.909038197951884896e+00
9.959693696135548890e+00 2.412125384856838917e+00
3.290027991013693587e+00 3.964850839904099189e+01
9.262366047952170334e+00 3.123452413972163111e+00
1.988074063209004372e+00 5.031135569324325019e+01
4.515751136058614890e+00 2.910965598501265106e+01
7.629064008274341724e+00 8.721775263630757280e+00
2.443070676523199314e+00 4.370003187651123966e+01
4.096259744508354395e+00 3.233367426771958719e+01
6.146555663846194228e+00 1.896607928720125358e+01
7.191679330287833238e+00 1.151500301768698264e+01
4.699900684724682698e+00 2.782599648602257503e+01
4.471006509749585689e+00 2.972650217501558956e+01
7.191679330287833238e+00 1.151500301768698264e+01
7.191679330287833238e+00 1.151500301768698264e+01
5.776922878883482326e+00 2.049801981507809501e+01
8.413824909179975720e+00 5.546954310145538081e+00
3.991958199930305540e+00 3.339178117780882360e+01
3.717516142672402601e+00 3.534180719523600089e+01
2.697586366113417178e+00 4.085316984782085825e+01
7.671449989430151106e+00 8.357144446023895057e+00
6.349678807920740020e+00 1.735310622358803556e+01
5.731199181878677607e+00 2.066600393342843134e+01
4.224599696791861980e+00 3.131261791866841548e+01
4.822112767508015096e+00 2.674678090913842254e+01
5.676392926219000046e+00 2.092095614223130440e+01
4.031344927881383100e+00 3.316361515183238851e+01
1.011372682319026239e+01 2.319928055810409173e+00
2.443070676523199314e+00 4.370003187651123966e+01
6.818509803512180056e+00 1.429870717696530136e+01
5.768535986571758478e+00 2.064153471542415019e+01
6.875297777926647314e+00 1.344831378638173192e+01
1.051498130119107799e+01 2.181483636316188246e+00
5.167588745311543441e+00 2.415040628562783454e+01
1.082934728695452264e+01 1.600118873693376020e+00
3.801665049022672882e+00 3.496950859756822183e+01
6.968114149341392505e+00 1.242209934745711841e+01
6.146555663846194228e+00 1.896607928720125358e+01
9.545267415075617379e+00 2.801655486828833475e+00
6.810284575558191555e+00 1.430030092969567157e+01
8.925732503462008083e+00 4.181398386167081149e+00
3.300540935584220570e+00 3.849844788580033139e+01
4.960329731470700665e+00 2.601916658468975641e+01
7.706420750411996146e+00 8.159916020281588800e+00
9.545267415075617379e+00 2.801655486828833475e+00
2.443070676523199314e+00 4.370003187651123966e+01
4.703177235624734998e+00 2.750720472578183973e+01
3.129173333342971652e+00 3.971423035105149779e+01
3.300540935584220570e+00 3.849844788580033139e+01
4.284228541296052128e+00 3.094766058511788742e+01
4.343649492682242652e+00 3.049876312324075656e+01
5.768535986571758478e+00 2.064153471542415019e+01
2.194582499259522645e+00 4.540345168878010895e+01
7.524405853486232587e+00 9.023843133817202045e+00
2.009767723042460208e+00 4.621528217316171094e+01
1.988074063209004372e+00 5.031135569324325019e+01
6.217885830275195147e+00 1.790449199566357663e+01
3.129173333342971652e+00 3.971423035105149779e+01
6.349678807920740020e+00 1.735310622358803556e+01
7.865195953559499742e+00 7.705580813861679701e+00
1.082549769609598300e+01 2.112138203974124995e+00
1.082934728695452264e+01 1.600118873693376020e+00
6.010927053008295218e+00 1.929235752952912719e+01
6.875297777926647314e+00 1.344831378638173192e+01
3.300540935584220570e+00 3.849844788580033139e+01
9.545267415075617379e+00 2.801655486828833475e+00
1.082934728695452264e+01 1.600118873693376020e+00
9.008146797818074702e+00 3.737708650807763711e+00
1.082934728695452264e+01 1.600118873693376020e+00
3.300540935584220570e+00 3.849844788580033139e+01
9.863515833304777658e+00 2.796252551493072946e+00
1.082934728695452264e+01 1.600118873693376020e+00
8.413824909179975720e+00 5.546954310145538081e+00
3.801665049022672882e+00 3.496950859756822183e+01
3.129173333342971652e+00 3.971423035105149779e+01
4.343649492682242652e+00 3.049876312324075656e+01
8.254840687670196075e+00 6.058271650025910837e+00
8.642068624056006954e+00 4.909038197951884896e+00
6.010927053008295218e+00 1.929235752952912719e+01
8.642068624056006954e+00 4.909038197951884896e+00
6.217885830275195147e+00 1.790449199566357663e+01
3.127965343588511082e+00 4.037438378900611724e+01
5.491921895722711611e+00 2.205808896892558835e+01
7.706420750411996146e+00 8.159916020281588800e+00
4.284228541296052128e+00 3.094766058511788742e+01
6.968114149341392505e+00 1.242209934745711841e+01
7.408797904333843221e+00 1.008310033668004735e+01
9.545267415075617379e+00 2.801655486828833475e+00
3.349549795261690388e+00 3.813280230936322113e+01
6.875297777926647314e+00 1.344831378638173192e+01
4.515751136058614890e+00 2.910965598501265106e+01
7.671449989430151106e+00 8.357144446023895057e+00
3.801665049022672882e+00 3.496950859756822183e+01
6.349678807920740020e+00 1.735310622358803556e+01
1.082934728695452264e+01 1.600118873693376020e+00
3.725060137134609484e+00 3.509077269131909560e+01
7.671449989430151106e+00 8.357144446023895057e+00
5.859782759408084019e+00 2.014222365192083686e+01
8.169245857356697726e+00 6.533529948350732752e+00
2.443070676523199314e+00 4.370003187651123966e+01
1.491933435227375071e+01 1.024195699913893698e+00
3.127965343588511082e+00 4.037438378900611724e+01
7.555420514210934080e+00 8.802371939324835637e+00
1.985986139783230797e+00 5.104026156545499759e+01
7.936499727156824058e+00 7.654374371460002990e+00
8.194936151559371496e+00 6.400303043792878732e+00
6.454126999653362340e+00 1.565794380162765087e+01
3.290027991013693587e+00 3.964850839904099189e+01
5.800247319999778384e+00 2.024503566499801366e+01
9.214169305663645559e+00 3.655423280868209446e+00
3.801665049022672882e+00 3.496950859756822183e+01
4.471006509749585689e+00 2.972650217501558956e+01
8.925732503462008083e+00 4.181398386167081149e+00
4.960329731470700665e+00 2.601916658468975641e+01
3.725060137134609484e+00 3.509077269131909560e+01
5.491921895722711611e+00 2.205808896892558835e+01
8.740859034476546441e+00 4.607805587385558788e+00
1.082934728695452264e+01 1.600118873693376020e+00
3.129173333342971652e+00 3.971423035105149779e+01
9.863515833304777658e+00 2.796252551493072946e+00
6.875297777926647314e+00 1.344831378638173192e+01
6.818509803512180056e+00 1.429870717696530136e+01
3.614351871754769796e+00 3.581417602230666830e+01
3.975780107865897417e+00 3.379100815928771340e+01
3.717516142672402601e+00 3.534180719523600089e+01
9.863515833304777658e+00 2.796252551493072946e+00
7.671449989430151106e+00 8.357144446023895057e+00
6.349678807920740020e+00 1.735310622358803556e+01
7.524405853486232587e+00 9.023843133817202045e+00
4.471006509749585689e+00 2.972650217501558956e+01
5.491921895722711611e+00 2.205808896892558835e+01
5.876719382083901877e+00 1.959872152351140784e+01
6.860184704349332918e+00 1.408235985239620192e+01
7.254164895962295745e+00 1.094946317043848971e+01
2.443070676523199314e+00 4.370003187651123966e+01
8.242791670234037582e+00 6.331063761145372837e+00
5.768535986571758478e+00 2.064153471542415019e+01
4.759439703608274286e+00 2.686259065661806034e+01
6.235904778116139191e+00 1.740701594025458832e+01
4.822112767508015096e+00 2.674678090913842254e+01
1.082934728695452264e+01 1.600118873693376020e+00
7.671449989430151106e+00 8.357144446023895057e+00
1.012262177600683799e+01 2.307071463291059832e+00
4.422415875332063706e+00 2.995649818219126814e+01
1.985986139783230797e+00 5.104026156545499759e+01
5.208951829142479895e+00 2.390405078551776086e+01
1.011372682319026239e+01 2.319928055810409173e+00
7.288980364415030166e+00 1.087344764405543707e+01
6.962984195702005330e+00 1.320741718974093004e+01
6.204010843623123606e+00 1.815520318771024222e+01
1.082934728695452264e+01 1.600118873693376020e+00
3.129173333342971652e+00 3.971423035105149779e+01
4.343649492682242652e+00 3.049876312324075656e+01
7.041038279573830216e+00 1.172064933718099056e+01
3.290027991013693587e+00 3.964850839904099189e+01
3.991958199930305540e+00 3.339178117780882360e+01
7.706420750411996146e+00 8.159916020281588800e+00
1.491933435227375071e+01 1.024195699913893698e+00
6.214383520260212457e+00 1.803973630968788555e+01
