5.455830342510207317e-04 3.657321576432235442e-06 5.072144145009697611e-04 6.639753185854613141e-05 1.830284074975028805e-05
5.469160576679421917e-04 2.895090130480230425e-06 3.610290847099009476e-04 5.395743406734086669e-05 1.633757903814668795e-05
5.436651532584724613e-04 3.605121323824058833e-06 5.039079455351512049e-04 6.669889893306622656e-05 1.871046159088233013e-05
5.455442043376656234e-04 3.092326130720120883e-06 3.728372016592062556e-04 5.585813468458066710e-05 1.687514533765775501e-05
5.740230713908178479e-04 3.485689331278969754e-06 4.788202796622096497e-04 6.576243944388111666e-05 2.071723598548897097e-05
5.570321335918756826e-04 3.475532589315463831e-06 3.804648409053477498e-04 5.561694832775664510e-05 1.684989408400172409e-05
5.584284665005089313e-04 3.570194738449478355e-06 3.814708310690817354e-04 5.553662183324974621e-05 1.692471271827959256e-05
6.421562442702656451e-04 3.463562307082228612e-06 4.904014864828922828e-04 6.516659902254179413e-05 2.343365771304458444e-05
7.173239907529874258e-04 3.433560289054425134e-06 4.903686858575948167e-04 6.500260087044114322e-05 2.507530294681841823e-05
5.680057184446463386e-04 3.934582715747320725e-06 3.897810653116290033e-04 5.619758256876277255e-05 1.709873743325462914e-05
7.462092696240990456e-04 3.213013937598126423e-06 3.812475237668406939e-04 7.168269466910351319e-05 2.605179194059677129e-05
8.177217157765919548e-04 3.761080675288660960e-06 5.488105827006951485e-04 6.598801705385064708e-05 2.892322856962117425e-05
5.849765912727687743e-04 4.564740869121524260e-06 3.890674422372323422e-04 6.064338679511765875e-05 1.901610837875790521e-05
8.850171674937888991e-04 4.338231722179284591e-06 5.756576063742749371e-04 7.013787920346873262e-05 3.028358303068915501e-05
6.109503771897024016e-04 3.899304448645587467e-06 5.528654980219342794e-04 9.525504784071262845e-05 1.895727883527432956e-05
6.804068063045459617e-04 4.127160569616347401e-06 6.710625848763281890e-04 1.074966816196058935e-04 2.187027944627868044e-05
7.263976484784228065e-04 5.471086877075973513e-06 7.484980008100778097e-04 1.092227275132159626e-04 2.303124840254334692e-05
7.262235741134973185e-04 3.632046005525906275e-06 6.812828566935861477e-04 1.207446384932298397e-04 2.006843456312202708e-05
7.727710337155773183e-04 3.667839622266954509e-06 7.374550276613088236e-04 1.210886180824997628e-04 2.297123397429056552e-05
1.162231729518731780e-03 4.961579545538326582e-06 1.022020858633818346e-03 1.581843628660045394e-04 2.573466948111080885e-05
8.221687651774384122e-04 3.677889086137103698e-06 7.548882442225828037e-04 1.240880233784591978e-04 2.312851596973705879e-05
7.984378729210895101e-04 3.743428918687761633e-06 7.654535254663247809e-04 1.274741861161053354e-04 2.338795212959843199e-05
7.974175819290410050e-04 4.128186777776739719e-06 7.460324718821262444e-04 1.214037187247561590e-04 2.313178565709849736e-05
1.190394382870496159e-03 7.036668326444977311e-06 1.593199621316082788e-03 2.880264293751166080e-04 3.576394937538545841e-05
1.420344054457495621e-03 4.164326504251914049e-06 1.076352029451992532e-03 1.689861140870815902e-04 2.814476371539178330e-05
9.017810902288848473e-04 3.862049741104692799e-06 8.393169337446980969e-04 1.373036600463992335e-04 2.536819529869749028e-05
9.257045342980517238e-04 3.873124019835072223e-06 8.493528300342708575e-04 1.388264844736915944e-04 2.555458446755239568e-05
1.400103241600991148e-03 4.055734672456128481e-06 1.010872614329305424e-03 1.603411105602979385e-04 2.773691507298536949e-05
9.740505479417105187e-04 3.973729167107851213e-06 8.801325457360663048e-04 1.428338661870183577e-04 2.639525896050978480e-05
9.061797232629393520e-04 4.580107929592147029e-06 8.488113167896979777e-04 1.367602149542498870e-04 2.585010087427928164e-05
1.479794130662985411e-03 4.186188262642860553e-06 1.083723910394047019e-03 1.702424629942195157e-04 2.956965581888271804e-05
1.025636159977910168e-03 4.100532033108660359e-06 9.105256523391635094e-04 1.464715938000385595e-04 2.751056719217906030e-05
1.102439946806307164e-03 4.054118184338490213e-06 9.603944341003176977e-04 1.536285401440403624e-04 2.867543275914686944e-05
1.050309736385836345e-03 4.496278945143486332e-06 9.359883748670640505e-04 1.491109609154857047e-04 2.821380326387512612e-05
1.090970776977733805e-03 4.428362612476806845e-06 9.592142706860493214e-04 1.524832257500176346e-04 2.881791683869150005e-05
1.196284865522324967e-03 7.030759385728650814e-06 1.049289752058385093e-03 1.686461810831573101e-04 3.108685803860337807e-05
1.226770369631041560e-03 4.188431073936269515e-06 1.037597213916612200e-03 1.638083795033602567e-04 3.097584911264814137e-05
1.194705972461938132e-03 4.576000124410956590e-06 1.019307183231563064e-03 1.603583615991151917e-04 3.071142137200855209e-05
1.763365136390482053e-03 5.341702091735049364e-06 1.485445974756244856e-03 2.214282553745784937e-04 4.215612755669554014e-05
1.290920257175879205e-03 4.355783348910241113e-06 1.080283425128360057e-03 1.690860819595838005e-04 3.239613626300443981e-05
1.714345059068843715e-03 4.510658764288450071e-06 1.247359842861214168e-03 1.927590249318838708e-04 3.464226022148118156e-05
1.313641463515712732e-03 4.347422975716191020e-06 1.092739329713781574e-03 1.727298319767149170e-04 3.275131369842494168e-05
1.372715595755848996e-03 4.302114322024670611e-06 1.094570549562892160e-03 1.738038254984635204e-04 3.244209477754804536e-05
1.411228205269263224e-03 4.464827314837483275e-06 1.173505856112964192e-03 1.827506809316281101e-04 3.572195716114562303e-05
1.495720141957009811e-03 4.488466172037579458e-06 1.203821788148121087e-03 1.855695901445859072e-04 3.612937169736908378e-05
1.557090591023214867e-03 5.029863051787459233e-06 1.244649983195655766e-03 1.893044590320258798e-04 3.696942011376259653e-05
1.437677789173372319e-03 4.470222952417329987e-06 1.168483252426659111e-03 1.847013414766895956e-04 3.522958195059873091e-05
1.539105724048606258e-03 4.539758763695581498e-06 1.222755087018819950e-03 1.894716334913900985e-04 3.703744199113557020e-05
1.723910390650289616e-03 4.779207416934891150e-06 1.346844703787516582e-03 2.065221649766927877e-04 3.980292190416139826e-05
1.566652900027233706e-03 4.733665461790867100e-06 1.260942122643074871e-03 1.955521065298944849e-04 3.881944454421757431e-05
1.653724328808549478e-03 4.666969871444243405e-06 1.289877839380394872e-03 1.980565815040630576e-04 3.929783258331639073e-05
1.653732904189866414e-03 4.710226526830620099e-06 1.289707140311063512e-03 1.979472526919595545e-04 3.932285533279448070e-05
1.596208155436093035e-03 4.646574992143785993e-06 1.256660837374781649e-03 1.954416756132853702e-04 3.863985355997588759e-05
1.736799955361059819e-03 4.754856413960178933e-06 1.336771223361558252e-03 2.040491073375524044e-04 4.087802551351244932e-05
2.075488937305816628e-03 5.083773160716108311e-06 1.520876171002338590e-03 2.280938976974771848e-04 4.516435303753042616e-05
1.639419936183389740e-03 4.714833345194176683e-06 1.282603447368645599e-03 2.012860661659129284e-04 3.924910540425375553e-05
1.709280647028747508e-03 4.750912857128693167e-06 1.294175272574501438e-03 2.007900599550414269e-04 3.950893882646654793e-05
1.835279981528050233e-03 4.996115966937295330e-06 1.404161000849664430e-03 2.129842888430877595e-04 4.279611519079861944e-05
1.752362342448797764e-03 4.773478640886988056e-06 1.333130026758818113e-03 2.053466796263712620e-04 4.109480415931646456e-05
1.763596918633687002e-03 4.858787334991500317e-06 1.341483069233779385e-03 2.062292158865857285e-04 4.145728058549440686e-05
1.723921663729276188e-03 4.856074061420279756e-06 1.333963509809469239e-03 2.071597209656308102e-04 4.143336138347499892e-05
2.183914104959667167e-03 5.150391772931224707e-06 1.553334902123158908e-03 2.328277971222297805e-04 4.656218564982908629e-05
2.208161951389342893e-03 5.195432576536705337e-06 1.574978477819586296e-03 2.355346959678453916e-04 4.731074907001144887e-05
2.239198941532502540e-03 5.371848633887568226e-06 1.651625832100829744e-03 2.442515096002607694e-04 5.090980367796830151e-05
1.933922192388982378e-03 5.111133261586343654e-06 1.455372521318483306e-03 2.198580328396016652e-04 4.589984788022591106e-05
1.884168642534237706e-03 4.984788217107892556e-06 1.426157674354464793e-03 2.181410731320988035e-04 4.514968553630683000e-05
2.379862737111148978e-03 5.655112454679148411e-06 1.780709893046844051e-03 2.600907608260163224e-04 5.554814248853455244e-05
2.105471773269126066e-03 7.568720542743786653e-06 1.603175087915012812e-03 2.567300602566591899e-04 4.728977649394952999e-05
1.980949832712277248e-03 5.169374374778751514e-06 1.455063827251736009e-03 2.218353336658978692e-04 4.620263495140823330e-05
3.009407406798315920e-03 7.089038139643717705e-06 2.373401392905019960e-03 3.332507909310352887e-04 7.938313474364939320e-05
2.206243916327119310e-03 7.809290476296772918e-06 1.604989056438971794e-03 2.575652938886837523e-04 4.731019967386674148e-05
2.041237998882030474e-03 5.142423231670815558e-06 1.482248194229725214e-03 2.275707477410939146e-04 4.709400575661357646e-05
2.097079632039306266e-03 5.271895427442722853e-06 1.539339940884470624e-03 2.351028201743158869e-04 4.862021775773374557e-05
3.291379361551895720e-03 8.638780105180778350e-06 2.462952873084710021e-03 3.396876445878991451e-04 8.695802909063005462e-05
2.621144470758958889e-03 5.934440044452744491e-06 1.910322074539777667e-03 2.757658608820854804e-04 6.260870577894992579e-05
2.258364713815128218e-03 5.379615956195989012e-06 1.609152215814361585e-03 2.419864615384352882e-04 5.275251603471768224e-05
2.620251099893381851e-03 5.862033556338983556e-06 1.876277222247691367e-03 2.752749224756854594e-04 6.134469326748301300e-05
2.867756898131268526e-03 6.355165712931960573e-06 2.103378774015195619e-03 2.987751786203711912e-04 7.083647818781157015e-05
2.760146204480451882e-03 6.176361359434608342e-06 2.016547276982571472e-03 2.871612552913776887e-04 6.974389971374903203e-05
2.764950922734960015e-03 6.007952557358058263e-06 1.932031923688501624e-03 2.804515670823338656e-04 6.526040108321463657e-05
2.878294907420518925e-03 6.180835242939229852e-06 2.017968651176116693e-03 2.886294631755912960e-04 6.951758210196021281e-05
2.577690776338997531e-03 5.841208481376994705e-06 1.750177712724798346e-03 2.630401781633840861e-04 5.915953485019436695e-05
2.592609068836266174e-03 5.894951006368486264e-06 1.745985052095041633e-03 2.667776954440903331e-04 5.842080083130288959e-05
2.778261242082352180e-03 6.083693184151208648e-06 1.835950084767551524e-03 2.771005784145940667e-04 6.262301498322788806e-05
3.143549728175681467e-03 6.364315929245935876e-06 2.012173191394055032e-03 2.911939393312485010e-04 7.223267768537646621e-05
3.410711684599636393e-03 6.784579425818639159e-06 2.224281664556284396e-03 3.133497833074719296e-04 8.359658026828730869e-05
3.602308035364948195e-03 7.082751353602751407e-06 2.305670403450597698e-03 3.246909656810807645e-04 9.047853773618199519e-05
