8.000000000000000444e-01 6.610000000000000320e-01 5.889999999999999680e-01 4.079999999999999738e-01 4.000000000000000222e-01 -2.000000000000000111e-01 -2.000000000000000111e-01 1.970000000000000084e-01 -2.000000000000000111e-01 2.000000000000000111e-01
8.000000000000000444e-01 7.920000000000000373e-01 6.360000000000000098e-01 5.769999999999999574e-01 4.000000000000000222e-01 -2.000000000000000111e-01 -6.800000000000000488e-02 -2.000000000000000111e-01 2.000000000000000111e-01 2.000000000000000111e-01
8.000000000000000444e-01 6.390000000000000124e-01 5.959999999999999742e-01 4.660000000000000253e-01 4.000000000000000222e-01 -2.000000000000000111e-01 -2.000000000000000111e-01 1.980000000000000093e-01 -1.000000000000000056e-01 2.000000000000000111e-01
8.000000000000000444e-01 7.510000000000000009e-01 6.079999999999999849e-01 5.769999999999999574e-01 4.000000000000000222e-01 -2.000000000000000111e-01 -6.099999999999999867e-02 -2.000000000000000111e-01 2.000000000000000111e-01 2.000000000000000111e-01
8.000000000000000444e-01 6.550000000000000266e-01 5.919999999999999707e-01 4.929999999999999938e-01 4.000000000000000222e-01 -2.000000000000000111e-01 -2.000000000000000111e-01 2.000000000000000111e-01 -9.800000000000000377e-02 2.000000000000000111e-01
8.000000000000000444e-01 6.700000000000000400e-01 5.959999999999999742e-01 5.050000000000000044e-01 4.000000000000000222e-01 -2.000000000000000111e-01 -2.000000000000000111e-01 2.000000000000000111e-01 -9.800000000000000377e-02 2.000000000000000111e-01
8.000000000000000444e-01 6.700000000000000400e-01 5.759999999999999565e-01 5.010000000000000009e-01 4.000000000000000222e-01 -2.000000000000000111e-01 -2.000000000000000111e-01 2.000000000000000111e-01 -9.900000000000000466e-02 2.000000000000000111e-01
8.000000000000000444e-01 7.279999999999999805e-01 5.769999999999999574e-01 5.480000000000000426e-01 4.000000000000000222e-01 -2.000000000000000111e-01 -5.800000000000000294e-02 -2.000000000000000111e-01 2.000000000000000111e-01 2.000000000000000111e-01
8.000000000000000444e-01 7.239999999999999769e-01 5.769999999999999574e-01 5.480000000000000426e-01 4.010000000000000231e-01 -2.000000000000000111e-01 -5.800000000000000294e-02 -2.000000000000000111e-01 2.000000000000000111e-01 2.000000000000000111e-01
8.000000000000000444e-01 6.820000000000000506e-01 5.769999999999999574e-01 5.200000000000000178e-01 4.000000000000000222e-01 -2.000000000000000111e-01 -2.000000000000000111e-01 2.000000000000000111e-01 -9.700000000000000289e-02 2.000000000000000111e-01
8.000000000000000444e-01 8.000000000000000444e-01 6.550000000000000266e-01 5.769999999999999574e-01 5.190000000000000169e-01 2.000000000000000111e-01 -2.000000000000000111e-01 -2.000000000000000111e-01 2.000000000000000111e-01 -9.500000000000000111e-02
8.000000000000000444e-01 7.389999999999999902e-01 6.700000000000000400e-01 5.360000000000000320e-01 4.239999999999999880e-01 -2.000000000000000111e-01 -5.999999999999999778e-02 -2.000000000000000111e-01 2.000000000000000111e-01 -2.000000000000000111e-01
8.000000000000000444e-01 7.039999999999999591e-01 5.769999999999999574e-01 5.110000000000000098e-01 4.129999999999999782e-01 -2.000000000000000111e-01 -2.000000000000000111e-01 1.970000000000000084e-01 -1.019999999999999934e-01 2.000000000000000111e-01
8.000000000000000444e-01 8.000000000000000444e-01 6.550000000000000266e-01 5.839999999999999636e-01 5.470000000000000417e-01 -2.000000000000000111e-01 2.000000000000000111e-01 -2.000000000000000111e-01 2.000000000000000111e-01 -8.999999999999999667e-02
8.000000000000000444e-01 7.149999999999999689e-01 6.700000000000000400e-01 5.480000000000000426e-01 4.630000000000000226e-01 -2.000000000000000111e-01 -5.700000000000000205e-02 -2.000000000000000111e-01 2.000000000000000111e-01 -2.000000000000000111e-01
8.000000000000000444e-01 7.239999999999999769e-01 6.560000000000000275e-01 5.610000000000000542e-01 4.789999999999999813e-01 -2.000000000000000111e-01 -5.700000000000000205e-02 -2.000000000000000111e-01 2.000000000000000111e-01 -1.990000000000000102e-01
8.000000000000000444e-01 8.000000000000000444e-01 6.029999999999999805e-01 6.029999999999999805e-01 6.029999999999999805e-01 -2.000000000000000111e-01 2.000000000000000111e-01 2.000000000000000111e-01 -7.099999999999999367e-02 -2.000000000000000111e-01
8.000000000000000444e-01 8.000000000000000444e-01 8.000000000000000444e-01 6.019999999999999796e-01 6.019999999999999796e-01 -2.000000000000000111e-01 2.000000000000000111e-01 -6.900000000000000577e-02 2.000000000000000111e-01 -2.000000000000000111e-01
8.000000000000000444e-01 8.000000000000000444e-01 6.089999999999999858e-01 6.089999999999999858e-01 6.069999999999999840e-01 -2.000000000000000111e-01 2.000000000000000111e-01 2.000000000000000111e-01 -2.000000000000000111e-01 -7.099999999999999367e-02
8.000000000000000444e-01 7.039999999999999591e-01 5.769999999999999574e-01 5.350000000000000311e-01 5.350000000000000311e-01 -2.000000000000000111e-01 -5.600000000000000117e-02 2.000000000000000111e-01 5.800000000000000294e-02 -2.000000000000000111e-01
8.000000000000000444e-01 8.000000000000000444e-01 6.149999999999999911e-01 6.149999999999999911e-01 6.149999999999999911e-01 -2.000000000000000111e-01 2.000000000000000111e-01 2.000000000000000111e-01 -7.099999999999999367e-02 -2.000000000000000111e-01
8.000000000000000444e-01 8.000000000000000444e-01 7.790000000000000258e-01 5.989999999999999769e-01 5.989999999999999769e-01 2.000000000000000111e-01 -2.000000000000000111e-01 -6.500000000000000222e-02 2.000000000000000111e-01 -2.000000000000000111e-01
8.000000000000000444e-01 8.000000000000000444e-01 7.830000000000000293e-01 6.069999999999999840e-01 6.069999999999999840e-01 2.000000000000000111e-01 -2.000000000000000111e-01 -6.600000000000000311e-02 2.000000000000000111e-01 -2.000000000000000111e-01
8.000000000000000444e-01 8.000000000000000444e-01 7.750000000000000222e-01 6.039999999999999813e-01 6.039999999999999813e-01 2.000000000000000111e-01 -2.000000000000000111e-01 -6.500000000000000222e-02 2.000000000000000111e-01 -2.000000000000000111e-01
8.000000000000000444e-01 8.000000000000000444e-01 6.550000000000000266e-01 6.029999999999999805e-01 6.009999999999999787e-01 -2.000000000000000111e-01 2.000000000000000111e-01 -2.000000000000000111e-01 2.000000000000000111e-01 -8.000000000000000167e-02
8.000000000000000444e-01 8.000000000000000444e-01 7.710000000000000187e-01 6.089999999999999858e-01 6.089999999999999858e-01 2.000000000000000111e-01 -2.000000000000000111e-01 -6.400000000000000133e-02 2.000000000000000111e-01 -2.000000000000000111e-01
8.000000000000000444e-01 8.000000000000000444e-01 8.000000000000000444e-01 6.360000000000000098e-01 6.270000000000000018e-01 2.000000000000000111e-01 -6.900000000000000577e-02 -2.000000000000000111e-01 2.000000000000000111e-01 -2.000000000000000111e-01
8.000000000000000444e-01 8.000000000000000444e-01 6.360000000000000098e-01 6.310000000000000053e-01 6.310000000000000053e-01 2.000000000000000111e-01 -2.000000000000000111e-01 2.000000000000000111e-01 -7.000000000000000666e-02 -2.000000000000000111e-01
8.000000000000000444e-01 8.000000000000000444e-01 7.570000000000000062e-01 6.089999999999999858e-01 6.089999999999999858e-01 -2.000000000000000111e-01 2.000000000000000111e-01 -6.199999999999999956e-02 2.000000000000000111e-01 -2.000000000000000111e-01
8.000000000000000444e-01 8.000000000000000444e-01 7.139999999999999680e-01 6.179999999999999938e-01 5.939999999999999725e-01 2.000000000000000111e-01 -2.000000000000000111e-01 -5.999999999999999778e-02 -2.000000000000000111e-01 2.000000000000000111e-01
8.000000000000000444e-01 8.000000000000000444e-01 7.369999999999999885e-01 6.049999999999999822e-01 6.049999999999999822e-01 -2.000000000000000111e-01 2.000000000000000111e-01 -5.999999999999999778e-02 2.000000000000000111e-01 -2.000000000000000111e-01
8.000000000000000444e-01 8.000000000000000444e-01 6.700000000000000400e-01 6.260000000000000009e-01 6.189999999999999947e-01 -2.000000000000000111e-01 2.000000000000000111e-01 -2.000000000000000111e-01 -7.799999999999999989e-02 2.000000000000000111e-01
8.000000000000000444e-01 8.000000000000000444e-01 7.049999999999999600e-01 6.069999999999999840e-01 6.069999999999999840e-01 -2.000000000000000111e-01 2.000000000000000111e-01 -5.899999999999999689e-02 2.000000000000000111e-01 -2.000000000000000111e-01
8.000000000000000444e-01 8.000000000000000444e-01 7.309999999999999831e-01 6.360000000000000098e-01 6.079999999999999849e-01 2.000000000000000111e-01 -2.000000000000000111e-01 -6.099999999999999867e-02 -2.000000000000000111e-01 2.000000000000000111e-01
8.000000000000000444e-01 8.000000000000000444e-01 6.550000000000000266e-01 6.420000000000000151e-01 6.420000000000000151e-01 2.000000000000000111e-01 -2.000000000000000111e-01 2.000000000000000111e-01 -2.000000000000000111e-01 -6.800000000000000488e-02
8.000000000000000444e-01 8.000000000000000444e-01 7.139999999999999680e-01 6.360000000000000098e-01 6.129999999999999893e-01 -2.000000000000000111e-01 2.000000000000000111e-01 -6.099999999999999867e-02 -2.000000000000000111e-01 2.000000000000000111e-01
8.000000000000000444e-01 8.000000000000000444e-01 7.139999999999999680e-01 6.280000000000000027e-01 6.229999999999999982e-01 -2.000000000000000111e-01 2.000000000000000111e-01 -5.999999999999999778e-02 -2.000000000000000111e-01 2.000000000000000111e-01
8.000000000000000444e-01 8.000000000000000444e-01 6.550000000000000266e-01 6.550000000000000266e-01 6.550000000000000266e-01 -2.000000000000000111e-01 2.000000000000000111e-01 2.000000000000000111e-01 -6.800000000000000488e-02 -2.000000000000000111e-01
8.000000000000000444e-01 8.000000000000000444e-01 7.229999999999999760e-01 6.360000000000000098e-01 6.270000000000000018e-01 -2.000000000000000111e-01 2.000000000000000111e-01 -6.099999999999999867e-02 -2.000000000000000111e-01 2.000000000000000111e-01
8.000000000000000444e-01 8.000000000000000444e-01 7.059999999999999609e-01 6.360000000000000098e-01 6.320000000000000062e-01 -2.000000000000000111e-01 2.000000000000000111e-01 -6.099999999999999867e-02 2.000000000000000111e-01 -2.000000000000000111e-01
8.000000000000000444e-01 8.000000000000000444e-01 7.229999999999999760e-01 6.360000000000000098e-01 6.350000000000000089e-01 2.000000000000000111e-01 -2.000000000000000111e-01 -6.099999999999999867e-02 2.000000000000000111e-01 -2.000000000000000111e-01
8.000000000000000444e-01 8.000000000000000444e-01 7.039999999999999591e-01 6.400000000000000133e-01 6.390000000000000124e-01 2.000000000000000111e-01 -2.000000000000000111e-01 -6.099999999999999867e-02 -2.000000000000000111e-01 2.000000000000000111e-01
8.000000000000000444e-01 8.000000000000000444e-01 7.299999999999999822e-01 6.580000000000000293e-01 6.360000000000000098e-01 2.000000000000000111e-01 -2.000000000000000111e-01 -6.199999999999999956e-02 -2.000000000000000111e-01 2.000000000000000111e-01
8.000000000000000444e-01 8.000000000000000444e-01 7.239999999999999769e-01 6.550000000000000266e-01 6.390000000000000124e-01 -2.000000000000000111e-01 2.000000000000000111e-01 -6.199999999999999956e-02 -2.000000000000000111e-01 2.000000000000000111e-01
8.000000000000000444e-01 8.000000000000000444e-01 8.000000000000000444e-01 6.820000000000000506e-01 6.600000000000000311e-01 -2.000000000000000111e-01 -6.900000000000000577e-02 2.000000000000000111e-01 -2.000000000000000111e-01 2.000000000000000111e-01
8.000000000000000444e-01 8.000000000000000444e-01 8.000000000000000444e-01 6.820000000000000506e-01 6.650000000000000355e-01 -6.800000000000000488e-02 -2.000000000000000111e-01 2.000000000000000111e-01 -2.000000000000000111e-01 2.000000000000000111e-01
8.000000000000000444e-01 8.000000000000000444e-01 7.249999999999999778e-01 6.550000000000000266e-01 6.530000000000000249e-01 2.000000000000000111e-01 -2.000000000000000111e-01 -6.199999999999999956e-02 2.000000000000000111e-01 -2.000000000000000111e-01
8.000000000000000444e-01 8.000000000000000444e-01 6.820000000000000506e-01 6.770000000000000462e-01 6.740000000000000435e-01 -2.000000000000000111e-01 2.000000000000000111e-01 2.000000000000000111e-01 -6.700000000000000400e-02 -2.000000000000000111e-01
8.000000000000000444e-01 8.000000000000000444e-01 7.229999999999999760e-01 6.620000000000000329e-01 6.620000000000000329e-01 2.000000000000000111e-01 -2.000000000000000111e-01 -6.199999999999999956e-02 2.000000000000000111e-01 -2.000000000000000111e-01
8.000000000000000444e-01 8.000000000000000444e-01 7.039999999999999591e-01 6.820000000000000506e-01 6.640000000000000346e-01 -2.000000000000000111e-01 2.000000000000000111e-01 -6.300000000000000044e-02 -1.990000000000000102e-01 2.000000000000000111e-01
8.000000000000000444e-01 8.000000000000000444e-01 7.369999999999999885e-01 6.700000000000000400e-01 6.620000000000000329e-01 -2.000000000000000111e-01 2.000000000000000111e-01 -6.300000000000000044e-02 2.000000000000000111e-01 -2.000000000000000111e-01
8.000000000000000444e-01 8.000000000000000444e-01 6.939999999999999503e-01 6.889999999999999458e-01 6.770000000000000462e-01 -2.000000000000000111e-01 2.000000000000000111e-01 2.000000000000000111e-01 -6.500000000000000222e-02 -2.000000000000000111e-01
8.000000000000000444e-01 8.000000000000000444e-01 7.269999999999999796e-01 6.700000000000000400e-01 6.680000000000000382e-01 -2.000000000000000111e-01 2.000000000000000111e-01 -6.199999999999999956e-02 -2.000000000000000111e-01 2.000000000000000111e-01
8.000000000000000444e-01 8.000000000000000444e-01 7.439999999999999947e-01 6.820000000000000506e-01 6.640000000000000346e-01 -2.000000000000000111e-01 2.000000000000000111e-01 -6.300000000000000044e-02 -2.000000000000000111e-01 2.000000000000000111e-01
8.000000000000000444e-01 8.000000000000000444e-01 7.299999999999999822e-01 6.710000000000000409e-01 6.700000000000000400e-01 -2.000000000000000111e-01 2.000000000000000111e-01 -6.199999999999999956e-02 -2.000000000000000111e-01 1.990000000000000102e-01
8.000000000000000444e-01 8.000000000000000444e-01 6.939999999999999503e-01 6.879999999999999449e-01 6.870000000000000551e-01 2.000000000000000111e-01 -2.000000000000000111e-01 -6.500000000000000222e-02 2.000000000000000111e-01 -2.000000000000000111e-01
8.000000000000000444e-01 8.000000000000000444e-01 7.469999999999999973e-01 6.820000000000000506e-01 6.700000000000000400e-01 -2.000000000000000111e-01 2.000000000000000111e-01 -6.300000000000000044e-02 1.990000000000000102e-01 -2.000000000000000111e-01
8.000000000000000444e-01 8.000000000000000444e-01 8.000000000000000444e-01 6.939999999999999503e-01 6.929999999999999494e-01 2.000000000000000111e-01 -6.900000000000000577e-02 -2.000000000000000111e-01 1.990000000000000102e-01 -2.000000000000000111e-01
8.000000000000000444e-01 8.000000000000000444e-01 7.439999999999999947e-01 6.820000000000000506e-01 6.730000000000000426e-01 -2.000000000000000111e-01 2.000000000000000111e-01 -6.300000000000000044e-02 -2.000000000000000111e-01 2.000000000000000111e-01
8.000000000000000444e-01 8.000000000000000444e-01 7.299999999999999822e-01 6.820000000000000506e-01 6.740000000000000435e-01 -2.000000000000000111e-01 2.000000000000000111e-01 -6.199999999999999956e-02 2.000000000000000111e-01 -2.000000000000000111e-01
8.000000000000000444e-01 8.000000000000000444e-01 7.309999999999999831e-01 6.820000000000000506e-01 6.770000000000000462e-01 2.000000000000000111e-01 -2.000000000000000111e-01 -6.300000000000000044e-02 1.990000000000000102e-01 -2.000000000000000111e-01
8.000000000000000444e-01 8.000000000000000444e-01 8.000000000000000444e-01 7.039999999999999591e-01 6.909999999999999476e-01 -2.000000000000000111e-01 -6.900000000000000577e-02 2.000000000000000111e-01 -2.000000000000000111e-01 1.970000000000000084e-01
8.000000000000000444e-01 8.000000000000000444e-01 7.229999999999999760e-01 6.919999999999999485e-01 6.840000000000000524e-01 2.000000000000000111e-01 -2.000000000000000111e-01 -6.300000000000000044e-02 2.000000000000000111e-01 -2.000000000000000111e-01
8.000000000000000444e-01 8.000000000000000444e-01 7.439999999999999947e-01 6.939999999999999503e-01 6.810000000000000497e-01 -2.000000000000000111e-01 2.000000000000000111e-01 -6.300000000000000044e-02 -2.000000000000000111e-01 2.000000000000000111e-01
8.000000000000000444e-01 8.000000000000000444e-01 7.510000000000000009e-01 6.939999999999999503e-01 6.820000000000000506e-01 -2.000000000000000111e-01 2.000000000000000111e-01 -6.300000000000000044e-02 2.000000000000000111e-01 -2.000000000000000111e-01
8.000000000000000444e-01 8.000000000000000444e-01 7.139999999999999680e-01 7.039999999999999591e-01 6.919999999999999485e-01 -2.000000000000000111e-01 2.000000000000000111e-01 -2.000000000000000111e-01 -6.600000000000000311e-02 2.000000000000000111e-01
8.000000000000000444e-01 8.000000000000000444e-01 7.139999999999999680e-01 7.079999999999999627e-01 6.939999999999999503e-01 -2.000000000000000111e-01 2.000000000000000111e-01 -2.000000000000000111e-01 -6.600000000000000311e-02 2.000000000000000111e-01
8.000000000000000444e-01 8.000000000000000444e-01 7.299999999999999822e-01 6.939999999999999503e-01 6.899999999999999467e-01 -2.000000000000000111e-01 2.000000000000000111e-01 -6.300000000000000044e-02 -2.000000000000000111e-01 2.000000000000000111e-01
8.000000000000000444e-01 8.000000000000000444e-01 7.439999999999999947e-01 6.939999999999999503e-01 6.919999999999999485e-01 2.000000000000000111e-01 -2.000000000000000111e-01 -6.300000000000000044e-02 2.000000000000000111e-01 -2.000000000000000111e-01
8.000000000000000444e-01 8.000000000000000444e-01 7.139999999999999680e-01 7.089999999999999636e-01 7.039999999999999591e-01 2.000000000000000111e-01 -2.000000000000000111e-01 -6.500000000000000222e-02 1.980000000000000093e-01 -2.000000000000000111e-01
8.000000000000000444e-01 8.000000000000000444e-01 8.000000000000000444e-01 7.139999999999999680e-01 7.069999999999999618e-01 2.000000000000000111e-01 -6.900000000000000577e-02 -2.000000000000000111e-01 -2.000000000000000111e-01 2.000000000000000111e-01
8.000000000000000444e-01 8.000000000000000444e-01 7.550000000000000044e-01 7.039999999999999591e-01 6.959999999999999520e-01 2.000000000000000111e-01 -2.000000000000000111e-01 -6.400000000000000133e-02 -2.000000000000000111e-01 2.000000000000000111e-01
8.000000000000000444e-01 8.000000000000000444e-01 7.229999999999999760e-01 7.139999999999999680e-01 7.049999999999999600e-01 -2.000000000000000111e-01 2.000000000000000111e-01 -2.000000000000000111e-01 -6.500000000000000222e-02 2.000000000000000111e-01
8.000000000000000444e-01 8.000000000000000444e-01 7.429999999999999938e-01 7.039999999999999591e-01 7.009999999999999565e-01 -2.000000000000000111e-01 2.000000000000000111e-01 -6.400000000000000133e-02 -2.000000000000000111e-01 2.000000000000000111e-01
8.000000000000000444e-01 8.000000000000000444e-01 7.429999999999999938e-01 7.049999999999999600e-01 7.049999999999999600e-01 2.000000000000000111e-01 -2.000000000000000111e-01 -6.400000000000000133e-02 2.000000000000000111e-01 -2.000000000000000111e-01
8.000000000000000444e-01 8.000000000000000444e-01 7.489999999999999991e-01 7.139999999999999680e-01 7.039999999999999591e-01 2.000000000000000111e-01 -2.000000000000000111e-01 -6.400000000000000133e-02 1.980000000000000093e-01 -2.000000000000000111e-01
8.000000000000000444e-01 8.000000000000000444e-01 7.520000000000000018e-01 7.139999999999999680e-01 7.079999999999999627e-01 -2.000000000000000111e-01 2.000000000000000111e-01 -6.300000000000000044e-02 1.980000000000000093e-01 -2.000000000000000111e-01
8.000000000000000444e-01 8.000000000000000444e-01 7.429999999999999938e-01 7.139999999999999680e-01 7.119999999999999662e-01 2.000000000000000111e-01 -2.000000000000000111e-01 -6.400000000000000133e-02 1.990000000000000102e-01 -2.000000000000000111e-01
8.000000000000000444e-01 8.000000000000000444e-01 7.680000000000000160e-01 7.229999999999999760e-01 7.149999999999999689e-01 2.000000000000000111e-01 -2.000000000000000111e-01 -6.500000000000000222e-02 1.950000000000000067e-01 -2.000000000000000111e-01
8.000000000000000444e-01 8.000000000000000444e-01 8.000000000000000444e-01 7.299999999999999822e-01 7.289999999999999813e-01 2.000000000000000111e-01 -6.900000000000000577e-02 -2.000000000000000111e-01 1.920000000000000040e-01 -2.000000000000000111e-01
8.000000000000000444e-01 8.000000000000000444e-01 8.000000000000000444e-01 7.369999999999999885e-01 7.279999999999999805e-01 -2.000000000000000111e-01 -6.900000000000000577e-02 2.000000000000000111e-01 -2.000000000000000111e-01 1.930000000000000049e-01
8.000000000000000444e-01 8.000000000000000444e-01 8.000000000000000444e-01 7.429999999999999938e-01 7.289999999999999813e-01 -6.900000000000000577e-02 -2.000000000000000111e-01 2.000000000000000111e-01 -2.000000000000000111e-01 1.940000000000000058e-01
8.000000000000000444e-01 8.000000000000000444e-01 7.570000000000000062e-01 7.299999999999999822e-01 7.279999999999999805e-01 2.000000000000000111e-01 -2.000000000000000111e-01 -6.500000000000000222e-02 1.920000000000000040e-01 -2.000000000000000111e-01
8.000000000000000444e-01 8.000000000000000444e-01 7.620000000000000107e-01 7.369999999999999885e-01 7.309999999999999831e-01 2.000000000000000111e-01 -2.000000000000000111e-01 -6.400000000000000133e-02 1.900000000000000022e-01 -2.000000000000000111e-01
8.000000000000000444e-01 8.000000000000000444e-01 7.680000000000000160e-01 7.429999999999999938e-01 7.369999999999999885e-01 2.000000000000000111e-01 -2.000000000000000111e-01 -6.600000000000000311e-02 -2.000000000000000111e-01 1.900000000000000022e-01
8.000000000000000444e-01 7.990000000000000435e-01 7.620000000000000107e-01 7.429999999999999938e-01 7.429999999999999938e-01 2.000000000000000111e-01 -2.000000000000000111e-01 -6.500000000000000222e-02 -2.000000000000000111e-01 1.869999999999999996e-01
8.000000000000000444e-01 8.000000000000000444e-01 7.750000000000000222e-01 7.550000000000000044e-01 7.489999999999999991e-01 -2.000000000000000111e-01 2.000000000000000111e-01 -6.600000000000000311e-02 -2.000000000000000111e-01 1.839999999999999969e-01
