4.701532555074075859e+00 5.833799626657643955e+01
6.021235420911351000e+00 5.561382101436277026e+01
4.692635494687157127e+00 5.313465169927373211e+01
4.692871079628867292e+00 5.039503097925001640e+01
5.236438028659768484e+00 4.791969545273214237e+01
4.833515577037012179e+00 4.498621859845696491e+01
4.881286781703641608e+00 4.423824025227315104e+01
5.027168260458712901e+00 4.346419489608364017e+01
5.094738972559571089e+00 4.273430946218480386e+01
6.167480060474828107e+00 4.194132185567613647e+01
6.251985132877558193e+00 4.124389487485659345e+01
6.363975212456553621e+00 4.047533515750153299e+01
6.813394854123908218e+00 3.966678259893996028e+01
6.506575102164196878e+00 3.868136965405574301e+01
6.305648423892440846e+00 3.817407330325772818e+01
6.328394683432261303e+00 3.742762763433063355e+01
8.235229755344553482e+00 3.673824853556013181e+01
6.579168457223721234e+00 3.598168165828179355e+01
8.768547723371550973e+00 3.522476231784780509e+01
6.403067903167066532e+00 3.445531421578937170e+01
6.470503684344627970e+00 3.372498852928110580e+01
6.465720946067913033e+00 3.280326301961564894e+01
6.480082599190049919e+00 3.209328099376857324e+01
6.765886015118697472e+00 3.117041700090108591e+01
6.515043659817794541e+00 3.070645624047473987e+01
6.915562257416144831e+00 2.995916520476970391e+01
6.786347562261342503e+00 2.915495641263498783e+01
6.596077412732023859e+00 2.849914517376293688e+01
6.618364373102419762e+00 2.771216681118047376e+01
6.624015678152513686e+00 2.688368735946830412e+01
6.887525866822185705e+00 2.608154067680305133e+01
6.935727922114465649e+00 2.539305012532750538e+01
6.725151432386637040e+00 2.470297260176791454e+01
6.757473968715673074e+00 2.389702974638828437e+01
7.026031868618034082e+00 2.309433288125174144e+01
6.828380858612176141e+00 2.246276906966670239e+01
6.864426013970383877e+00 2.159382981528379375e+01
6.895743714690327764e+00 2.083260663304580973e+01
6.909001899479443765e+00 2.022396187127557354e+01
6.939832097622423035e+00 1.949076034946373426e+01
6.982819890392525153e+00 1.873093920108614796e+01
6.990529244539103182e+00 1.790832096791027084e+01
7.805300502299504117e+00 1.718949347785535764e+01
7.123407561288050971e+00 1.634886488538136717e+01
7.123846255281649498e+00 1.567448834722452844e+01
7.198153234911336185e+00 1.490257091940722134e+01
7.364201393021170716e+00 1.418920258032339099e+01
7.371149839247915558e+00 1.333755011384977252e+01
7.685937564818976497e+00 1.271740479474527419e+01
7.429857526287554137e+00 1.197408015356340982e+01
7.458075646630864419e+00 1.158427733894533063e+01
7.516018010975599850e+00 1.135073918662514103e+01
7.517693830172957448e+00 1.104953128139777263e+01
8.208639407824890100e+00 1.077284785481971596e+01
7.580462125152900299e+00 1.045625039141254931e+01
7.605266757038546821e+00 1.008853615755074173e+01
8.276590367439146334e+00 9.838228383519291853e+00
7.608732229600084551e+00 9.540813500330200370e+00
7.683206525986268076e+00 9.288979455170339961e+00
7.685606279354828096e+00 8.864030397472957290e+00
7.769525363850538824e+00 8.521265960058332922e+00
8.509021036316383402e+00 8.321897484382041910e+00
8.524853279088873137e+00 7.688877949383863708e+00
7.850219440253516368e+00 7.717478686176145963e+00
8.671123060844390551e+00 7.457012178112511158e+00
8.703251027296840192e+00 7.157748434058006204e+00
7.952338488850855924e+00 6.860566409220108852e+00
8.032572632328964346e+00 6.561302665165603898e+00
8.089956971378548189e+00 6.298526054535561691e+00
8.127948873190861789e+00 5.982158279404791834e+00
8.232169459044428095e+00 5.625460760126786752e+00
8.264711934634805246e+00 5.300980241020543104e+00
8.432586770239534957e+00 5.096910829781547747e+00
8.428521535781779761e+00 4.724279731909403424e+00
8.444979011654272227e+00 4.450593166278840940e+00
8.926923495184791335e+00 4.196491877773071089e+00
8.605104913796729704e+00 3.893943941664222752e+00
8.695225552115411816e+00 3.551631810424079383e+00
8.846678680901629122e+00 3.282039919291443120e+00
9.679108054673545070e+00 2.995785005495615660e+00
9.196292215071911968e+00 2.693333152893675919e+00
9.955015731523634059e+00 2.379213190333634209e+00
9.374396184491821771e+00 2.095682243940852896e+00
9.607962849011130402e+00 1.782713230906579627e+00
1.018844977199154300e+01 1.491652329726286696e+00
1.031226410674526228e+01 1.196493408559285099e+00
1.132423108411559909e+01 8.992356641434295916e-01
