0.000000000000000000e+00 4.057887647775914530e+01 3.708252570984431618e-01 1.192552048767788975e+01 4.662774044040965293e+00
0.000000000000000000e+00 7.044446197003738364e-02 2.763797923165459025e+00 3.124573488787453357e+01 2.073384374135274300e+01
0.000000000000000000e+00 2.088176057052621459e+01 1.460839553199329544e+01 1.358603599862038180e+01 3.258459598133841340e+00
0.000000000000000000e+00 1.748151827648754875e+01 1.541997306154847891e+01 1.343508004308014847e+01 3.258459598133841340e+00
1.229498708579787714e+00 3.083994612309694006e+01 1.117074070997676039e+01 4.701957019200964094e-01 3.409314209158557762e+00
2.254222783041196498e-01 8.113630252174683477e+00 2.455022026904428145e+01 7.947973434185211516e+00 3.348972364748671104e+00
3.240445250621719619e-01 7.624857345417179744e+00 2.414443150426667728e+01 8.984665621252855061e+00 2.360241256274266064e+00
8.192356641434295206e-01 8.514208236934702967e+00 2.170969891560116238e+01 9.330229683608731506e+00 2.290822395795612199e+00
1.179315087821430019e+00 5.376501974332617451e+00 2.394153712187789651e+01 9.099853642038146617e+00 2.337101636114715220e+00
1.204406898200607534e+00 7.814410299652404746e+00 2.170969891560115528e+01 4.607520831411709317e+00 5.857284910810261813e+00
0.000000000000000000e+00 1.408889239400747811e-02 5.362633768219149388e+00 2.414443150426668439e+01 1.117074070997675150e+01
0.000000000000000000e+00 5.061278806748891190e-01 7.233839020011169296e+00 2.373864273948908732e+01 8.408725517326391952e+00
0.000000000000000000e+00 8.192356641434295206e-01 2.509181037918001636e-02 2.982547421115297226e+01 8.528980913264376795e+00
0.000000000000000000e+00 1.408889239400747811e-02 2.280930770011324071e+01 1.541997306154848957e+01 0.000000000000000000e+00
0.000000000000000000e+00 1.408889239400747811e-02 1.006872187920473216e+01 2.049233262126834632e+01 7.094929910390639805e+00
0.000000000000000000e+00 0.000000000000000000e+00 7.357641055621294335e+00 2.353574835710028168e+01 6.038238221609056211e+00
2.676889554861420217e-01 4.250868230905426870e+00 9.477106720469572920e+00 1.562286744393729165e+01 6.565717184761697744e+00
0.000000000000000000e+00 1.408889239400747811e-02 2.280930770011324071e+01 5.681042706886288762e+00 7.065242358888254692e+00
7.782738809362590438e-01 6.451802369199151954e+00 6.103899243692267440e+00 1.582576182632607065e+01 5.529024997694055976e+00
0.000000000000000000e+00 1.408889239400747811e-02 9.970967297853224665e+00 2.069522700365714840e+01 3.321031021884988554e+00
0.000000000000000000e+00 0.000000000000000000e+00 1.748151827648754875e+01 1.156497979616135829e+01 4.264490456632193727e+00
0.000000000000000000e+00 0.000000000000000000e+00 1.016647646055623611e+01 2.069522700365714840e+01 1.509559555402267605e+00
0.000000000000000000e+00 0.000000000000000000e+00 1.016647646055623611e+01 2.150680453321233543e+01 0.000000000000000000e+00
0.000000000000000000e+00 0.000000000000000000e+00 1.679326952544472817e+01 7.496527239014883826e+00 6.492620236441474013e+00
0.000000000000000000e+00 1.408889239400747811e-02 7.277666696321060336e+00 1.947786070932438207e+01 3.522839942435289196e+00
0.000000000000000000e+00 0.000000000000000000e+00 2.296993662757882859e+01 3.186024076581337461e+00 3.449204500609537760e+00
0.000000000000000000e+00 0.000000000000000000e+00 1.748151827648754875e+01 5.622395429261166200e+00 5.681042706886269222e+00
0.000000000000000000e+00 0.000000000000000000e+00 7.437615414921527446e+00 1.602865620871484253e+01 4.642873550126565441e+00
0.000000000000000000e+00 0.000000000000000000e+00 1.016647646055623611e+01 1.086996449657156205e+01 6.289725854052671927e+00
0.000000000000000000e+00 0.000000000000000000e+00 7.437615414921527446e+00 1.907207194454677790e+01 0.000000000000000000e+00
0.000000000000000000e+00 0.000000000000000000e+00 1.748151827648754875e+01 5.622395429261166200e+00 2.637626971054333858e+00
0.000000000000000000e+00 0.000000000000000000e+00 2.264867877264765994e+01 2.436371352679847391e+00 0.000000000000000000e+00
0.000000000000000000e+00 2.817778478801495623e-02 7.277666696321067441e+00 1.704312812065883165e+01 0.000000000000000000e+00
0.000000000000000000e+00 0.000000000000000000e+00 5.493429713785473290e+00 1.805760003260281010e+01 0.000000000000000000e+00
0.000000000000000000e+00 0.000000000000000000e+00 1.341279379791084203e+01 7.121700877064146340e+00 2.231838206276751890e+00
0.000000000000000000e+00 0.000000000000000000e+00 5.493429713785473290e+00 1.663733935588122748e+01 0.000000000000000000e+00
0.000000000000000000e+00 0.000000000000000000e+00 5.362633768219149388e+00 9.798364575400752230e+00 6.086831471663890269e+00
0.000000000000000000e+00 1.408889239400747811e-02 5.362633768219149388e+00 9.637735647935164351e+00 5.478148324497486676e+00
0.000000000000000000e+00 0.000000000000000000e+00 1.016647646055623611e+01 9.745485410719338049e+00 0.000000000000000000e+00
0.000000000000000000e+00 1.408889239400747811e-02 7.357641055621294335e+00 1.180703040144843108e+01 0.000000000000000000e+00
0.000000000000000000e+00 0.000000000000000000e+00 5.493429713785473290e+00 1.293150948730067462e+01 0.000000000000000000e+00
0.000000000000000000e+00 0.000000000000000000e+00 5.493429713785473290e+00 9.477106720469572920e+00 2.623784533655224127e+00
0.000000000000000000e+00 1.549778163340822523e-01 0.000000000000000000e+00 1.596737102419335130e+01 8.031446373279214068e-01
0.000000000000000000e+00 0.000000000000000000e+00 4.032402985379068383e+00 1.108339599512543217e+01 9.370659048768670285e-01
0.000000000000000000e+00 0.000000000000000000e+00 4.086894917613917322e+00 1.092276706765985672e+01 3.748263619507539723e-01
0.000000000000000000e+00 0.000000000000000000e+00 5.493429713785473290e+00 8.192075300744880550e+00 9.370659048768670285e-01
0.000000000000000000e+00 4.226667718202243434e-02 9.873212716501731379e+00 4.015723186639637454e+00 0.000000000000000000e+00
0.000000000000000000e+00 0.000000000000000000e+00 3.035646899214519578e+00 8.258985012513804236e+00 1.766918202121448456e+00
0.000000000000000000e+00 5.635556957602991246e-02 7.117717977720600331e+00 1.749494843205762207e+00 3.533836404242881812e+00
0.000000000000000000e+00 2.817778478801495623e-02 2.945030573864833912e+00 8.258985012513804236e+00 4.818867823967558639e-01
0.000000000000000000e+00 0.000000000000000000e+00 4.086894917613917322e+00 4.665319581882028999e+00 2.570062839449385184e+00
0.000000000000000000e+00 0.000000000000000000e+00 7.437615414921527446e+00 2.565925770035105913e+00 1.101198001668509008e+00
0.000000000000000000e+00 0.000000000000000000e+00 2.990338736539678965e+00 5.715016487805480772e+00 2.088176057052613999e+00
0.000000000000000000e+00 1.127111391520598249e-01 0.000000000000000000e+00 9.384439809744216987e+00 1.049696905923439783e+00
0.000000000000000000e+00 0.000000000000000000e+00 5.493429713785473290e+00 3.615622675958567456e+00 1.101198001668509008e+00
0.000000000000000000e+00 0.000000000000000000e+00 5.428031741002311783e+00 3.732255665505621600e+00 6.882487510428082489e-01
0.000000000000000000e+00 8.453335436404486869e-02 0.000000000000000000e+00 6.957769259120141214e+00 2.565925770035105913e+00
0.000000000000000000e+00 0.000000000000000000e+00 4.086894917613917322e+00 4.665319581882028999e+00 5.505990008342545039e-01
0.000000000000000000e+00 0.000000000000000000e+00 2.854414248515144692e+00 6.064915456446641429e+00 1.376497502085537450e-01
0.000000000000000000e+00 0.000000000000000000e+00 3.035646899214519578e+00 5.598383498258437285e+00 0.000000000000000000e+00
0.000000000000000000e+00 0.000000000000000000e+00 3.977911053144215003e+00 3.030392021896570753e+00 1.282962885017547405e+00
0.000000000000000000e+00 0.000000000000000000e+00 0.000000000000000000e+00 7.437615414921527446e+00 6.842820694605140641e-01
0.000000000000000000e+00 0.000000000000000000e+00 0.000000000000000000e+00 5.428031741002311783e+00 2.052846208381551740e+00
0.000000000000000000e+00 0.000000000000000000e+00 2.259213190333634103e+00 4.301201579466103375e+00 9.330639163764080646e-01
0.000000000000000000e+00 0.000000000000000000e+00 0.000000000000000000e+00 5.493429713785473290e+00 1.759582464327037465e+00
0.000000000000000000e+00 0.000000000000000000e+00 0.000000000000000000e+00 5.493429713785473290e+00 1.466318720272532961e+00
0.000000000000000000e+00 0.000000000000000000e+00 3.035646899214519578e+00 3.616919510005589977e+00 0.000000000000000000e+00
0.000000000000000000e+00 0.000000000000000000e+00 3.035646899214519578e+00 3.323655765951084806e+00 0.000000000000000000e+00
0.000000000000000000e+00 0.000000000000000000e+00 3.035646899214519578e+00 2.079333341806024027e+00 9.775458135150187911e-01
0.000000000000000000e+00 0.000000000000000000e+00 2.259213190333634103e+00 2.639153856907642925e+00 8.797912321635141808e-01
0.000000000000000000e+00 0.000000000000000000e+00 2.221559637161406364e+00 2.719128216207876036e+00 4.887729067575047326e-01
0.000000000000000000e+00 0.000000000000000000e+00 3.035646899214519578e+00 2.079333341806024027e+00 0.000000000000000000e+00
0.000000000000000000e+00 0.000000000000000000e+00 3.035646899214519578e+00 9.155716189642498781e-01 9.596923116027784584e-01
0.000000000000000000e+00 0.000000000000000000e+00 1.204406898200607534e+00 2.354327020193777376e+00 9.775458135150187911e-01
0.000000000000000000e+00 0.000000000000000000e+00 1.664859108382177544e+00 1.961939183494811001e+00 6.397948744018523426e-01
0.000000000000000000e+00 1.408889239400747811e-02 4.032402985379063054e+00 0.000000000000000000e+00 0.000000000000000000e+00
0.000000000000000000e+00 0.000000000000000000e+00 8.806783389541884555e-01 2.681316884109574694e+00 1.599487186004591999e-01
0.000000000000000000e+00 0.000000000000000000e+00 1.229498708579787714e+00 2.158133101844291524e+00 0.000000000000000000e+00
0.000000000000000000e+00 0.000000000000000000e+00 1.229498708579787714e+00 1.896541210711655490e+00 0.000000000000000000e+00
0.000000000000000000e+00 7.044446197003738364e-02 0.000000000000000000e+00 2.070945424472496299e+00 7.083951190530816122e-01
0.000000000000000000e+00 2.817778478801495623e-02 1.603197659923579987e+00 5.890061147729641622e-01 3.269515934091166143e-01
0.000000000000000000e+00 0.000000000000000000e+00 0.000000000000000000e+00 2.259213190333634103e+00 0.000000000000000000e+00
0.000000000000000000e+00 1.408889239400747811e-02 8.601974473506023289e-01 1.087395904196243102e+00 0.000000000000000000e+00
0.000000000000000000e+00 0.000000000000000000e+00 8.806783389541884555e-01 6.401104039278613378e-01 1.359244880245298326e-01
0.000000000000000000e+00 0.000000000000000000e+00 1.229498708579787714e+00 1.541536211464988593e-01 0.000000000000000000e+00
0.000000000000000000e+00 0.000000000000000000e+00 8.806783389541884555e-01 2.158150696050964990e-01 0.000000000000000000e+00
0.000000000000000000e+00 0.000000000000000000e+00 0.000000000000000000e+00 8.192356641434295206e-01 0.000000000000000000e+00
