0.000000000000000000e+00 9.302745738794963859e-03 3.879434625576016060e+01 1.906118165177233337e+01 1.078191104025054248e+00
0.000000000000000000e+00 6.203643959565924119e-03 3.849891210519160722e+01 1.686697153245876279e+01 1.471339245302504262e+00
0.000000000000000000e+00 4.760715911032706998e-02 3.988771066988987002e+01 1.263230426395136163e+01 1.273854558356834143e+00
0.000000000000000000e+00 1.185682057642154508e-01 3.506103358111856494e+01 1.361348168029319261e+01 2.198026717582107548e+00
0.000000000000000000e+00 4.292519172364902547e-01 3.537500141226432504e+01 1.045236378041594882e+01 1.730307620048739059e+00
0.000000000000000000e+00 6.476684298015843444e-01 3.381077629698327058e+01 8.253512844894904887e+00 2.242580658203056743e+00
0.000000000000000000e+00 8.711351500880368803e-01 3.290680786076367070e+01 8.149706155202743219e+00 2.264857196846784770e+00
0.000000000000000000e+00 1.202731353801657965e+00 3.176228490745758037e+01 8.272423296880528909e+00 2.240063656466284581e+00
0.000000000000000000e+00 2.812634447404079197e+00 2.869007068101724656e+01 9.206683504109998140e+00 1.991078491342118229e+00
9.303007850987931454e-03 2.133926254392837674e+00 3.255562120800767190e+01 5.012700118362722890e+00 2.264857196846784770e+00
1.903109291381708812e-01 1.622914540686338336e+00 3.213628107960428792e+01 5.012700118362722890e+00 2.264857196846784770e+00
1.374467821553455871e-01 4.130206925365812687e+00 2.597836511803034654e+01 7.026743020574573784e+00 3.208349218664244606e+00
2.594327016884747650e-01 3.872532488299073261e+00 2.821346689548764530e+01 5.894480149736274655e+00 1.490534886174482043e+00
6.184963420706518500e-01 4.014334212194169638e+00 2.707409016109413713e+01 5.026157927931655500e+00 2.262320858018710634e+00
0.000000000000000000e+00 4.524516707675111937e-01 9.274840563412841021e+00 2.454968532552152638e+01 3.907772450552410515e+00
0.000000000000000000e+00 4.524516707675111937e-01 1.240239402834053450e+01 2.437483995930768188e+01 2.337301615778730191e-01
0.000000000000000000e+00 3.890467959681274568e+00 2.330865060085369578e+01 8.735827402581330503e+00 7.998148510321534399e-01
0.000000000000000000e+00 9.302745738794963859e-03 7.025048774942215246e+00 2.344737003826394073e+01 5.469715135041127496e+00
0.000000000000000000e+00 9.302745738794963859e-03 1.247853116512220595e+01 2.255320580715872936e+01 1.791995912398609003e-01
0.000000000000000000e+00 7.914796725722172965e-01 3.036140429832059695e+01 2.781810070291554915e-01 3.045482225997613757e+00
0.000000000000000000e+00 9.302745738794963859e-03 1.247853116512220595e+01 1.983073373666402262e+01 1.421394774577741993e+00
0.000000000000000000e+00 9.302745738794963859e-03 9.432419639971696412e+00 2.345361384462079002e+01 7.583732258837110052e-02
0.000000000000000000e+00 3.180539585587517926e-01 9.902713111646100685e+00 2.055672628879595365e+01 1.421658376508136978e+00
9.303007850987931454e-03 8.985625218732591346e-01 7.774568320485919060e+00 1.933577249968968559e+01 3.478405119055414829e+00
0.000000000000000000e+00 9.302745738794963859e-03 2.099587719988841883e+01 2.951498120255946933e+00 6.784814759283267271e+00
0.000000000000000000e+00 9.302745738794963859e-03 9.432419639971696412e+00 1.982365108396114906e+01 6.333438625874675543e-01
0.000000000000000000e+00 9.302745738794963859e-03 9.432419639971696412e+00 1.946065480789518531e+01 2.792404235729202822e-01
0.000000000000000000e+00 9.302745738794963859e-03 1.617364344203582505e+01 1.809520997152214372e+00 1.040521683577747858e+01
0.000000000000000000e+00 3.484113510532416830e-02 9.201550904755142923e+00 1.800866970363133390e+01 4.440326515554620657e-01
0.000000000000000000e+00 5.808039603885409852e-01 6.474531508768268218e+00 1.982365108396114906e+01 9.038810134099165006e-02
0.000000000000000000e+00 9.302745738794963859e-03 1.617364344203582505e+01 1.809520997152214372e+00 8.227239179381694356e+00
0.000000000000000000e+00 8.135617436026382210e-02 8.761885287242597187e+00 1.655668459936747539e+01 9.944023055782701126e-02
0.000000000000000000e+00 9.302745738794963859e-03 9.432419639971696412e+00 1.492320135707064388e+01 2.990454590208366792e-01
0.000000000000000000e+00 3.057000203831100604e-01 7.354483447207304181e+00 1.601219018526853333e+01 3.003259825267955430e-01
0.000000000000000000e+00 2.087620742338117397e-01 7.794368952970097020e+00 1.510469949510362042e+01 1.097348811161232979e-01
0.000000000000000000e+00 3.890467959681274568e+00 6.672162683213382628e-02 1.822670273593021051e+01 2.964455214771052338e-01
0.000000000000000000e+00 9.302745738794963859e-03 9.432419639971696412e+00 1.220072928657591760e+01 1.032437831769239256e-01
0.000000000000000000e+00 2.686382058561850861e-01 7.618422286842776892e+00 1.274522370067485966e+01 2.961928014951465959e-01
0.000000000000000000e+00 9.065918221125163212e-02 1.511182709577244943e+01 1.791377102225093054e+00 3.243678137533962502e+00
0.000000000000000000e+00 5.344715080730003121e-02 9.025693787651642097e+00 9.936601498419541656e+00 4.615342667541081356e-01
0.000000000000000000e+00 9.302745738794963859e-03 1.247853116512220595e+01 1.674238303591883081e+00 4.580189155319836836e+00
0.000000000000000000e+00 2.553812725433623684e-02 6.907582343760920729e+00 1.093753757280639682e+01 1.003484280490683361e-01
0.000000000000000000e+00 9.302745738794963859e-03 7.025048774942215246e+00 7.230016115822600398e+00 2.951498120255946933e+00
0.000000000000000000e+00 9.302745738794963859e-03 6.952434809610521960e+00 7.373565401429871713e+00 2.099781351074516689e+00
0.000000000000000000e+00 9.302745738794963859e-03 9.432419639971696412e+00 5.794383531402774956e+00 4.198252289771554624e-01
0.000000000000000000e+00 2.809921440318267072e-01 1.021661080546558864e+01 4.071299072107787076e+00 4.166834531409025488e-01
0.000000000000000000e+00 9.302745738794963859e-03 5.178859696701565873e+00 8.665391201291855694e+00 2.562710990738863992e-01
0.000000000000000000e+00 9.302745738794963859e-03 7.025048774942215246e+00 6.365663061887856244e+00 8.444750435169920411e-02
0.000000000000000000e+00 1.969813555736327215e-02 9.344594448049035051e+00 3.118209994207259417e+00 2.248737316051840629e-01
0.000000000000000000e+00 4.414414295631210322e-02 4.963469220387223935e+00 5.585433112612244955e+00 1.367868144129681607e+00
0.000000000000000000e+00 9.302745738794963859e-03 7.025048774942215246e+00 4.352873965447030535e+00 2.248737316051840629e-01
0.000000000000000000e+00 2.553812725433623684e-02 6.907582343760920729e+00 4.352873965447030535e+00 6.958658044657256569e-02
0.000000000000000000e+00 1.623511940334830192e-02 5.141683253237326667e+00 5.585433112612244955e+00 3.559616983053785488e-01
0.000000000000000000e+00 9.302745738794963859e-03 7.025048774942215246e+00 3.610652455688024176e+00 5.833216022183016630e-02
0.000000000000000000e+00 9.302745738794963859e-03 9.432419639971696412e+00 6.835962853119929017e-01 3.403643642925723856e-01
0.000000000000000000e+00 6.203643959565924119e-03 3.909095678854170419e+00 6.199724012883515378e+00 7.166881034921382398e-02
0.000000000000000000e+00 2.553812725433623684e-02 5.082280724944118866e+00 3.483806552607592977e+00 1.303127548712381456e+00
0.000000000000000000e+00 4.414414295631210322e-02 6.763075075049991725e+00 2.435197694959974957e+00 3.035869303931715280e-01
0.000000000000000000e+00 9.302745738794963859e-03 5.178859696701565873e+00 3.483806552607592977e+00 5.609060389533720992e-01
0.000000000000000000e+00 3.484113510532416830e-02 5.022876036384459120e+00 3.483806552607592977e+00 4.372024539935371878e-01
0.000000000000000000e+00 2.553812725433623684e-02 3.809516968093044298e+00 4.425995637515476311e+00 4.302039387991302144e-01
0.000000000000000000e+00 9.302745738794963859e-03 7.025048774942215246e+00 1.014308959183316539e+00 3.386248053216286968e-01
0.000000000000000000e+00 9.302745738794963859e-03 7.025048774942215246e+00 1.014308959183316539e+00 4.471594719090160597e-02
0.000000000000000000e+00 9.302745738794963859e-03 7.025048774942215246e+00 5.664209997975766520e-01 1.570802474435207263e-01
0.000000000000000000e+00 4.414414295631210322e-02 4.963469220387223935e+00 1.869051376900273009e+00 5.719358216290233443e-01
0.000000000000000000e+00 9.302745738794963859e-03 3.890467959681274568e+00 2.661307207911465245e+00 5.731342045250212847e-01
0.000000000000000000e+00 9.302745738794963859e-03 5.178859696701565873e+00 1.537505264363355550e+00 1.573537746424564232e-01
0.000000000000000000e+00 9.109628888459466722e-01 2.357702108909703886e-02 3.798740154853303963e+00 1.835993221315518120e+00
0.000000000000000000e+00 5.344715080730003121e-02 3.660135387721851430e+00 2.396215448472179155e+00 1.573537746424564232e-01
0.000000000000000000e+00 1.969813555736327215e-02 1.121949531582943305e+00 3.583349548231383075e+00 9.886099759467960046e-01
0.000000000000000000e+00 9.109628888459466722e-01 2.357702108909703886e-02 3.798740154853303963e+00 9.252789105877482490e-01
0.000000000000000000e+00 9.302745738794963859e-03 2.964659765863935981e+00 1.967105149746590786e+00 3.957615204916478113e-01
0.000000000000000000e+00 9.302745738794963859e-03 2.964659765863935981e+00 1.966143787848851243e+00 1.280225030432937672e-01
0.000000000000000000e+00 6.476684298015843444e-01 6.859048043120584762e-03 2.942543733443174325e+00 1.162140018395509067e+00
0.000000000000000000e+00 9.302745738794963859e-03 2.964659765863935981e+00 1.407014568111776942e+00 1.059625058790120561e-01
0.000000000000000000e+00 6.203643959565924119e-03 2.980259217573767216e+00 9.605994528813875943e-01 2.475606631945357350e-01
0.000000000000000000e+00 2.900114340835120361e-02 2.881356387725230395e+00 8.586160735309105174e-01 1.049093299808004642e-01
0.000000000000000000e+00 6.203643959565924119e-03 1.690163505025073620e+00 1.752905630613786014e+00 1.053347740004053068e-01
0.000000000000000000e+00 9.302745738794963859e-03 1.679337861663403153e+00 1.019127746235061416e+00 5.443377107764684197e-01
0.000000000000000000e+00 1.969813555736327215e-02 2.204177531985157312e+00 6.694623531410253126e-01 8.480902854493353737e-02
0.000000000000000000e+00 9.302745738794963859e-03 1.679337861663403153e+00 9.190451534868110395e-01 8.462300370884706657e-02
0.000000000000000000e+00 1.623511940334830192e-02 1.661228569754470197e+00 5.881864545729986737e-01 1.202003957547393975e-01
0.000000000000000000e+00 1.623511940334830192e-02 1.226850899935421957e+00 8.385238843300986122e-01 1.834303924762295188e-02
0.000000000000000000e+00 6.203643959565924119e-03 1.226729635660031237e+00 4.919377351822598055e-01 5.858746778226964907e-02
0.000000000000000000e+00 6.169066171653119629e-03 1.250727917518404064e+00 1.853126448598713949e-01 4.769424894390864728e-02
0.000000000000000000e+00 9.302745738794963859e-03 6.476684298015843444e-01 5.047984349492837808e-01 3.607871882099451810e-02
0.000000000000000000e+00 9.302745738794963859e-03 4.524516707675111937e-01 2.858751467775774158e-01 1.435684303809642015e-01
