5.299942150336090993e-03 6.662481983658355119e-04 4.828995156731780538e-04 1.414014507749753305e-05 3.135077744158999019e-05
6.173562752937244297e-03 7.389642757676328447e-04 4.571333705775441577e-04 1.341446041629333136e-05 3.652908341534228293e-05
5.236587271376880182e-03 6.648947906446367505e-04 4.867745382317442064e-04 1.432731519349700799e-05 3.073142625846540858e-05
5.471463920883369754e-03 6.742277756877238046e-04 4.977167620795594407e-04 1.379855188049793451e-05 3.161519028832115302e-05
5.346202828195782339e-03 6.736280732472445416e-04 5.081514130396040186e-04 1.427615409971835958e-05 3.094874939834841904e-05
5.809361840212225181e-03 7.044349046974384765e-04 5.235746369454094594e-04 1.796846006727295900e-05 3.123148082741715432e-05
5.136638279417300723e-03 7.241399716699686070e-04 5.368859430361124906e-04 1.583157281213905509e-05 3.362230288779900018e-05
5.268657281009414030e-03 7.448315858211390465e-04 5.938546166200580701e-04 1.710243445597486132e-05 3.399429822828637916e-05
5.265864989645865565e-03 7.115637423451338407e-04 5.823874698672451208e-04 1.591051571801761237e-05 3.852682589571898504e-05
5.398919446337006704e-03 7.840723369500420025e-04 6.267306066605476825e-04 2.075776059907069975e-05 3.719747588978268229e-05
4.754262961621950022e-03 6.959314181512802049e-04 5.495374907021773579e-04 1.604159819445400445e-05 3.316006450139055104e-05
5.208617130710817625e-03 6.932683868003263914e-04 5.343039132014339295e-04 1.592128045708964581e-05 3.318242156113108417e-05
5.379466991453554087e-03 7.453441993451725284e-04 5.609098999292672343e-04 1.456045354892289176e-05 3.593540357660879829e-05
4.773499422122456405e-03 7.083713209072868121e-04 5.614065162139078536e-04 1.652932185382149813e-05 3.406727352035019942e-05
5.645674550394638551e-03 7.617720587309923701e-04 5.796232462486402160e-04 1.627973126941560433e-05 4.168101760750900030e-05
5.436765465114173392e-03 7.837397846606045972e-04 7.105845487836910147e-04 2.376434497576813081e-05 3.754362930764597496e-05
4.529665122670868682e-03 6.888947624379254111e-04 5.950263462371204815e-04 1.685804449797473603e-05 3.762342439380841452e-05
4.500880783281042963e-03 6.876371529693417863e-04 6.042444584742765390e-04 1.739324271581721296e-05 3.698505250026562892e-05
4.541744603825585355e-03 6.981583721374724685e-04 6.035432511239649436e-04 1.730082439783777647e-05 3.783190094946886259e-05
5.769097395009851158e-03 7.448138369621626472e-04 5.624032736927865898e-04 1.576549605345953830e-05 4.446151497666467816e-05
4.512603392759139895e-03 6.856207720087410720e-04 6.063793826102965162e-04 1.716662267389207358e-05 3.921028844938190554e-05
5.727906106511156288e-03 7.431913525550939851e-04 5.609935766415243257e-04 1.380563923321041222e-05 4.278273223740399606e-05
5.654796053584288176e-03 7.297268264563342354e-04 5.591348903537723481e-04 1.383652983480459153e-05 4.394356073684137519e-05
4.628592405025824461e-03 6.830778195640151021e-04 5.992489140281904081e-04 1.699827555095670845e-05 3.911909987448427558e-05
4.523273594495229484e-03 6.731354105908583492e-04 6.188654130569447862e-04 1.744196726448320845e-05 4.110889867750371074e-05
5.762964746099150971e-03 7.236401424718165746e-04 5.592247695035981953e-04 1.363372272138009010e-05 4.668768359989135621e-05
4.640423529878675082e-03 6.925867395311929289e-04 6.281195226451142611e-04 1.788918400354441038e-05 4.087098655991572451e-05
4.591772822746695466e-03 6.748195085750646619e-04 6.390670239286189592e-04 1.792265111506873097e-05 4.411048041791270274e-05
4.583377510219654311e-03 6.748144044219607984e-04 6.357631096311195220e-04 1.778265368614705841e-05 4.393776461586908352e-05
4.628052448936477090e-03 6.746905688078624983e-04 6.176178916991168812e-04 1.731462803424216592e-05 4.335484784201384565e-05
4.599634355358449278e-03 6.846044172570183318e-04 6.435956933235851283e-04 1.802374147184560241e-05 4.470343280357463829e-05
4.663956414075741928e-03 6.768860662102556183e-04 6.274376832044517831e-04 1.752371502911832354e-05 4.456044938641611392e-05
5.967196774399891566e-03 7.203469708067032195e-04 5.875501586115832288e-04 1.414404843863312004e-05 5.135526489278508048e-05
4.717331830621237544e-03 6.768990728178158082e-04 6.421512608567862433e-04 1.767243735093143697e-05 4.737225702571227749e-05
4.787995046526462121e-03 6.763715775025280503e-04 6.281580365900904126e-04 1.730386983678213148e-05 4.642106370384219073e-05
4.792856210072523465e-03 6.853702119546846308e-04 6.478975098692281442e-04 1.791547991505202129e-05 4.719564953800972732e-05
4.731449759422631969e-03 6.786640928944750366e-04 6.510362103145557206e-04 1.789580493676489018e-05 4.817127056849069113e-05
4.817547936119962945e-03 6.835959352536646102e-04 6.527688785878124969e-04 1.790405843746505172e-05 4.895626892715113402e-05
6.618400419505354043e-03 7.498733523104581184e-04 5.965565731312116914e-04 1.563277587838521324e-05 5.706276509492184886e-05
6.378839358424702975e-03 7.146326274482927426e-04 5.999889928425124978e-04 1.303815444803461558e-05 5.804436821849515935e-05
4.956211671579779064e-03 6.726764534385433134e-04 6.410021529813662898e-04 1.718000072274764180e-05 5.182919417629483619e-05
6.472024889973262453e-03 7.284846283209515288e-04 5.947917191085376953e-04 1.353442040851612500e-05 5.844134954036928981e-05
6.461824529357397019e-03 7.006938710629579369e-04 6.287977946400032710e-04 1.444716632335592860e-05 6.283057033143415895e-05
4.939751253187289748e-03 6.832127679968135955e-04 6.950580116742004775e-04 1.873333075468424955e-05 5.448472551544491740e-05
4.974734482958528825e-03 6.892962864844312792e-04 7.115517573289286725e-04 1.926454367964949862e-05 5.493030214009188744e-05
5.069326774841306435e-03 6.811225779115219568e-04 6.696642703235780201e-04 1.742394988729795778e-05 5.539929980518735862e-05
6.701713243077992398e-03 7.029049289715597970e-04 6.410079749873627336e-04 1.491338133865128033e-05 6.718027133257689393e-05
5.169207758108139948e-03 6.844882228021419938e-04 6.879899458955093415e-04 1.796101122698564939e-05 5.746845908939364304e-05
6.776306249944444651e-03 7.031430804246683762e-04 6.525507268935608644e-04 1.436955604002989118e-05 6.861481187452896742e-05
5.288867414172880067e-03 6.824823523629185628e-04 7.364101343825829203e-04 1.855825136447445620e-05 6.473530860742136546e-05
6.926683294927070932e-03 7.256134716762184349e-04 6.572627429188859522e-04 1.396695951864019445e-05 6.900019823819063009e-05
5.196439259342698104e-03 6.939787598811853614e-04 7.401953218863053944e-04 1.912332452747383284e-05 6.253602416916808997e-05
6.848297765236394802e-03 7.146248333223066337e-04 6.526757498071610432e-04 1.429528280501595677e-05 6.880943195136028472e-05
6.807909990839267414e-03 7.315754507185444518e-04 7.146999570615895480e-04 1.582751037550312372e-05 7.035698184773390984e-05
5.359600339174866099e-03 6.978804606431253214e-04 7.210276834553976978e-04 1.852074702603519982e-05 6.160094990855103498e-05
6.995054889398001977e-03 7.236096527655309224e-04 6.542308087653057056e-04 1.444181551143840265e-05 6.975357505247920767e-05
6.913305581155248722e-03 7.253506697874658729e-04 6.941598125103501989e-04 1.550996772692718744e-05 7.144347151538195568e-05
5.423217958135967409e-03 7.024311594643543703e-04 7.127661823819271460e-04 1.795330005163707295e-05 6.268671452797239610e-05
5.533096128456979797e-03 7.008633968105424609e-04 7.109234116152486366e-04 1.761719328423416931e-05 6.456746893713187626e-05
5.446043775745684941e-03 6.992882326495032360e-04 7.479250824108766042e-04 1.878313139700924967e-05 6.645556142317086501e-05
7.048882941705711044e-03 7.409904918008594415e-04 7.363057826514396746e-04 1.598071653594107446e-05 7.386860534800389279e-05
7.091011488097446504e-03 7.200723457638004985e-04 7.004545178202421828e-04 1.447625030462152391e-05 7.523424295501590609e-05
5.524013683006536238e-03 7.044054403202380235e-04 7.620551849485872418e-04 1.887886642081836210e-05 6.772341110675507197e-05
5.653624988283851779e-03 7.194155024134891172e-04 7.494274322796810103e-04 1.847105586410869809e-05 6.748397185375023058e-05
7.243753296399286536e-03 7.352113819058589796e-04 7.280925660484236905e-04 1.515792990481455370e-05 7.713030435109403862e-05
5.641636752399054738e-03 7.126587634017509049e-04 7.994417043464343859e-04 1.953090054853356928e-05 7.236964948885458244e-05
7.377138762685355074e-03 7.493718482848025142e-04 7.285790534009113292e-04 1.533220569658516323e-05 7.784107130343935151e-05
5.765317138827739073e-03 7.167776718018762120e-04 7.818878403322623155e-04 1.883207623498258241e-05 7.153022839507902793e-05
7.579692283202516846e-03 7.572003819482223726e-04 6.961419158050028517e-04 1.406362837065890070e-05 7.840116672555474584e-05
7.745081107587767702e-03 7.384564804707391145e-04 7.099226846779496279e-04 1.389969096748908872e-05 8.552710414654080700e-05
5.943748539880333581e-03 7.407093291196592457e-04 7.851714533391015906e-04 1.888337296871859448e-05 7.308823768935471873e-05
7.663508051606759096e-03 7.426923562131936907e-04 7.330978658443039605e-04 1.473454120278405804e-05 8.425723465806708289e-05
5.911696786458286654e-03 7.437178600923076725e-04 8.290854877724974361e-04 2.005107026657076182e-05 7.613515289134010686e-05
7.848428817963501794e-03 7.692969579756491535e-04 7.320032100800545399e-04 1.453282638709049288e-05 8.479834006894958675e-05
7.902289547280713644e-03 7.648507337223337281e-04 7.322672638146042641e-04 1.453752455948494498e-05 8.604227659791133720e-05
7.908202775572959614e-03 7.797364104831644438e-04 8.303921333266559230e-04 1.551761878132799290e-05 9.108227440019917031e-05
8.132445100824788053e-03 7.991028951181520113e-04 8.130732833656049464e-04 1.661815395856457842e-05 9.075109997841901595e-05
8.209934304089864729e-03 8.033724399883168362e-04 7.795191765069726681e-04 1.507764402493270090e-05 9.161677532737224901e-05
8.082889789488935384e-03 7.934705375694488120e-04 8.591721310272653787e-04 1.661418455990203979e-05 9.568048286685537889e-05
8.583705937210790379e-03 8.235284534598929194e-04 8.318395416832942641e-04 1.601957481968599773e-05 9.663913471572793343e-05
8.489741046377787329e-03 8.180513347429425441e-04 8.799758662338399377e-04 1.516020324871136289e-05 1.024211215530445673e-04
8.795432670720587306e-03 8.397652583383249285e-04 8.152700699535614902e-04 1.473980621625813032e-05 1.018053947692655273e-04
8.818807375662611817e-03 8.542702529217941496e-04 9.087417727419786059e-04 1.728478209047823832e-05 1.065256135380089863e-04
8.490432897133937465e-03 8.267578152632113365e-04 7.437243690509652127e-04 1.685449054890602558e-05 9.060639988511434001e-05
9.334567188551036107e-03 9.080943825227951469e-04 9.685507671254309833e-04 1.791722053969534314e-05 1.173095284970991224e-04
9.573081782739889176e-03 9.531992230178613999e-04 7.252084211662701259e-04 1.624347088857648708e-05 9.677491918311531560e-05
9.855969824488414188e-03 1.025896516736637086e-03 7.665985145826777463e-04 1.702051705522835464e-05 1.037706453206769315e-04
1.053207480509470682e-02 1.104185925767879606e-03 1.075561402210719209e-03 1.878639204070046338e-05 1.117929318548582947e-04
1.341651172562984516e-02 2.091280134459686055e-03 8.134862460571509832e-04 1.627159468369044162e-05 1.246916367287538314e-04
