8.000000000000000444e-01 7.189999999999999725e-01 6.330000000000000071e-01 5.250000000000000222e-01 4.000000000000000222e-01 4.000000000000000222e-01 -2.000000000000000111e-01 -2.000000000000000111e-01 1.990000000000000102e-01 -2.000000000000000111e-01 2.000000000000000111e-01 -2.000000000000000111e-01
8.000000000000000444e-01 7.189999999999999725e-01 6.330000000000000071e-01 5.250000000000000222e-01 4.000000000000000222e-01 4.000000000000000222e-01 -2.000000000000000111e-01 -2.000000000000000111e-01 1.990000000000000102e-01 -2.000000000000000111e-01 2.000000000000000111e-01 -2.000000000000000111e-01
8.000000000000000444e-01 7.189999999999999725e-01 6.330000000000000071e-01 5.250000000000000222e-01 4.000000000000000222e-01 4.000000000000000222e-01 -2.000000000000000111e-01 -2.000000000000000111e-01 1.990000000000000102e-01 -2.000000000000000111e-01 2.000000000000000111e-01 -2.000000000000000111e-01
8.000000000000000444e-01 7.189999999999999725e-01 6.330000000000000071e-01 5.250000000000000222e-01 4.000000000000000222e-01 4.000000000000000222e-01 -2.000000000000000111e-01 -2.000000000000000111e-01 1.990000000000000102e-01 -2.000000000000000111e-01 2.000000000000000111e-01 -2.000000000000000111e-01
8.000000000000000444e-01 7.189999999999999725e-01 6.330000000000000071e-01 5.250000000000000222e-01 4.000000000000000222e-01 4.000000000000000222e-01 -2.000000000000000111e-01 -2.000000000000000111e-01 1.990000000000000102e-01 -2.000000000000000111e-01 2.000000000000000111e-01 -2.000000000000000111e-01
8.000000000000000444e-01 7.179999999999999716e-01 6.350000000000000089e-01 5.320000000000000284e-01 4.040000000000000258e-01 4.040000000000000258e-01 -2.000000000000000111e-01 -2.000000000000000111e-01 1.970000000000000084e-01 -2.000000000000000111e-01 2.000000000000000111e-01 -2.000000000000000111e-01
8.000000000000000444e-01 7.169999999999999707e-01 5.959999999999999742e-01 5.040000000000000036e-01 4.089999999999999747e-01 4.079999999999999738e-01 -2.000000000000000111e-01 -2.000000000000000111e-01 1.980000000000000093e-01 -2.000000000000000111e-01 2.000000000000000111e-01 -2.000000000000000111e-01
8.000000000000000444e-01 7.369999999999999885e-01 6.550000000000000266e-01 5.460000000000000409e-01 4.219999999999999862e-01 4.179999999999999827e-01 -2.000000000000000111e-01 -2.000000000000000111e-01 1.970000000000000084e-01 -2.000000000000000111e-01 2.000000000000000111e-01 -2.000000000000000111e-01
8.000000000000000444e-01 7.399999999999999911e-01 6.879999999999999449e-01 5.769999999999999574e-01 4.759999999999999787e-01 4.159999999999999809e-01 -2.000000000000000111e-01 -2.000000000000000111e-01 -2.000000000000000111e-01 1.960000000000000075e-01 -2.000000000000000111e-01 2.000000000000000111e-01
8.000000000000000444e-01 7.229999999999999760e-01 6.570000000000000284e-01 5.769999999999999574e-01 4.869999999999999885e-01 4.229999999999999871e-01 -2.000000000000000111e-01 -2.000000000000000111e-01 1.970000000000000084e-01 1.880000000000000004e-01 -2.000000000000000111e-01 2.000000000000000111e-01
8.000000000000000444e-01 7.299999999999999822e-01 6.820000000000000506e-01 5.719999999999999529e-01 4.969999999999999973e-01 4.249999999999999889e-01 -2.000000000000000111e-01 -2.000000000000000111e-01 1.729999999999999871e-01 -2.000000000000000111e-01 1.980000000000000093e-01 -1.970000000000000084e-01
8.000000000000000444e-01 7.299999999999999822e-01 6.820000000000000506e-01 5.769999999999999574e-01 5.240000000000000213e-01 4.359999999999999987e-01 -1.990000000000000102e-01 -2.000000000000000111e-01 1.809999999999999942e-01 2.000000000000000111e-01 -1.990000000000000102e-01 2.000000000000000111e-01
8.000000000000000444e-01 8.000000000000000444e-01 7.159999999999999698e-01 6.700000000000000400e-01 5.570000000000000506e-01 5.210000000000000187e-01 -2.000000000000000111e-01 2.000000000000000111e-01 -2.000000000000000111e-01 1.930000000000000049e-01 1.990000000000000102e-01 -2.000000000000000111e-01
8.000000000000000444e-01 7.299999999999999822e-01 6.700000000000000400e-01 5.749999999999999556e-01 5.350000000000000311e-01 5.160000000000000142e-01 -1.990000000000000102e-01 -2.000000000000000111e-01 1.719999999999999862e-01 -2.000000000000000111e-01 -7.699999999999999900e-02 2.000000000000000111e-01
8.000000000000000444e-01 8.000000000000000444e-01 7.510000000000000009e-01 7.179999999999999716e-01 6.560000000000000275e-01 5.530000000000000471e-01 -2.000000000000000111e-01 2.000000000000000111e-01 -1.980000000000000093e-01 -2.000000000000000111e-01 2.000000000000000111e-01 -2.000000000000000111e-01
8.000000000000000444e-01 8.000000000000000444e-01 8.000000000000000444e-01 7.269999999999999796e-01 5.909999999999999698e-01 5.899999999999999689e-01 -2.000000000000000111e-01 2.000000000000000111e-01 -6.099999999999999867e-02 -2.000000000000000111e-01 -2.000000000000000111e-01 2.000000000000000111e-01
8.000000000000000444e-01 8.000000000000000444e-01 7.980000000000000426e-01 7.469999999999999973e-01 6.390000000000000124e-01 6.029999999999999805e-01 -2.000000000000000111e-01 2.000000000000000111e-01 -5.899999999999999689e-02 -2.000000000000000111e-01 1.970000000000000084e-01 -1.950000000000000067e-01
8.000000000000000444e-01 8.000000000000000444e-01 7.980000000000000426e-01 7.079999999999999627e-01 6.310000000000000053e-01 5.959999999999999742e-01 -2.000000000000000111e-01 2.000000000000000111e-01 -5.899999999999999689e-02 -2.000000000000000111e-01 2.000000000000000111e-01 -2.000000000000000111e-01
8.000000000000000444e-01 8.000000000000000444e-01 7.299999999999999822e-01 6.370000000000000107e-01 6.370000000000000107e-01 6.039999999999999813e-01 -2.000000000000000111e-01 2.000000000000000111e-01 -2.000000000000000111e-01 -2.000000000000000111e-01 2.000000000000000111e-01 -9.400000000000000022e-02
8.000000000000000444e-01 8.000000000000000444e-01 8.000000000000000444e-01 6.550000000000000266e-01 6.430000000000000160e-01 6.380000000000000115e-01 -2.000000000000000111e-01 2.000000000000000111e-01 -5.999999999999999778e-02 2.000000000000000111e-01 -2.000000000000000111e-01 2.000000000000000111e-01
8.000000000000000444e-01 8.000000000000000444e-01 7.229999999999999760e-01 6.550000000000000266e-01 6.139999999999999902e-01 6.119999999999999885e-01 -2.000000000000000111e-01 2.000000000000000111e-01 -2.000000000000000111e-01 2.000000000000000111e-01 -2.000000000000000111e-01 -9.099999999999999756e-02
8.000000000000000444e-01 8.000000000000000444e-01 7.299999999999999822e-01 6.580000000000000293e-01 6.239999999999999991e-01 6.169999999999999929e-01 -2.000000000000000111e-01 2.000000000000000111e-01 -2.000000000000000111e-01 2.000000000000000111e-01 -9.099999999999999756e-02 -1.970000000000000084e-01
8.000000000000000444e-01 8.000000000000000444e-01 7.990000000000000435e-01 7.079999999999999627e-01 6.390000000000000124e-01 6.370000000000000107e-01 -2.000000000000000111e-01 2.000000000000000111e-01 -5.899999999999999689e-02 -2.000000000000000111e-01 -1.990000000000000102e-01 2.000000000000000111e-01
8.000000000000000444e-01 8.000000000000000444e-01 7.249999999999999778e-01 6.740000000000000435e-01 6.360000000000000098e-01 6.290000000000000036e-01 -2.000000000000000111e-01 2.000000000000000111e-01 -2.000000000000000111e-01 1.990000000000000102e-01 -8.400000000000000522e-02 -2.000000000000000111e-01
8.000000000000000444e-01 8.000000000000000444e-01 7.269999999999999796e-01 6.909999999999999476e-01 6.410000000000000142e-01 6.380000000000000115e-01 -2.000000000000000111e-01 2.000000000000000111e-01 -2.000000000000000111e-01 -5.000000000000000278e-02 1.990000000000000102e-01 -1.950000000000000067e-01
8.000000000000000444e-01 8.000000000000000444e-01 7.369999999999999885e-01 7.199999999999999734e-01 6.590000000000000302e-01 6.420000000000000151e-01 2.000000000000000111e-01 -2.000000000000000111e-01 -2.000000000000000111e-01 -5.099999999999999672e-02 2.000000000000000111e-01 -2.000000000000000111e-01
8.000000000000000444e-01 8.000000000000000444e-01 7.990000000000000435e-01 7.099999999999999645e-01 6.840000000000000524e-01 6.580000000000000293e-01 -2.000000000000000111e-01 2.000000000000000111e-01 -5.899999999999999689e-02 -2.000000000000000111e-01 -1.900000000000000022e-01 1.930000000000000049e-01
8.000000000000000444e-01 8.000000000000000444e-01 8.000000000000000444e-01 7.079999999999999627e-01 6.710000000000000409e-01 6.690000000000000391e-01 -2.000000000000000111e-01 2.000000000000000111e-01 -6.099999999999999867e-02 -1.930000000000000049e-01 1.970000000000000084e-01 -2.000000000000000111e-01
8.000000000000000444e-01 8.000000000000000444e-01 8.000000000000000444e-01 7.069999999999999618e-01 6.800000000000000488e-01 6.780000000000000471e-01 -2.000000000000000111e-01 2.000000000000000111e-01 -5.899999999999999689e-02 -1.930000000000000049e-01 1.970000000000000084e-01 -2.000000000000000111e-01
8.000000000000000444e-01 8.000000000000000444e-01 8.000000000000000444e-01 7.189999999999999725e-01 6.850000000000000533e-01 6.820000000000000506e-01 -5.800000000000000294e-02 2.000000000000000111e-01 -2.000000000000000111e-01 -1.930000000000000049e-01 1.970000000000000084e-01 -2.000000000000000111e-01
8.000000000000000444e-01 8.000000000000000444e-01 7.950000000000000400e-01 7.169999999999999707e-01 7.069999999999999618e-01 7.019999999999999574e-01 -2.000000000000000111e-01 2.000000000000000111e-01 -5.299999999999999850e-02 -2.000000000000000111e-01 -1.990000000000000102e-01 1.930000000000000049e-01
8.000000000000000444e-01 8.000000000000000444e-01 7.590000000000000080e-01 7.309999999999999831e-01 6.939999999999999503e-01 6.879999999999999449e-01 -2.000000000000000111e-01 2.000000000000000111e-01 -5.299999999999999850e-02 -5.099999999999999672e-02 1.890000000000000013e-01 -2.000000000000000111e-01
8.000000000000000444e-01 8.000000000000000444e-01 7.489999999999999991e-01 7.149999999999999689e-01 7.139999999999999680e-01 7.019999999999999574e-01 -2.000000000000000111e-01 2.000000000000000111e-01 -5.299999999999999850e-02 -2.000000000000000111e-01 -1.990000000000000102e-01 1.920000000000000040e-01
8.000000000000000444e-01 8.000000000000000444e-01 7.369999999999999885e-01 7.239999999999999769e-01 7.229999999999999760e-01 7.229999999999999760e-01 -2.000000000000000111e-01 2.000000000000000111e-01 -5.500000000000000028e-02 1.779999999999999916e-01 1.970000000000000084e-01 -1.950000000000000067e-01
8.000000000000000444e-01 8.000000000000000444e-01 8.000000000000000444e-01 7.670000000000000151e-01 7.439999999999999947e-01 7.369999999999999885e-01 2.000000000000000111e-01 -6.300000000000000044e-02 -2.000000000000000111e-01 -5.099999999999999672e-02 -2.000000000000000111e-01 1.829999999999999960e-01
