1.308379733057295269e+01 5.701445236528630289e+01
1.316581440478134368e+01 5.644355746047859412e+01
1.319276688343084558e+01 5.392511128806540199e+01
1.319196537008720149e+01 4.934150775148350476e+01
1.298738964253760386e+01 4.778698694464874563e+01
1.304047691978284007e+01 4.370880653445793484e+01
1.303195963292119863e+01 4.414649721533979232e+01
1.325942040396936861e+01 4.323177927864293935e+01
1.327195510120750299e+01 4.153991581345228923e+01
1.308195571795051926e+01 4.188465365695452647e+01
1.321379436346726521e+01 4.118365598094370483e+01
1.333017728561558890e+01 4.049106601263198257e+01
1.362192255156680432e+01 3.974095397894713955e+01
1.363439103241390526e+01 3.888364631475189270e+01
1.350600109392713755e+01 3.819688176966097615e+01
1.390368900332755686e+01 3.742555540243191103e+01
1.384539411808726683e+01 3.657838575097954958e+01
1.489151295324543867e+01 3.597868281148172542e+01
1.391518080800786628e+01 3.524845074330402639e+01
1.404807182033510671e+01 3.409871286357419962e+01
1.384446823457895981e+01 3.373306494300520342e+01
1.403906548603546867e+01 3.208806997944257233e+01
1.398039122465389639e+01 3.212983185040347678e+01
1.397928781666807296e+01 3.128994480397826550e+01
1.397913698604139476e+01 3.074269804082752344e+01
1.405117498806279386e+01 2.973731883679330679e+01
1.402725586348004683e+01 2.924598537105559259e+01
1.408074291208581386e+01 2.842903437639653674e+01
1.400336789704437912e+01 2.765156148341297282e+01
1.407012040883210169e+01 2.689987053160473707e+01
1.404922555100531412e+01 2.622590318075150151e+01
1.409348383939902050e+01 2.535600907776199620e+01
1.407036115745533422e+01 2.473560979212031796e+01
1.407549798209273106e+01 2.399288403176779738e+01
1.407782586010652714e+01 2.314163854026707057e+01
1.410845753418898596e+01 2.244084189791090012e+01
1.411125172506646308e+01 2.158882619756813881e+01
1.412685398121556801e+01 2.086358941775753806e+01
1.418437307261833169e+01 2.020176258546461412e+01
1.415718634514905361e+01 1.933949558156526294e+01
1.420605087019275281e+01 1.869120998125339383e+01
1.420839498388514244e+01 1.796308143845108773e+01
1.422238829937943194e+01 1.723281927628688237e+01
1.424619448515596964e+01 1.641198835237862141e+01
1.425266855041205361e+01 1.567489184756878196e+01
1.427223200525853741e+01 1.486834640802621976e+01
1.430938773926532193e+01 1.414141260548308487e+01
1.428402666781348174e+01 1.349154808057427957e+01
1.433861759269220038e+01 1.273607760660338961e+01
1.436598595642628950e+01 1.192575922936745592e+01
1.436154595408168255e+01 1.164332665028460845e+01
1.441524647140233029e+01 1.132758796994428963e+01
1.445038138959126073e+01 1.042725023803743412e+01
1.436821260814165946e+01 1.078885130407370063e+01
1.444589093982525796e+01 1.040363126965514873e+01
1.453137334832887007e+01 1.006681580934038678e+01
1.446183705456634350e+01 9.839594657505978503e+00
1.449364103086328548e+01 9.503829745165715437e+00
1.447777422332349673e+01 9.192206792215959155e+00
1.451105806386467378e+01 8.931298594765879173e+00
1.459088572343688917e+01 8.603192302415003212e+00
1.451004067416959131e+01 8.394933778442682737e+00
1.458876798303721500e+01 8.084916100755688007e+00
1.456853765109912935e+01 7.716160698504276994e+00
1.457749875696057273e+01 7.483765066120199982e+00
1.461271828808858686e+01 7.193381928847836448e+00
1.477787593380034892e+01 6.822959646287143798e+00
1.491332649601069349e+01 6.314907296372775036e+00
1.478118678086045534e+01 6.224685413348340468e+00
1.473075383333843824e+01 5.952328761013649938e+00
1.480243919636048133e+01 5.665441613740049398e+00
1.481796285437466665e+01 5.326535519628323279e+00
1.483617499880742763e+01 5.014947500006146086e+00
1.493139533455903134e+01 4.742029032036815472e+00
1.497755296757500787e+01 4.481466429986333821e+00
1.498725411360433668e+01 4.166429293553228774e+00
1.510245670392874651e+01 3.897024979407437417e+00
1.513992286099637141e+01 3.590495508840549022e+00
1.519179174264866106e+01 3.278247067783630175e+00
1.535519859175990298e+01 2.935178433209033599e+00
1.536431589873959780e+01 2.675710776125765467e+00
1.549540055751712586e+01 2.368151869541852861e+00
1.558231389517094101e+01 2.097577056957347086e+00
1.594449462625257041e+01 1.780841079855875364e+00
1.599280261473916021e+01 1.489625015257764584e+00
1.626162047144635281e+01 1.187984480484198802e+00
1.658069312492384739e+01 8.966034571974885736e-01
