0.000000000000000000e+00 2.886162987020732729e+01 1.399971238482690516e+01 1.612632290994105988e+00 1.442471446658872836e+01 0.000000000000000000e+00
0.000000000000000000e+00 2.104238949799180602e+01 2.414443150426667728e+01 1.025296481128687454e+01 0.000000000000000000e+00 0.000000000000000000e+00
0.000000000000000000e+00 2.280930770011325137e+01 1.217366294332774146e+01 7.245885865930863368e+00 1.025296481128687454e+01 0.000000000000000000e+00
0.000000000000000000e+00 1.831556011220971947e-01 2.088176057052621459e+01 1.907207194454682053e+01 2.212379519415439866e+00 7.217011765105501908e+00
0.000000000000000000e+00 3.522469272901332382e-01 1.815106880361125619e+01 1.663733935588125590e+01 8.408725517326384846e+00 3.228288675928899565e+00
0.000000000000000000e+00 1.006872187920473216e+01 6.425157098623431651e+00 1.907207194454682053e+01 5.044225304267221155e+00 3.198117753723956014e+00
0.000000000000000000e+00 5.736115980982078311e-01 9.447272153311114806e+00 2.739074162248741118e+01 6.083425788030209169e+00 3.789896912618837682e-02
0.000000000000000000e+00 4.086894917613917322e+00 1.092276706765985672e+01 1.947786070932438207e+01 6.283157835139883574e+00 1.915894099844746012e+00
0.000000000000000000e+00 1.549778163340822523e-01 9.091176065689712260e+00 2.069522700365714840e+01 1.177456453213765819e+01 3.918297516000820435e-01
0.000000000000000000e+00 1.016647646055623611e+01 2.394153712187788230e+01 5.759401039264642641e+00 1.568915601109907298e-01 1.332221155440276750e+00
0.000000000000000000e+00 2.817778478801495345e-01 1.108013400696982309e+01 2.150680453321234964e+01 5.183460935338178643e+00 2.510264961775828141e+00
0.000000000000000000e+00 1.129131467063070104e+00 8.047676278746500600e+00 2.170969891560115528e+01 4.722708852197006202e+00 4.183774936293040980e+00
0.000000000000000000e+00 2.254222783041196498e-01 6.158025666117822539e+00 7.388930663416943823e+00 2.008654385649077412e+01 5.221215665820465368e+00
0.000000000000000000e+00 5.904825274540378421e-01 6.745066113253656681e+00 2.414443150426667728e+01 3.225264581988195545e+00 3.622714233321367772e+00
0.000000000000000000e+00 3.381570501985289856e-01 1.061360204878161539e+01 2.657916409293222770e+01 0.000000000000000000e+00 1.769903615532363583e-01
0.000000000000000000e+00 7.437615414921527446e+00 4.680091507091144187e+00 1.684023373827004733e+01 6.340150132689502449e+00 1.640474369805899668e+00
0.000000000000000000e+00 1.972444935161047075e-01 8.797912321635207533e+00 2.008654385649076346e+01 7.094929910390632699e+00 0.000000000000000000e+00
0.000000000000000000e+00 5.398697393865474758e-01 9.680538132405221319e+00 1.826049441499161574e+01 4.226766755126349473e+00 2.764512498847022215e+00
0.000000000000000000e+00 5.567406687423777090e-01 6.940575275956663681e+00 2.272417082754510886e+01 1.056691688781583593e+00 3.455640623558782210e+00
0.000000000000000000e+00 1.831556011220971947e-01 1.189656493379918700e+01 2.089812138604597180e+01 1.056691688781583593e+00 0.000000000000000000e+00
0.000000000000000000e+00 3.099556326681645047e-01 8.015875670823188415e+00 1.704312812065883165e+01 6.489441999222896662e+00 1.382256249423519545e+00
0.000000000000000000e+00 9.862224675805235374e-02 2.537257109791239529e+00 6.064915456446641429e+00 2.150680453321234964e+01 2.303760415705849773e+00
0.000000000000000000e+00 0.000000000000000000e+00 3.868927188674507356e+00 7.708386011679548844e+00 1.684023373827004733e+01 3.321031021884981449e+00
0.000000000000000000e+00 2.254222783041196498e-01 6.158025666117822539e+00 8.031446373279290896e+00 1.420260676721571080e+01 2.415295288643628524e+00
0.000000000000000000e+00 3.804266814733446855e-01 1.026370308014046628e+01 8.808419505842486785e+00 8.724458442718223239e+00 2.113383377563174736e+00
0.000000000000000000e+00 0.000000000000000000e+00 2.899722411189988858e+00 8.671934263139492671e+00 1.744891688543642871e+01 4.528678666206839565e-01
0.000000000000000000e+00 5.904825274540378421e-01 4.638512839413424516e+00 7.870817445813715452e+00 1.521707867915967860e+01 4.528678666206839565e-01
0.000000000000000000e+00 5.736115980982078311e-01 9.447272153311114806e+00 1.136208541377255798e+01 6.257786089301025534e+00 3.708252570984431618e-01
0.000000000000000000e+00 5.567406687423777090e-01 9.563905142858166286e+00 8.808419505842486785e+00 6.695514618830275211e+00 1.668713656943020540e+00
0.000000000000000000e+00 3.522469272901332382e-01 7.722611926768683688e+00 6.264528171157841996e+00 1.217366294332776278e+01 0.000000000000000000e+00
0.000000000000000000e+00 6.073534568098660769e-01 6.647311531902160731e+00 1.086996449657156205e+01 7.709986530774258995e+00 0.000000000000000000e+00
0.000000000000000000e+00 4.086064356565546896e-01 7.331593601362674129e+00 5.782641388761086354e+00 1.136208541377257752e+01 1.854126285492127268e-01
0.000000000000000000e+00 9.862224675805235374e-02 3.705451391969952546e+00 7.157787010845294340e+00 1.075340226660617482e+01 2.624232876158481886e+00
0.000000000000000000e+00 5.061278806748891190e-01 7.136084438659665352e+00 1.105737767754693834e+01 4.057887647775920925e+00 8.074562695872297136e-01
0.000000000000000000e+00 3.240445250621719619e-01 5.598205151016202308e+00 8.031446373279290896e+00 7.912880913163040653e+00 1.009320336984041777e+00
0.000000000000000000e+00 5.567406687423777090e-01 4.638512839413424516e+00 8.352704228210471982e+00 8.521564060329424706e+00 0.000000000000000000e+00
0.000000000000000000e+00 5.736115980982078311e-01 6.842820694605160625e+00 6.264528171157841996e+00 7.101303383607855402e+00 6.055922021904174279e-01
0.000000000000000000e+00 5.567406687423777090e-01 4.798461558013891626e+00 8.031446373279290896e+00 6.898409001219075520e+00 2.018640673967930232e-01
0.000000000000000000e+00 0.000000000000000000e+00 7.357641055621294335e+00 8.192075300744880550e+00 2.998610895605960724e+00 1.217366294332785870e+00
0.000000000000000000e+00 0.000000000000000000e+00 5.229988100307192411e-01 9.680538132405208884e+00 4.658238896501998738e+00 4.260782030164722123e+00
0.000000000000000000e+00 2.536000630921346199e-01 5.918102588217129423e+00 7.870817445813715452e+00 3.935676800482809767e+00 4.057887647776017848e-01
0.000000000000000000e+00 2.817778478801495623e-02 1.510705487235681765e+00 5.180992811629618444e+00 1.086996449657156205e+01 0.000000000000000000e+00
0.000000000000000000e+00 0.000000000000000000e+00 4.086894917613917322e+00 1.092276706765985672e+01 1.874131809753734057e+00 0.000000000000000000e+00
0.000000000000000000e+00 8.806783389541884555e-01 5.865274881090131842e+00 6.425157098623431651e+00 2.811197714630583100e+00 0.000000000000000000e+00
0.000000000000000000e+00 1.204406898200607534e+00 5.474256555684132053e+00 3.165944254796946744e+00 5.434982248285789908e+00 0.000000000000000000e+00
0.000000000000000000e+00 3.099556326681645047e-01 5.598205151016202308e+00 4.817741257299710256e+00 2.409433911983795085e+00 1.499305447802980362e+00
0.000000000000000000e+00 0.000000000000000000e+00 5.493429713785473290e+00 8.352704228210471982e+00 0.000000000000000000e+00 0.000000000000000000e+00
0.000000000000000000e+00 4.086064356565546896e-01 5.118358995214818741e+00 3.854193005839754882e+00 3.533836404242896911e+00 1.874131809753769862e-01
0.000000000000000000e+00 0.000000000000000000e+00 2.945030573864833912e+00 8.534284512930923938e+00 8.031446373279214068e-01 1.606289274655904042e-01
0.000000000000000000e+00 5.398697393865474758e-01 9.680538132405221319e+00 1.514147252294196333e+00 0.000000000000000000e+00 0.000000000000000000e+00
0.000000000000000000e+00 2.536000630921346199e-01 4.300987236753021636e-01 6.354047787847646234e+00 4.336981041570819428e+00 0.000000000000000000e+00
0.000000000000000000e+00 8.806783389541884555e-01 5.669765718387131059e+00 3.578893505422634291e+00 9.637735647935117278e-01 0.000000000000000000e+00
0.000000000000000000e+00 0.000000000000000000e+00 2.259213190333634103e+00 6.414814425087792316e+00 1.651797002502763512e+00 4.818867823967558639e-01
0.000000000000000000e+00 5.736115980982078311e-01 1.359244880245307208e+00 5.948282466899588172e+00 1.651797002502763512e+00 9.637735647935117278e-01
0.000000000000000000e+00 5.904825274540378421e-01 3.204500666374858753e+00 3.615622675958567456e+00 2.730691766914960183e+00 0.000000000000000000e+00
0.000000000000000000e+00 0.000000000000000000e+00 3.035646899214519578e+00 3.616919510005589977e+00 2.890644754379812831e+00 3.212578549311808085e-01
0.000000000000000000e+00 2.958667402741570474e-01 2.942564340682022106e+00 4.548686592334975742e+00 1.789446752711330468e+00 0.000000000000000000e+00
0.000000000000000000e+00 3.663368043817389896e-01 3.793082421423304318e+00 1.955091627030047130e+00 3.028294504588379787e+00 1.606289274655904042e-01
0.000000000000000000e+00 2.395111706981271071e-01 3.160532069621431628e+00 4.665319581882028999e+00 8.258985012513749835e-01 1.376497502085669011e-01
0.000000000000000000e+00 6.073534568098660769e-01 4.478564120812966287e+00 2.682558759582159613e+00 6.882487510428082489e-01 2.752995004171338023e-01
0.000000000000000000e+00 5.229988100307192411e-01 1.495169368269837262e+00 3.910183254060094260e+00 1.282962885017547405e+00 1.238847751877062642e+00
0.000000000000000000e+00 0.000000000000000000e+00 1.664859108382177544e+00 4.887729067575113717e+00 1.282962885017547405e+00 2.752995004171206461e-01
0.000000000000000000e+00 5.904825274540378421e-01 3.204500666374858753e+00 3.615622675958567456e+00 4.129492506256874917e-01 0.000000000000000000e+00
0.000000000000000000e+00 3.945165585649504369e-01 3.466092557507501226e+00 9.596923116027784584e-01 2.565925770035105913e+00 1.376497502085537450e-01
0.000000000000000000e+00 0.000000000000000000e+00 3.035646899214519578e+00 2.079333341806024027e+00 9.775458135150187911e-01 1.166329895470493705e+00
0.000000000000000000e+00 8.192356641434295206e-01 4.238641042912274060e+00 1.632861853658708506e+00 2.332659790940964373e-01 0.000000000000000000e+00
0.000000000000000000e+00 3.381570501985289856e-01 8.940910026496864393e-01 3.198974372009261380e+00 2.216026801393966572e+00 0.000000000000000000e+00
0.000000000000000000e+00 5.398697393865474758e-01 2.343153086098648252e+00 2.834882859193569971e+00 5.831649477352467414e-01 0.000000000000000000e+00
0.000000000000000000e+00 0.000000000000000000e+00 8.806783389541884555e-01 2.681316884109574694e+00 1.955091627030047130e+00 4.665319581882040323e-01
0.000000000000000000e+00 0.000000000000000000e+00 6.073534568098660769e-01 4.558538480113199398e+00 5.865274881090094539e-01 0.000000000000000000e+00
0.000000000000000000e+00 5.398697393865474758e-01 2.288661153863800202e+00 6.539797278316016316e-01 1.955091627030047130e+00 0.000000000000000000e+00
0.000000000000000000e+00 0.000000000000000000e+00 1.664859108382177544e+00 3.119000012709028269e+00 3.910183254060093927e-01 0.000000000000000000e+00
0.000000000000000000e+00 8.806783389541884555e-01 1.743741831515268847e+00 1.439538467404171573e+00 7.820366508120187854e-01 0.000000000000000000e+00
0.000000000000000000e+00 0.000000000000000000e+00 1.229498708579787714e+00 2.158133101844291524e+00 8.797179523025526748e-01 2.932637440545047269e-01
0.000000000000000000e+00 0.000000000000000000e+00 1.229498708579787714e+00 2.288929047410615425e+00 7.197692337020857867e-01 0.000000000000000000e+00
0.000000000000000000e+00 2.395111706981271071e-01 4.710605068824726960e-01 1.907217628219829875e+00 7.997435930023191197e-01 5.598205151016186765e-01
0.000000000000000000e+00 3.945165585649504369e-01 1.204913701511269863e+00 8.173789835227833755e-01 1.279589748803704685e+00 0.000000000000000000e+00
0.000000000000000000e+00 0.000000000000000000e+00 1.204406898200607534e+00 1.471282170341011053e+00 5.885817550484457872e-01 1.599487186004591999e-01
0.000000000000000000e+00 2.958667402741570474e-01 1.017413899566887991e+00 1.144330576931894772e+00 5.885817550484457872e-01 7.997435930023347184e-02
0.000000000000000000e+00 3.804266814733446855e-01 2.867324824501999991e-01 1.178012229545932765e+00 9.809695917474055005e-01 0.000000000000000000e+00
0.000000000000000000e+00 1.268000315460673100e-01 2.536177876488974747e-01 1.242567254683498268e+00 8.173789835227833755e-01 6.539797278316207552e-02
0.000000000000000000e+00 0.000000000000000000e+00 6.073534568098660769e-01 1.404553042920152039e+00 2.179677289394092998e-01 0.000000000000000000e+00
0.000000000000000000e+00 3.945165585649504369e-01 5.269280179627650051e-01 8.155469281471834364e-01 1.634757967045609717e-01 5.449193223484832815e-02
0.000000000000000000e+00 1.408889239400747811e-02 3.663368043817389896e-01 8.324295541910887719e-01 4.530816267484342741e-01 0.000000000000000000e+00
0.000000000000000000e+00 4.086064356565546896e-01 5.018362075835874903e-01 4.141890848944993486e-01 4.530816267484476939e-02 0.000000000000000000e+00
0.000000000000000000e+00 4.226667718202243434e-02 1.972444935161047075e-01 5.325031816932317419e-01 3.083072422929946099e-01 0.000000000000000000e+00
0.000000000000000000e+00 1.831556011220971947e-01 2.113481563740817470e-01 3.072133740537863478e-01 1.003672415167175119e-01 0.000000000000000000e+00
0.000000000000000000e+00 0.000000000000000000e+00 1.408889239400747673e-01 3.880313751840818171e-01 0.000000000000000000e+00 0.000000000000000000e+00
0.000000000000000000e+00 0.000000000000000000e+00 1.549778163340822523e-01 9.862224675805235374e-02 0.000000000000000000e+00 0.000000000000000000e+00
