0.000000000000000000e+00 4.861885796497578127e+00 1.569595514836495376e+01 1.954200666001434072e+01 6.032459045908352024e+00 6.324617056473594290e-03
0.000000000000000000e+00 4.861885796497578127e+00 1.569595514836495376e+01 1.954200666001434072e+01 6.032459045908352024e+00 6.324617056473594290e-03
0.000000000000000000e+00 4.861885796497578127e+00 1.569595514836495376e+01 1.954200666001434072e+01 6.032459045908352024e+00 6.324617056473594290e-03
0.000000000000000000e+00 4.861885796497578127e+00 1.569595514836495376e+01 1.954200666001434072e+01 6.032459045908352024e+00 6.324617056473594290e-03
0.000000000000000000e+00 4.861885796497578127e+00 1.569595514836495376e+01 1.954200666001434072e+01 6.032459045908352024e+00 6.324617056473594290e-03
0.000000000000000000e+00 4.921587806990620706e+00 1.515148227439516582e+01 1.863847610869550664e+01 6.176938508718581744e+00 5.162462209364239961e-03
0.000000000000000000e+00 4.981289817483661508e+00 2.204843178911666257e+01 1.249581158297428729e+01 2.718942037091933273e+00 2.692155064946899490e-02
0.000000000000000000e+00 2.228225827734258147e+00 1.188147645417588727e+01 1.982005241517800442e+01 7.754676469849059117e+00 6.115201359999356684e-02
0.000000000000000000e+00 2.122848911345778689e+00 5.514498292614356423e+00 2.023354029113290409e+01 1.050822989503820537e+01 8.708707230054852921e-01
0.000000000000000000e+00 3.874991849760142770e+00 9.576950102076555282e+00 1.455643274570239498e+01 9.365153115485272295e+00 1.110323072156634394e+00
0.000000000000000000e+00 2.951699573199982662e+00 5.094411003417353534e+00 1.999421577587869336e+01 7.831871573064846714e+00 1.608767869923545479e+00
0.000000000000000000e+00 2.951495722271527899e+00 5.094411003417353534e+00 1.908834713098185176e+01 5.526103506125854992e+00 3.225528465801409173e+00
0.000000000000000000e+00 3.628876788826461246e-03 5.020727278121674964e+00 5.749781473850839930e+00 2.054386744691938915e+01 2.904864034744221168e+00
0.000000000000000000e+00 2.951495722271527899e+00 7.481368721241397068e+00 1.727249033483854035e+01 4.198781855900290516e+00 9.180012366244197919e-01
0.000000000000000000e+00 3.628876788826461246e-03 1.178230500734325004e+00 1.997759700186680698e+00 9.000810526214689133e+00 1.873161522698551806e+01
0.000000000000000000e+00 3.628876788826461246e-03 8.030033070516014258e-04 3.655232105675647603e+00 2.477064226310884365e+01 2.415708236958833688e-01
0.000000000000000000e+00 3.628876788826461246e-03 1.950331228083779234e-02 1.484419288590824504e+00 1.820018536516522190e+01 6.571994617373762892e+00
0.000000000000000000e+00 3.628876788826461246e-03 1.950331228083779234e-02 6.538360603467757493e+00 1.406264113964507345e+01 6.359643423915811056e+00
0.000000000000000000e+00 3.628876788826461246e-03 2.937475426961066116e+00 1.568420851883887401e+01 8.556832652960576213e-02 6.028330961192590820e+00
0.000000000000000000e+00 3.628876788826461246e-03 8.030033070516014258e-04 2.089476719682014050e+01 2.047986448074436083e+00 9.933549966177716017e-01
0.000000000000000000e+00 3.628876788826461246e-03 3.858006419339806481e+00 9.865067786721470000e+00 7.478819380131288774e+00 4.449784022268854500e-01
0.000000000000000000e+00 3.628876788826461246e-03 2.937475426961066116e+00 1.044112391952315910e+01 6.208064500160970667e+00 1.284805590775197182e+00
0.000000000000000000e+00 3.628876788826461246e-03 1.020030442984986435e-02 6.610957364737823028e+00 1.165783290883650913e+01 4.478612432842130620e-01
0.000000000000000000e+00 3.628876788826461246e-03 3.757923826591555994e+00 6.368151127977252024e+00 6.408551795016048658e+00 1.288809605603074004e+00
0.000000000000000000e+00 3.628876788826461246e-03 3.657841233843306394e+00 3.833431958008080453e+00 8.396980510834417544e+00 5.828478713715929960e-01
0.000000000000000000e+00 8.030033070516014258e-04 2.228225827734258147e+00 1.043385230507337669e+00 8.794114224018029446e+00 2.886578552118624241e+00
0.000000000000000000e+00 3.628876788826461246e-03 1.020030442984986435e-02 6.465729434074437343e+00 2.782779000384699941e+00 3.808133556377894191e+00
0.000000000000000000e+00 3.628876788826461246e-03 8.030033070516014258e-04 6.683702539228622008e+00 4.632445513015312599e+00 3.161360598488791029e-01
0.000000000000000000e+00 3.628876788826461246e-03 8.030033070516014258e-04 6.756167888449406966e+00 3.395418493723054709e+00 2.708627228943278897e-01
0.000000000000000000e+00 3.435623744101688314e-04 8.030033070516014258e-04 4.861885796497578127e+00 3.619894040208159414e+00 3.942162128388758124e-01
0.000000000000000000e+00 3.628876788826461246e-03 4.741233583380159017e-02 4.658996098150834264e+00 7.610095521024489162e-01 4.838978428294060663e-01
0.000000000000000000e+00 3.628876788826461246e-03 8.183893832005852964e-01 1.175190654770796206e+00 3.273380239991752205e+00 6.487280746184742597e-01
0.000000000000000000e+00 3.628876788826461246e-03 1.226227064451071103e+00 2.032533188252465983e+00 1.074985796424135776e-01 1.102402814299648037e+00
0.000000000000000000e+00 3.628876788826461246e-03 2.216303193091033297e+00 6.529558874450797079e-01 6.834303713783530798e-02 9.695240150674955953e-03
0.000000000000000000e+00 8.030033070516014258e-04 3.865164412573180623e-04 5.589181034729896469e-01 6.700512562371354619e-01 2.625460765842747013e-01
