5.479385660749685680e-04 2.895547894779088565e-06 3.605998368455205815e-04 5.367958913839576126e-05 1.629895364111853888e-05
5.481004002541807517e-04 3.648835946011336543e-06 5.144462599301974836e-04 6.598337952487660864e-05 1.915158434364606867e-05
5.438241809558031197e-04 2.931030253955522541e-06 3.680910819234702556e-04 5.557664029790622607e-05 1.668184984029890400e-05
5.457848679774289762e-04 3.084699505783836757e-06 3.737883743322576889e-04 5.600687379522827010e-05 1.692566008785644280e-05
5.875486313581602168e-04 3.454368277460003190e-06 4.662330851297744657e-04 6.578982105442280433e-05 2.080166648205447480e-05
6.052199251921525384e-04 3.019763600523884338e-06 3.645871803297515493e-04 6.480898964326809830e-05 2.132465520045675686e-05
5.610416019628510637e-04 3.591504563502592056e-06 3.812998963784464948e-04 5.539841784267036966e-05 1.701624289440194994e-05
6.579069395704462793e-04 3.454362420546599639e-06 4.888294876842484314e-04 6.513752768354288112e-05 2.373316472912901021e-05
6.711907515079844257e-04 3.036159227059230737e-06 3.654961125581241018e-04 6.809763899072726948e-05 2.422854146325591104e-05
6.966044110374326878e-04 3.197888358258062381e-06 3.578742660344321098e-04 6.859213579587993556e-05 2.393325451889746997e-05
7.193660451723279383e-04 3.318035231387152756e-06 3.619171147627677138e-04 6.960540149138089443e-05 2.484950306651742422e-05
7.783759681960560842e-04 3.774139092278376882e-06 5.234556440924385996e-04 6.808280405888174846e-05 2.699310153593646535e-05
5.798549363587459466e-04 6.205137291034801152e-06 6.280504213852539531e-04 7.756145745629812764e-05 2.535919684980056146e-05
6.019030693346298210e-04 4.584948398430678505e-06 3.762444065849353410e-04 6.070244578344004445e-05 2.028385848525710749e-05
1.024492160797432555e-03 4.880365503227324808e-06 4.766276386916001796e-04 5.935355826392780799e-05 2.884102769126040106e-05
8.488303378488045586e-04 4.129433241616586196e-06 3.851731013888052223e-04 7.267630390917997375e-05 2.890250092529482391e-05
1.024875770524816222e-03 5.581159457382749438e-06 4.783887335639300329e-04 6.209172485971363301e-05 2.837121480726275679e-05
8.206014539991565325e-04 6.550154154607920536e-06 6.410810077694201409e-04 7.862691742466455986e-05 3.020509623928605095e-05
1.110184875173178239e-03 5.982623016430898115e-06 5.065875186635490331e-04 6.078450571359502325e-05 2.950825183144305784e-05
9.569188035293590055e-04 6.468973582731667391e-06 6.537177037004111499e-04 7.499267373732367860e-05 3.197896049286780832e-05
1.546117418404927522e-03 5.342923134039478063e-06 6.607230760113568186e-04 5.064606205401064816e-05 3.610697043411968931e-05
1.099485889886753134e-03 7.358739880098607536e-06 5.394081452468489548e-04 6.621888388258795213e-05 2.908348876313388064e-05
1.571254627563404248e-03 5.795814273065108092e-06 6.601604094370303088e-04 5.100784381896956738e-05 3.602989531283784129e-05
1.661828522056819609e-03 5.497433109810868679e-06 7.100364795115620114e-04 4.993862743103035765e-05 3.760750942792978629e-05
1.673786691358020119e-03 5.676953884116894811e-06 7.096775938332892117e-04 5.035043496819877886e-05 3.764218470424152867e-05
1.413630577934346134e-03 5.724303666283975356e-06 5.210326717726172915e-04 8.743330344172767872e-05 4.362519078842318990e-05
1.699150397667202085e-03 6.081841291520582123e-06 7.115544572848394277e-04 5.016832621998724648e-05 3.759953533302403447e-05
1.713191325528282474e-03 6.306053688978220770e-06 7.112129651955702986e-04 5.045709461621814831e-05 3.759096505772254826e-05
1.998360187007617098e-03 8.171885626716593907e-06 6.224588804831461325e-04 7.501364011746633833e-05 4.229977208982206512e-05
1.819538549833457511e-03 6.660888211308794913e-06 6.344143573560675087e-04 9.422683684119540859e-05 5.174399631904288814e-05
2.295675323227090985e-03 7.740722788835431489e-06 8.978426105701813693e-04 4.900236858138855067e-05 4.262029535595990623e-05
1.784583702032626435e-03 7.421649142654907219e-06 7.096245490086669321e-04 5.170792569674885345e-05 3.757359556761157243e-05
1.798030925370596930e-03 7.703088681589585659e-06 7.074980421569968415e-04 5.191895771779941388e-05 3.747200009530491803e-05
1.799357971562288213e-03 7.960227156281445620e-06 7.048402190209519629e-04 5.254618197805638422e-05 3.742052856483483580e-05
1.733219588036004908e-03 1.316732619962508911e-05 5.974617650324463326e-04 6.093623544116554707e-05 3.493060505918600802e-05
1.858707776974986977e-03 8.726713103634897373e-06 7.091129898577903760e-04 5.316453449991291824e-05 3.756381101328313459e-05
1.864903893322835630e-03 9.126148880884171985e-06 7.027348165719981676e-04 5.373554638758392646e-05 3.736011564031304131e-05
2.456030302030147525e-03 1.076645941383759298e-05 8.370565593866587150e-04 5.533932663048733274e-05 4.321931992170722960e-05
1.916462525737041645e-03 9.766576537004036668e-06 6.955540893411587405e-04 5.288678275542159807e-05 3.739238401320980497e-05
2.526616868502854028e-03 1.319376767433067324e-05 7.083957770753148038e-04 6.849197272939873025e-05 4.291224308756448039e-05
2.127950043543012492e-03 1.137798054411580369e-05 7.687563028082496086e-04 5.649677248967652405e-05 3.929561294544319661e-05
2.073768175860900200e-03 1.083686558063378778e-05 7.415782711513041079e-04 5.434889082235129824e-05 3.881590187743364911e-05
2.452274286246712044e-03 1.964236057372810803e-05 6.490100695164330779e-04 6.674882014086028659e-05 3.480699084725881362e-05
2.126369982818402098e-03 1.160683125332114255e-05 7.456260100562154018e-04 5.438262671430581973e-05 3.874238426876364886e-05
2.171537776728884629e-03 1.204217694359196124e-05 7.399511240757641797e-04 5.591930697033802857e-05 3.897463808917930324e-05
2.604420155049647252e-03 1.735630487272595303e-05 7.048490332730043741e-04 6.113385144117719212e-05 3.982841429849081716e-05
2.531135270541365247e-03 1.215935290604740425e-05 8.492924210866735317e-04 5.799108873397187204e-05 4.386771047086656489e-05
3.089354641230874707e-03 1.695942734307852797e-05 7.908108743914032219e-04 6.633790527925971633e-05 4.541159116560140516e-05
2.333990163411656799e-03 1.335851944675140346e-05 7.820301346844309989e-04 5.392280812022734834e-05 3.991539236414409103e-05
2.380308381339256429e-03 1.524753342785591615e-05 7.418448969839007510e-04 5.674501819631497853e-05 3.869902256776311844e-05
2.872443991016774417e-03 1.210209219138644256e-05 9.488881817048154185e-04 6.985867367917206617e-05 5.211896655202461311e-05
2.729002076337872992e-03 1.487872433655071428e-05 8.696409122993209147e-04 5.432771841648368868e-05 4.388144327584575315e-05
2.521902859486875679e-03 1.501344243745449649e-05 8.175678839096171043e-04 5.375806169253387627e-05 4.125662735615234436e-05
2.666042049968304212e-03 2.234518759473345562e-05 6.869139985521223240e-04 6.093652782535833191e-05 3.641168935291601890e-05
2.778201599892890679e-03 1.374506023062200156e-05 9.099145951962052045e-04 6.789606365839112806e-05 5.152483956428001216e-05
2.524131713506887892e-03 1.488244199364330054e-05 8.158384314623006112e-04 5.440634520841658098e-05 4.153695149123575982e-05
2.498197574395564710e-03 1.579994316725635083e-05 7.761869995524863517e-04 5.669415605979130667e-05 4.038972893805747318e-05
2.964946116747854861e-03 1.438593113452952715e-05 9.271117841123551178e-04 6.751336804277873718e-05 5.080534307609795892e-05
2.803869722253739521e-03 1.600472209312307287e-05 8.563558071984806331e-04 5.720521921696990626e-05 4.415283568552472751e-05
2.833517385466744701e-03 1.644526563067217820e-05 8.568280399432295132e-04 5.729672985398702250e-05 4.422966779342798349e-05
2.637497710864455339e-03 1.646152696972305333e-05 8.167937261643733269e-04 5.513719654798383200e-05 4.142685344562570677e-05
2.931117024023971625e-03 2.207285770228292353e-05 7.508231041126389380e-04 5.695414627975317975e-05 3.848402940961019722e-05
2.722402728027689418e-03 1.764025639778598857e-05 8.177194670071803858e-04 5.526237108161071170e-05 4.197239371857012022e-05
2.867613548789607700e-03 1.753468964333011905e-05 8.588964209792604009e-04 5.474931200883081375e-05 4.366203882874124400e-05
2.874852080759869935e-03 2.083892568815891744e-05 8.477181292041477238e-04 6.864562436309337614e-05 4.921182867975681366e-05
2.792465444979110901e-03 2.863145981414105505e-05 9.042393178256107056e-04 7.857535067635476123e-05 4.187926528110957598e-05
2.953887451763028988e-03 1.750306202690234364e-05 9.279954237261250774e-04 5.254570183728192781e-05 4.497509020161521553e-05
2.885036835200120112e-03 2.516913224104658648e-05 7.472706377784852630e-04 5.667974044708261230e-05 3.819080945136642729e-05
3.039434892232739226e-03 1.742358265694863128e-05 8.740969933462549571e-04 6.546095891793748641e-05 4.779831477978843581e-05
3.099070546696352894e-03 2.415522910532233119e-05 7.813354456046851760e-04 5.538800717442648422e-05 3.914293566146068994e-05
3.036935082308785810e-03 1.909614344799367866e-05 9.020250786174933587e-04 5.416960992217877130e-05 4.477822957678616756e-05
3.020361086329336094e-03 1.859103004228199494e-05 9.233318145281419831e-04 5.425460738365571949e-05 4.505497737985523729e-05
3.150888922290915641e-03 2.609380395294527509e-05 7.855976567730833674e-04 5.506668137592449143e-05 3.921077675817468664e-05
3.114107471987483892e-03 2.050428146445187601e-05 9.328736591287942670e-04 5.221160858169997330e-05 4.476844972650223634e-05
2.990246213730226015e-03 2.656946249880072779e-05 8.630383762275247199e-04 6.130432722844840682e-05 4.692632204806806788e-05
3.137372391761836764e-03 2.085165655792572023e-05 8.631949273327722740e-04 6.502115761987147305e-05 4.728326725982511853e-05
3.167568494583395886e-03 2.081258720797647766e-05 9.096870349899683402e-04 5.904503036341297748e-05 4.607861135446045210e-05
2.897078740676674920e-03 1.886903572586035168e-05 9.281863349340435058e-04 6.355046705722071159e-05 4.858888810192009194e-05
2.921093293768312234e-03 1.980345094879965389e-05 9.504242705770250387e-04 6.330392421793663859e-05 4.806329555927452076e-05
3.362873609817609768e-03 2.742083009631413320e-05 9.547777158970487512e-04 6.875937249463085377e-05 4.366350323675621993e-05
2.939402288102369899e-03 2.150738047518465542e-05 9.126479724780124430e-04 6.197668307958148221e-05 4.792638445796083667e-05
3.576630984716825789e-03 3.001884685093173874e-05 8.768432792384730362e-04 5.234682371487349450e-05 4.144672600214691197e-05
3.425786169570461080e-03 2.927540157091117757e-05 8.927498992547849756e-04 5.896335503102341741e-05 4.598327875805197741e-05
2.991364323225553790e-03 2.518229433467621716e-05 1.064430001293942057e-03 7.820313414315387026e-05 4.837587295215079532e-05
3.992966175749048698e-03 3.292857931909519821e-05 1.005613523449938162e-03 5.254194653266419565e-05 4.593250742878224731e-05
3.935057904560071429e-03 3.077107208680337157e-05 1.253298059577395446e-03 7.281760351797264845e-05 4.723997304331227878e-05
5.060397849751089271e-03 4.616636933727709570e-05 1.182769435854052467e-03 6.948040214033804351e-05 4.569152443437933932e-05
