4.000000000000000222e-01 4.610000000000000209e-01 5.879999999999999671e-01 8.000000000000000444e-01 8.000000000000000444e-01 1.630000000000000060e-01 -2.000000000000000111e-01 2.000000000000000111e-01 -2.000000000000000111e-01 2.000000000000000111e-01
4.000000000000000222e-01 4.650000000000000244e-01 5.869999999999999662e-01 7.990000000000000435e-01 8.000000000000000444e-01 -2.000000000000000111e-01 2.000000000000000111e-01 -2.000000000000000111e-01 2.000000000000000111e-01 -2.000000000000000111e-01
4.000000000000000222e-01 4.899999999999999911e-01 5.949999999999999734e-01 8.000000000000000444e-01 8.000000000000000444e-01 1.819999999999999951e-01 -2.000000000000000111e-01 2.000000000000000111e-01 -2.000000000000000111e-01 2.000000000000000111e-01
4.000000000000000222e-01 5.000000000000000000e-01 5.959999999999999742e-01 7.890000000000000346e-01 8.000000000000000444e-01 1.859999999999999987e-01 -2.000000000000000111e-01 2.000000000000000111e-01 -2.000000000000000111e-01 2.000000000000000111e-01
4.000000000000000222e-01 4.689999999999999725e-01 5.769999999999999574e-01 7.650000000000000133e-01 8.000000000000000444e-01 -2.000000000000000111e-01 2.000000000000000111e-01 -2.000000000000000111e-01 2.000000000000000111e-01 -2.000000000000000111e-01
4.000000000000000222e-01 5.110000000000000098e-01 5.769999999999999574e-01 7.640000000000000124e-01 7.950000000000000400e-01 2.000000000000000111e-01 -2.000000000000000111e-01 2.000000000000000111e-01 2.000000000000000111e-01 -2.000000000000000111e-01
4.000000000000000222e-01 5.000000000000000000e-01 5.769999999999999574e-01 7.570000000000000062e-01 8.000000000000000444e-01 1.670000000000000095e-01 -2.000000000000000111e-01 2.000000000000000111e-01 -1.990000000000000102e-01 1.990000000000000102e-01
4.000000000000000222e-01 4.959999999999999964e-01 5.769999999999999574e-01 7.469999999999999973e-01 8.000000000000000444e-01 -2.000000000000000111e-01 2.000000000000000111e-01 -2.000000000000000111e-01 2.000000000000000111e-01 -2.000000000000000111e-01
4.000000000000000222e-01 5.120000000000000107e-01 5.769999999999999574e-01 7.489999999999999991e-01 7.930000000000000382e-01 2.000000000000000111e-01 -2.000000000000000111e-01 2.000000000000000111e-01 2.000000000000000111e-01 -2.000000000000000111e-01
4.000000000000000222e-01 4.979999999999999982e-01 5.610000000000000542e-01 7.449999999999999956e-01 7.750000000000000222e-01 1.729999999999999871e-01 -2.000000000000000111e-01 2.000000000000000111e-01 2.000000000000000111e-01 -2.000000000000000111e-01
4.000000000000000222e-01 5.000000000000000000e-01 5.610000000000000542e-01 7.409999999999999920e-01 7.680000000000000160e-01 1.729999999999999871e-01 -2.000000000000000111e-01 2.000000000000000111e-01 2.000000000000000111e-01 -2.000000000000000111e-01
4.000000000000000222e-01 4.949999999999999956e-01 5.610000000000000542e-01 7.239999999999999769e-01 7.830000000000000293e-01 -2.000000000000000111e-01 2.000000000000000111e-01 -2.000000000000000111e-01 2.000000000000000111e-01 -2.000000000000000111e-01
4.000000000000000222e-01 4.989999999999999991e-01 5.610000000000000542e-01 7.239999999999999769e-01 7.720000000000000195e-01 -2.000000000000000111e-01 2.000000000000000111e-01 -2.000000000000000111e-01 -2.000000000000000111e-01 2.000000000000000111e-01
4.000000000000000222e-01 4.959999999999999964e-01 5.610000000000000542e-01 7.139999999999999680e-01 7.700000000000000178e-01 1.539999999999999980e-01 -2.000000000000000111e-01 2.000000000000000111e-01 -2.000000000000000111e-01 2.000000000000000111e-01
4.000000000000000222e-01 4.000000000000000222e-01 5.350000000000000311e-01 6.820000000000000506e-01 7.249999999999999778e-01 -1.419999999999999873e-01 1.950000000000000067e-01 -2.000000000000000111e-01 2.000000000000000111e-01 -2.000000000000000111e-01
4.000000000000000222e-01 5.000000000000000000e-01 5.610000000000000542e-01 7.239999999999999769e-01 7.289999999999999813e-01 1.590000000000000024e-01 -2.000000000000000111e-01 2.000000000000000111e-01 2.000000000000000111e-01 -2.000000000000000111e-01
4.000000000000000222e-01 4.000000000000000222e-01 5.240000000000000213e-01 6.840000000000000524e-01 7.089999999999999636e-01 -1.390000000000000124e-01 1.930000000000000049e-01 -2.000000000000000111e-01 2.000000000000000111e-01 -2.000000000000000111e-01
4.000000000000000222e-01 4.989999999999999991e-01 5.610000000000000542e-01 7.149999999999999689e-01 7.189999999999999725e-01 -1.990000000000000102e-01 1.990000000000000102e-01 -2.000000000000000111e-01 -2.000000000000000111e-01 2.000000000000000111e-01
4.000000000000000222e-01 4.040000000000000258e-01 5.360000000000000320e-01 6.710000000000000409e-01 7.009999999999999565e-01 -1.400000000000000133e-01 1.890000000000000013e-01 -2.000000000000000111e-01 2.000000000000000111e-01 -2.000000000000000111e-01
4.000000000000000222e-01 4.899999999999999911e-01 5.610000000000000542e-01 6.979999999999999538e-01 7.139999999999999680e-01 -1.839999999999999969e-01 1.970000000000000084e-01 -2.000000000000000111e-01 2.000000000000000111e-01 -2.000000000000000111e-01
4.000000000000000222e-01 4.000000000000000222e-01 5.120000000000000107e-01 5.959999999999999742e-01 6.979999999999999538e-01 -1.270000000000000018e-01 1.660000000000000087e-01 -2.000000000000000111e-01 2.000000000000000111e-01 -2.000000000000000111e-01
4.000000000000000222e-01 4.139999999999999791e-01 5.360000000000000320e-01 6.750000000000000444e-01 6.830000000000000515e-01 -1.419999999999999873e-01 1.900000000000000022e-01 -2.000000000000000111e-01 2.000000000000000111e-01 -2.000000000000000111e-01
4.000000000000000222e-01 4.000000000000000222e-01 5.190000000000000169e-01 5.959999999999999742e-01 6.889999999999999458e-01 1.660000000000000087e-01 -1.280000000000000027e-01 -2.000000000000000111e-01 2.000000000000000111e-01 -2.000000000000000111e-01
4.000000000000000222e-01 4.000000000000000222e-01 4.989999999999999991e-01 5.769999999999999574e-01 6.909999999999999476e-01 1.590000000000000024e-01 -1.239999999999999991e-01 -2.000000000000000111e-01 2.000000000000000111e-01 -2.000000000000000111e-01
4.000000000000000222e-01 4.010000000000000231e-01 5.000000000000000000e-01 5.769999999999999574e-01 6.870000000000000551e-01 1.590000000000000024e-01 -1.239999999999999991e-01 -2.000000000000000111e-01 2.000000000000000111e-01 -2.000000000000000111e-01
4.000000000000000222e-01 4.949999999999999956e-01 5.610000000000000542e-01 6.820000000000000506e-01 6.820000000000000506e-01 1.469999999999999918e-01 -2.000000000000000111e-01 2.000000000000000111e-01 2.000000000000000111e-01 -2.000000000000000111e-01
4.000000000000000222e-01 4.000000000000000222e-01 5.110000000000000098e-01 5.769999999999999574e-01 6.800000000000000488e-01 1.600000000000000033e-01 -1.260000000000000009e-01 -2.000000000000000111e-01 2.000000000000000111e-01 -2.000000000000000111e-01
4.000000000000000222e-01 4.000000000000000222e-01 5.110000000000000098e-01 5.769999999999999574e-01 6.760000000000000453e-01 -1.260000000000000009e-01 1.600000000000000033e-01 -2.000000000000000111e-01 2.000000000000000111e-01 -2.000000000000000111e-01
4.000000000000000222e-01 4.030000000000000249e-01 5.240000000000000213e-01 6.490000000000000213e-01 6.490000000000000213e-01 -2.000000000000000111e-01 1.179999999999999938e-01 2.000000000000000111e-01 2.000000000000000111e-01 -2.000000000000000111e-01
4.000000000000000222e-01 4.839999999999999858e-01 5.480000000000000426e-01 6.610000000000000320e-01 6.610000000000000320e-01 1.380000000000000115e-01 -2.000000000000000111e-01 2.000000000000000111e-01 -2.000000000000000111e-01 2.000000000000000111e-01
4.000000000000000222e-01 4.010000000000000231e-01 5.240000000000000213e-01 5.480000000000000426e-01 6.570000000000000284e-01 1.439999999999999891e-01 -1.260000000000000009e-01 2.000000000000000111e-01 -2.000000000000000111e-01 -2.000000000000000111e-01
4.000000000000000222e-01 4.000000000000000222e-01 5.120000000000000107e-01 5.769999999999999574e-01 6.590000000000000302e-01 -1.260000000000000009e-01 1.590000000000000024e-01 -2.000000000000000111e-01 2.000000000000000111e-01 -2.000000000000000111e-01
4.000000000000000222e-01 4.000000000000000222e-01 5.110000000000000098e-01 5.769999999999999574e-01 6.550000000000000266e-01 -1.250000000000000000e-01 1.580000000000000016e-01 -2.000000000000000111e-01 2.000000000000000111e-01 -2.000000000000000111e-01
4.000000000000000222e-01 4.000000000000000222e-01 5.000000000000000000e-01 5.769999999999999574e-01 6.500000000000000222e-01 1.570000000000000007e-01 -1.229999999999999982e-01 -2.000000000000000111e-01 2.000000000000000111e-01 -2.000000000000000111e-01
4.000000000000000222e-01 4.010000000000000231e-01 4.979999999999999982e-01 5.769999999999999574e-01 6.450000000000000178e-01 1.140000000000000041e-01 -1.769999999999999907e-01 2.000000000000000111e-01 -2.000000000000000111e-01 2.000000000000000111e-01
4.000000000000000222e-01 4.000000000000000222e-01 5.000000000000000000e-01 5.749999999999999556e-01 6.410000000000000142e-01 1.559999999999999998e-01 -1.229999999999999982e-01 -2.000000000000000111e-01 2.000000000000000111e-01 -2.000000000000000111e-01
4.000000000000000222e-01 4.000000000000000222e-01 4.989999999999999991e-01 5.769999999999999574e-01 6.370000000000000107e-01 1.559999999999999998e-01 -1.219999999999999973e-01 -2.000000000000000111e-01 2.000000000000000111e-01 -2.000000000000000111e-01
4.000000000000000222e-01 4.030000000000000249e-01 4.030000000000000249e-01 5.320000000000000284e-01 6.149999999999999911e-01 1.239999999999999991e-01 -2.000000000000000111e-01 -1.049999999999999961e-01 2.000000000000000111e-01 -2.000000000000000111e-01
4.000000000000000222e-01 4.000000000000000222e-01 4.959999999999999964e-01 5.769999999999999574e-01 6.280000000000000027e-01 1.439999999999999891e-01 -1.150000000000000050e-01 -2.000000000000000111e-01 2.000000000000000111e-01 -2.000000000000000111e-01
4.000000000000000222e-01 4.000000000000000222e-01 4.949999999999999956e-01 5.959999999999999742e-01 6.149999999999999911e-01 1.130000000000000032e-01 -1.749999999999999889e-01 2.000000000000000111e-01 -2.000000000000000111e-01 2.000000000000000111e-01
4.000000000000000222e-01 4.000000000000000222e-01 4.680000000000000271e-01 5.550000000000000488e-01 6.119999999999999885e-01 -1.189999999999999947e-01 1.580000000000000016e-01 -1.990000000000000102e-01 2.000000000000000111e-01 -2.000000000000000111e-01
4.000000000000000222e-01 4.000000000000000222e-01 4.709999999999999742e-01 5.610000000000000542e-01 6.139999999999999902e-01 1.459999999999999909e-01 -1.170000000000000068e-01 -2.000000000000000111e-01 2.000000000000000111e-01 -2.000000000000000111e-01
4.000000000000000222e-01 4.089999999999999747e-01 4.109999999999999765e-01 5.610000000000000542e-01 5.949999999999999734e-01 -1.300000000000000044e-01 2.000000000000000111e-01 9.500000000000000111e-02 -2.000000000000000111e-01 2.000000000000000111e-01
4.000000000000000222e-01 4.010000000000000231e-01 4.879999999999999893e-01 5.610000000000000542e-01 6.109999999999999876e-01 -1.189999999999999947e-01 1.479999999999999927e-01 -2.000000000000000111e-01 2.000000000000000111e-01 -2.000000000000000111e-01
4.000000000000000222e-01 4.060000000000000275e-01 4.839999999999999858e-01 5.610000000000000542e-01 6.069999999999999840e-01 1.459999999999999909e-01 -1.170000000000000068e-01 -2.000000000000000111e-01 2.000000000000000111e-01 -2.000000000000000111e-01
4.000000000000000222e-01 4.000000000000000222e-01 4.889999999999999902e-01 5.610000000000000542e-01 6.019999999999999796e-01 -1.580000000000000016e-01 1.110000000000000014e-01 2.000000000000000111e-01 -2.000000000000000111e-01 2.000000000000000111e-01
4.000000000000000222e-01 4.239999999999999880e-01 4.239999999999999880e-01 5.240000000000000213e-01 5.959999999999999742e-01 1.239999999999999991e-01 -2.000000000000000111e-01 -1.059999999999999970e-01 2.000000000000000111e-01 -2.000000000000000111e-01
4.000000000000000222e-01 4.000000000000000222e-01 4.939999999999999947e-01 5.769999999999999574e-01 5.939999999999999725e-01 -1.620000000000000051e-01 1.110000000000000014e-01 2.000000000000000111e-01 -2.000000000000000111e-01 2.000000000000000111e-01
4.000000000000000222e-01 4.000000000000000222e-01 4.789999999999999813e-01 5.480000000000000426e-01 5.949999999999999734e-01 -1.170000000000000068e-01 1.419999999999999873e-01 -2.000000000000000111e-01 2.000000000000000111e-01 -2.000000000000000111e-01
4.000000000000000222e-01 4.000000000000000222e-01 4.929999999999999938e-01 5.610000000000000542e-01 5.909999999999999698e-01 1.469999999999999918e-01 -1.189999999999999947e-01 -2.000000000000000111e-01 2.000000000000000111e-01 -2.000000000000000111e-01
4.000000000000000222e-01 4.079999999999999738e-01 5.000000000000000000e-01 5.480000000000000426e-01 5.939999999999999725e-01 1.150000000000000050e-01 -2.000000000000000111e-01 2.000000000000000111e-01 -1.039999999999999952e-01 -2.000000000000000111e-01
4.000000000000000222e-01 4.010000000000000231e-01 4.010000000000000231e-01 5.200000000000000178e-01 5.769999999999999574e-01 1.189999999999999947e-01 -2.000000000000000111e-01 -1.059999999999999970e-01 2.000000000000000111e-01 -2.000000000000000111e-01
4.000000000000000222e-01 4.000000000000000222e-01 4.560000000000000164e-01 5.360000000000000320e-01 5.779999999999999583e-01 -1.140000000000000041e-01 1.330000000000000071e-01 -2.000000000000000111e-01 2.000000000000000111e-01 -2.000000000000000111e-01
4.000000000000000222e-01 4.000000000000000222e-01 4.000000000000000222e-01 5.360000000000000320e-01 5.739999999999999547e-01 9.700000000000000289e-02 2.000000000000000111e-01 -1.250000000000000000e-01 -2.000000000000000111e-01 2.000000000000000111e-01
4.000000000000000222e-01 4.000000000000000222e-01 5.240000000000000213e-01 5.769999999999999574e-01 5.769999999999999574e-01 1.150000000000000050e-01 -2.000000000000000111e-01 2.000000000000000111e-01 -2.000000000000000111e-01 -1.089999999999999997e-01
4.000000000000000222e-01 4.000000000000000222e-01 4.380000000000000004e-01 5.360000000000000320e-01 5.769999999999999574e-01 1.300000000000000044e-01 -1.110000000000000014e-01 -2.000000000000000111e-01 2.000000000000000111e-01 -2.000000000000000111e-01
4.000000000000000222e-01 4.060000000000000275e-01 4.600000000000000200e-01 5.480000000000000426e-01 5.769999999999999574e-01 1.360000000000000098e-01 -1.130000000000000032e-01 -2.000000000000000111e-01 2.000000000000000111e-01 -2.000000000000000111e-01
4.000000000000000222e-01 4.000000000000000222e-01 5.080000000000000071e-01 5.330000000000000293e-01 5.769999999999999574e-01 -2.000000000000000111e-01 1.130000000000000032e-01 2.000000000000000111e-01 -1.039999999999999952e-01 -2.000000000000000111e-01
4.000000000000000222e-01 4.060000000000000275e-01 4.149999999999999800e-01 5.240000000000000213e-01 5.699999999999999512e-01 1.189999999999999947e-01 -2.000000000000000111e-01 -1.039999999999999952e-01 2.000000000000000111e-01 -2.000000000000000111e-01
4.000000000000000222e-01 4.060000000000000275e-01 4.159999999999999809e-01 5.240000000000000213e-01 5.669999999999999485e-01 1.179999999999999938e-01 -2.000000000000000111e-01 -1.039999999999999952e-01 2.000000000000000111e-01 -2.000000000000000111e-01
4.000000000000000222e-01 4.060000000000000275e-01 4.620000000000000218e-01 5.360000000000000320e-01 5.719999999999999529e-01 1.330000000000000071e-01 -1.120000000000000023e-01 -2.000000000000000111e-01 2.000000000000000111e-01 -2.000000000000000111e-01
4.000000000000000222e-01 4.000000000000000222e-01 4.229999999999999871e-01 5.360000000000000320e-01 5.610000000000000542e-01 1.010000000000000064e-01 -1.290000000000000036e-01 2.000000000000000111e-01 -2.000000000000000111e-01 2.000000000000000111e-01
4.000000000000000222e-01 4.000000000000000222e-01 4.269999999999999907e-01 5.360000000000000320e-01 5.610000000000000542e-01 1.250000000000000000e-01 -1.089999999999999997e-01 -2.000000000000000111e-01 2.000000000000000111e-01 -2.000000000000000111e-01
4.000000000000000222e-01 4.000000000000000222e-01 4.000000000000000222e-01 5.240000000000000213e-01 5.610000000000000542e-01 1.179999999999999938e-01 -2.000000000000000111e-01 -1.049999999999999961e-01 2.000000000000000111e-01 -2.000000000000000111e-01
4.000000000000000222e-01 4.000000000000000222e-01 5.360000000000000320e-01 5.470000000000000417e-01 5.470000000000000417e-01 -2.000000000000000111e-01 1.130000000000000032e-01 -2.000000000000000111e-01 -1.069999999999999979e-01 2.000000000000000111e-01
4.000000000000000222e-01 4.000000000000000222e-01 5.240000000000000213e-01 5.320000000000000284e-01 5.580000000000000515e-01 2.000000000000000111e-01 -1.170000000000000068e-01 -2.000000000000000111e-01 8.799999999999999489e-02 2.000000000000000111e-01
4.000000000000000222e-01 4.000000000000000222e-01 4.000000000000000222e-01 5.000000000000000000e-01 5.550000000000000488e-01 -2.000000000000000111e-01 -1.059999999999999970e-01 1.150000000000000050e-01 2.000000000000000111e-01 -2.000000000000000111e-01
4.000000000000000222e-01 4.010000000000000231e-01 4.010000000000000231e-01 5.120000000000000107e-01 5.520000000000000462e-01 -1.209999999999999964e-01 2.000000000000000111e-01 9.800000000000000377e-02 -2.000000000000000111e-01 2.000000000000000111e-01
4.000000000000000222e-01 4.060000000000000275e-01 4.779999999999999805e-01 5.230000000000000204e-01 5.610000000000000542e-01 1.140000000000000041e-01 -2.000000000000000111e-01 -1.010000000000000064e-01 2.000000000000000111e-01 -2.000000000000000111e-01
4.000000000000000222e-01 4.000000000000000222e-01 4.149999999999999800e-01 5.240000000000000213e-01 5.480000000000000426e-01 -1.239999999999999991e-01 1.000000000000000056e-01 2.000000000000000111e-01 -2.000000000000000111e-01 2.000000000000000111e-01
4.000000000000000222e-01 4.000000000000000222e-01 4.069999999999999729e-01 5.090000000000000080e-01 5.480000000000000426e-01 -2.000000000000000111e-01 1.140000000000000041e-01 -1.049999999999999961e-01 2.000000000000000111e-01 -2.000000000000000111e-01
4.000000000000000222e-01 4.060000000000000275e-01 4.109999999999999765e-01 5.000000000000000000e-01 5.480000000000000426e-01 1.150000000000000050e-01 -2.000000000000000111e-01 -1.059999999999999970e-01 2.000000000000000111e-01 -2.000000000000000111e-01
4.000000000000000222e-01 4.000000000000000222e-01 4.000000000000000222e-01 5.120000000000000107e-01 5.390000000000000346e-01 9.800000000000000377e-02 2.000000000000000111e-01 -1.199999999999999956e-01 -2.000000000000000111e-01 2.000000000000000111e-01
4.000000000000000222e-01 4.000000000000000222e-01 4.109999999999999765e-01 5.000000000000000000e-01 5.380000000000000338e-01 1.160000000000000059e-01 -1.069999999999999979e-01 -2.000000000000000111e-01 2.000000000000000111e-01 -2.000000000000000111e-01
4.000000000000000222e-01 4.000000000000000222e-01 5.000000000000000000e-01 5.350000000000000311e-01 5.400000000000000355e-01 -1.849999999999999978e-01 1.120000000000000023e-01 -2.000000000000000111e-01 2.000000000000000111e-01 -1.150000000000000050e-01
4.000000000000000222e-01 4.060000000000000275e-01 4.839999999999999858e-01 5.240000000000000213e-01 5.410000000000000364e-01 1.130000000000000032e-01 -2.000000000000000111e-01 -1.019999999999999934e-01 2.000000000000000111e-01 -2.000000000000000111e-01
4.000000000000000222e-01 4.060000000000000275e-01 4.510000000000000120e-01 5.000000000000000000e-01 5.360000000000000320e-01 1.120000000000000023e-01 -2.000000000000000111e-01 -1.029999999999999943e-01 2.000000000000000111e-01 -2.000000000000000111e-01
4.000000000000000222e-01 4.060000000000000275e-01 4.899999999999999911e-01 5.240000000000000213e-01 5.360000000000000320e-01 -2.000000000000000111e-01 1.079999999999999988e-01 2.000000000000000111e-01 -1.069999999999999979e-01 -2.000000000000000111e-01
4.000000000000000222e-01 4.060000000000000275e-01 4.709999999999999742e-01 5.120000000000000107e-01 5.270000000000000240e-01 -2.000000000000000111e-01 1.059999999999999970e-01 2.000000000000000111e-01 -1.069999999999999979e-01 -2.000000000000000111e-01
4.010000000000000231e-01 4.060000000000000275e-01 4.899999999999999911e-01 5.240000000000000213e-01 5.240000000000000213e-01 2.000000000000000111e-01 -1.140000000000000041e-01 9.199999999999999845e-02 2.000000000000000111e-01 -2.000000000000000111e-01
4.000000000000000222e-01 4.060000000000000275e-01 4.899999999999999911e-01 5.120000000000000107e-01 5.210000000000000187e-01 1.110000000000000014e-01 -2.000000000000000111e-01 2.000000000000000111e-01 -1.069999999999999979e-01 -2.000000000000000111e-01
4.000000000000000222e-01 4.000000000000000222e-01 4.060000000000000275e-01 4.899999999999999911e-01 5.120000000000000107e-01 9.900000000000000466e-02 2.000000000000000111e-01 -1.160000000000000059e-01 -2.000000000000000111e-01 2.000000000000000111e-01
4.000000000000000222e-01 4.060000000000000275e-01 4.709999999999999742e-01 5.000000000000000000e-01 5.000000000000000000e-01 1.089999999999999997e-01 -2.000000000000000111e-01 -1.049999999999999961e-01 -2.000000000000000111e-01 2.000000000000000111e-01
4.000000000000000222e-01 4.319999999999999951e-01 4.319999999999999951e-01 4.899999999999999911e-01 4.899999999999999911e-01 -2.000000000000000111e-01 2.000000000000000111e-01 9.500000000000000111e-02 -2.000000000000000111e-01 -1.089999999999999997e-01
4.000000000000000222e-01 4.060000000000000275e-01 4.159999999999999809e-01 4.789999999999999813e-01 4.899999999999999911e-01 1.089999999999999997e-01 -2.000000000000000111e-01 -1.049999999999999961e-01 2.000000000000000111e-01 -2.000000000000000111e-01
4.000000000000000222e-01 4.000000000000000222e-01 4.069999999999999729e-01 4.259999999999999898e-01 4.719999999999999751e-01 1.000000000000000056e-01 -2.000000000000000111e-01 2.000000000000000111e-01 -1.079999999999999988e-01 -2.000000000000000111e-01
4.020000000000000240e-01 4.060000000000000275e-01 4.249999999999999889e-01 4.460000000000000075e-01 4.590000000000000191e-01 1.010000000000000064e-01 2.000000000000000111e-01 -1.089999999999999997e-01 -2.000000000000000111e-01 2.000000000000000111e-01
