-2.202530087743832254e+01 5.754431725294965361e+01
-2.166428862048767812e+01 5.699399217368581105e+01
-2.201880445450862567e+01 5.392787977991890358e+01
-2.195200414853703919e+01 5.090678713340299311e+01
-2.147405835252196482e+01 4.794133891631154398e+01
-2.151245791143188768e+01 4.498442233086051800e+01
-2.165371916326990487e+01 4.424986098999625028e+01
-2.126699948877896418e+01 4.347979205742421271e+01
-2.127123858726306338e+01 4.273289756455619681e+01
-2.109916126103270173e+01 4.197388973657009359e+01
-2.097809137229870657e+01 4.121491503981394544e+01
-2.085188296827728038e+01 4.047068805989145801e+01
-2.053148361858989190e+01 3.970385900965267467e+01
-2.088532594358493810e+01 3.898660808761616181e+01
-2.018816966575625926e+01 3.823545850929701118e+01
-2.032649239820636211e+01 3.744721669994686408e+01
-1.995556234921322769e+01 3.671409012382047621e+01
-1.985224185724135992e+01 3.599178541196182834e+01
-1.973160900016542385e+01 3.521159922236941497e+01
-1.961796126742942192e+01 3.449898968540682631e+01
-1.939480611999407245e+01 3.364369608170601822e+01
-1.935705900657536560e+01 3.295229052058522257e+01
-1.923959312210932637e+01 3.221833286414315722e+01
-1.919534772376077569e+01 3.149324038267901571e+01
-1.912275360114972500e+01 3.067950502365413357e+01
-1.892955982531338677e+01 2.996119243446646152e+01
-1.900397133644163361e+01 2.921621196177051161e+01
-1.893471942611235548e+01 2.849068781926754212e+01
-1.853075214570248974e+01 2.774350024898091505e+01
-1.828616467751911046e+01 2.699639390313387821e+01
-1.797605195142500278e+01 2.624992862729414611e+01
-1.861733588682981022e+01 2.532965352074367615e+01
-1.854235031526048516e+01 2.467844270026059661e+01
-1.848114404965687285e+01 2.396960635248652949e+01
-1.783123161483715791e+01 2.324346271453044466e+01
-1.829017956189624883e+01 2.249182525050925818e+01
-1.821992316414554125e+01 2.169118436738640554e+01
-1.755598651155972334e+01 2.039651869553431141e+01
-1.802353898113889485e+01 2.024995453723482797e+01
-1.739576642930451200e+01 1.949821312896271763e+01
-1.764115708899156232e+01 1.835206622257702946e+01
-1.774863729769541010e+01 1.799158274672928215e+01
-1.666962481158388343e+01 1.720396610095195200e+01
-1.760320405928751697e+01 1.649681660810702510e+01
-1.748629208113687383e+01 1.573929188338084728e+01
-1.683258375126149886e+01 1.497055057233877129e+01
-1.708923259516609860e+01 1.420702037098553383e+01
-1.672427862898929618e+01 1.345604562694702189e+01
-1.722067101552951840e+01 1.274420323189790238e+01
-1.706385078929645971e+01 1.197698723438478652e+01
-1.654468778050416944e+01 1.169862305192025964e+01
-1.686091375229252520e+01 1.052224665922954472e+01
-1.687741569292818866e+01 1.108896658407751268e+01
-1.633705425247531906e+01 1.076442125461975508e+01
-1.646204148013958957e+01 1.049673388606105640e+01
-1.691549631088181371e+01 1.007790007061043269e+01
-1.682734883889143873e+01 9.874982661674369666e+00
-1.635184837179552986e+01 9.065237029580728745e+00
-1.664001503509737034e+01 9.275471039901619363e+00
-1.657303894417520240e+01 8.945011736606957697e+00
-1.664139003522415905e+01 8.688722519213675000e+00
-1.613208591569618378e+01 8.189825782894363471e+00
-1.657075853579891955e+01 8.076761622571929422e+00
-1.655669870120809506e+01 7.705752151122060134e+00
-1.570922402193032497e+01 7.473407990084898422e+00
-1.529879813174403935e+01 7.192345419901293724e+00
-1.637687299533455132e+01 6.842547896449502787e+00
-1.587772027383395645e+01 6.598961656918465479e+00
-1.614863756413346607e+01 6.282356143448865282e+00
-1.585847464489905079e+01 5.999863630890262201e+00
-1.621017760607071168e+01 5.668001298968365909e+00
-1.615319303623759595e+01 5.379480774160017020e+00
-1.569396676781938105e+01 5.063625503598825794e+00
-1.597534266155883920e+01 4.760951446239594986e+00
-1.506691482461434717e+01 4.456552370271021246e+00
-1.573926816567671239e+01 4.190856880315907418e+00
-1.570973894947721483e+01 3.882111441621236114e+00
-1.561604148834683770e+01 3.568791266388042782e+00
-1.538247949407329429e+01 3.293939522993197144e+00
-1.497601297819500310e+01 2.994949763440633461e+00
-1.532009263976888924e+01 2.681772051443599647e+00
-1.505445662835849774e+01 2.349561810038919063e+00
-1.479845181406651378e+01 2.029262837917430673e+00
-1.410715309127981776e+01 1.797821574056152061e+00
-1.458802969377995140e+01 1.486502885201575586e+00
-1.367833898793861280e+01 1.194502597169398994e+00
-1.315438509981258264e+01 8.993158654567605659e-01
