0.000000000000000000e+00 1.735574655153474977e+00 1.826567062036740552e+01 3.915861580103757689e+01 0.000000000000000000e+00
0.000000000000000000e+00 3.348972364748671104e+00 5.093786770801056463e-01 1.132169666551698306e+01 4.078177086014792962e+01
0.000000000000000000e+00 1.420015626943754938e+00 5.810013393062558151e+00 2.211548768037873103e+01 2.296993662757882859e+01
0.000000000000000000e+00 3.409314209158557762e+00 7.256845309473453298e+00 1.643444497349247513e+01 2.280930770011324071e+01
0.000000000000000000e+00 2.383380876433819129e+00 1.434081577632151117e+01 1.988364947410196137e+01 1.016647646055623611e+01
0.000000000000000000e+00 2.244543155476508733e+00 9.560605725179318171e+00 3.246310118220731766e+01 0.000000000000000000e+00
0.000000000000000000e+00 0.000000000000000000e+00 1.025296481128687454e+01 3.205731241742969218e+01 1.279589748803704685e+00
0.000000000000000000e+00 2.313962015955162599e+00 9.215041662823441726e+00 2.414443150426667728e+01 7.038329857308169402e+00
0.000000000000000000e+00 1.983513891603972512e+00 1.059729791224695639e+01 1.927496632693560485e+01 1.018608151543367413e+01
0.000000000000000000e+00 2.198263915157404824e+00 6.017672292810019030e+00 1.521707867915969814e+01 1.780425219266034631e+01
0.000000000000000000e+00 2.383380876433819129e+00 5.309710846597073264e+00 1.562286744393728100e+01 1.724201264973423520e+01
0.000000000000000000e+00 0.000000000000000000e+00 2.360241256274266064e+00 8.984665621252855061e+00 2.840521353443139674e+01
0.000000000000000000e+00 2.267682775636060022e+00 2.039590281442861475e+00 9.208313287953806991e+00 2.556469218098825280e+01
0.000000000000000000e+00 2.096213544536016382e+00 1.002135780832049150e+01 1.927496632693560485e+01 6.882487510428161315e+00
0.000000000000000000e+00 1.915894099844746012e+00 1.094286197460283816e+01 2.475311465143307998e+01 0.000000000000000000e+00
0.000000000000000000e+00 1.960973961017563383e+00 1.528136031240318715e+00 1.086882879889629905e+01 2.252127644515631388e+01
0.000000000000000000e+00 2.360241256274266064e+00 8.620254535201804513e-01 1.132169666551698306e+01 2.150680453321233543e+01
0.000000000000000000e+00 2.313962015955162599e+00 1.830401534628208537e+00 3.124573488787451225e+01 0.000000000000000000e+00
0.000000000000000000e+00 2.383380876433819129e+00 8.869477600467558176e+00 2.008654385649079188e+01 3.303594005005500378e+00
0.000000000000000000e+00 0.000000000000000000e+00 3.439485131363499093e+00 7.602409371829335960e+00 2.272417082754510886e+01
0.000000000000000000e+00 2.221403535316955669e+00 5.929177112033404029e+00 2.495600903382188918e+01 0.000000000000000000e+00
0.000000000000000000e+00 0.000000000000000000e+00 1.025296481128687454e+01 2.211548768037872392e+01 0.000000000000000000e+00
0.000000000000000000e+00 2.198263915157404824e+00 3.759420430805188396e+00 7.396841821471094036e+00 1.826049441499159443e+01
0.000000000000000000e+00 4.858688919841006815e+00 5.752690537402932458e-01 5.183460935338178643e+00 2.028943823887959397e+01
0.000000000000000000e+00 1.645414932807839792e+00 5.263188603127266774e+00 7.396841821471094036e+00 1.582576182632606177e+01
0.000000000000000000e+00 0.000000000000000000e+00 3.167946831519012907e+00 5.132720485043837044e+00 2.110101576843477034e+01
0.000000000000000000e+00 1.915894099844746012e+00 1.410587105760293003e+00 6.796093226332285298e+00 1.846338879738042849e+01
0.000000000000000000e+00 2.313962015955162599e+00 9.215041662823441726e+00 1.643444497349247513e+01 0.000000000000000000e+00
0.000000000000000000e+00 1.352395835184529105e+00 2.546893385400524235e+00 6.335341143191111968e+00 1.684023373827005798e+01
0.000000000000000000e+00 1.960973961017563383e+00 2.428905433994856367e+01 2.018640673968122579e-01 0.000000000000000000e+00
0.000000000000000000e+00 0.000000000000000000e+00 4.858688919841006815e+00 6.450529163976401748e+00 1.440550114960450578e+01
0.000000000000000000e+00 1.600335071635023088e+00 5.399894800611089174e+00 7.396841821471094036e+00 1.055050788421737451e+01
0.000000000000000000e+00 1.713034724567066958e+00 1.197955416167047460e+01 1.049693150463397728e+01 0.000000000000000000e+00
0.000000000000000000e+00 1.713034724567066958e+00 3.190128388923447744e+00 4.953084893767591979e+00 1.359392362004932053e+01
0.000000000000000000e+00 2.073673613949607919e+00 4.525638330741448834e-01 8.408725517326384846e+00 1.176787417855016926e+01
0.000000000000000000e+00 0.000000000000000000e+00 7.217011765105501908e+00 1.483301028393804444e+01 0.000000000000000000e+00
0.000000000000000000e+00 2.096213544536016382e+00 6.106167473586649130e+00 5.585370354988371311e+00 7.468970493681860390e+00
0.000000000000000000e+00 1.397475696357346475e+00 8.938013258438404662e+00 1.019769457020742465e+01 0.000000000000000000e+00
0.000000000000000000e+00 0.000000000000000000e+00 7.060120204994509763e+00 2.477865061745296416e+00 1.019769457020742465e+01
0.000000000000000000e+00 3.155590282097225918e-01 4.388493217920910183e+00 6.220153122405815971e+00 8.074562695872288032e+00
0.000000000000000000e+00 1.014296876388395940e+00 3.173820987960657813e+00 6.220153122405815971e+00 7.872698628475493621e+00
0.000000000000000000e+00 9.241371540427604225e-01 1.079641205474738896e+01 5.434414399448162847e+00 0.000000000000000000e+00
0.000000000000000000e+00 2.704791670369037782e-01 4.427676193080920086e+00 5.989777080835235523e+00 5.191553599378319284e+00
0.000000000000000000e+00 0.000000000000000000e+00 1.352395835184529105e+00 6.083425788030209169e+00 7.547797777011316711e+00
0.000000000000000000e+00 0.000000000000000000e+00 7.217011765105501908e+00 2.035389157862216081e+00 5.736326310528594874e+00
0.000000000000000000e+00 1.397475696357346475e+00 6.015072689288294860e+00 6.943973954850417130e+00 1.854126285492127268e-01
0.000000000000000000e+00 3.831788199689485364e-01 4.114212391800854185e+00 3.628302411841330510e+00 5.434414399448162847e+00
0.000000000000000000e+00 7.212777787650826999e-01 5.543501790588281075e+00 4.837896872982296870e+00 1.509559555402267605e+00
0.000000000000000000e+00 0.000000000000000000e+00 1.645414932807839792e+00 5.263188603127266774e+00 5.434414399448140642e+00
0.000000000000000000e+00 9.917569458019862561e-01 3.173820987960657813e+00 3.362816869511478401e+00 4.075810799586117916e+00
0.000000000000000000e+00 1.600335071635023088e+00 3.503911509145426706e+00 2.212379519415439866e+00 3.924854844045896130e+00
0.000000000000000000e+00 4.958784729009931835e-01 4.569280942805657997e-01 6.561897479223594232e+00 3.455640623558782210e+00
0.000000000000000000e+00 1.307315974011711290e+00 0.000000000000000000e+00 9.291993981544878878e+00 1.151880207852960525e-01
0.000000000000000000e+00 8.790572928699439403e-01 3.408918838920704797e+00 3.274321688734857627e+00 2.868163155264304542e+00
0.000000000000000000e+00 5.634982646602191281e-01 3.957480491160821678e+00 2.920340965628398067e+00 2.418948436491139553e+00
0.000000000000000000e+00 5.860381952466287014e-01 3.918297516000811775e+00 3.274321688734857627e+00 1.958196353349983321e+00
0.000000000000000000e+00 2.479392364504966473e-01 4.506042143400933675e+00 3.274321688734857627e+00 1.497444270208809991e+00
0.000000000000000000e+00 1.126772728580539701e-01 4.780322969520990561e+00 3.274321688734857627e+00 9.215041662823463264e-01
0.000000000000000000e+00 3.831788199689485364e-01 4.270944292440886692e+00 3.274321688734857627e+00 9.215041662823463264e-01
0.000000000000000000e+00 0.000000000000000000e+00 2.383380876433819129e+00 3.212595640869888136e+00 2.994888540417608880e+00
0.000000000000000000e+00 6.761979175922638863e-01 3.565650739560737303e+00 3.716797592617950841e+00 2.303760415705865816e-01
0.000000000000000000e+00 0.000000000000000000e+00 2.383380876433819129e+00 3.212595640869888136e+00 2.418948436491145326e+00
0.000000000000000000e+00 2.930190976233131850e-01 3.047263142699242700e+00 2.460711554708850723e+00 1.958196353349972441e+00
0.000000000000000000e+00 2.253993058640872682e-01 4.545225118560943578e+00 1.640474369805899668e+00 1.061942169319418205e+00
0.000000000000000000e+00 7.212777787650826999e-01 1.596633791009061554e+00 3.349301838353713201e+00 1.150437350096025879e+00
0.000000000000000000e+00 0.000000000000000000e+00 4.937054870161023956e+00 1.640474369805899668e+00 2.654855423298567163e-01
0.000000000000000000e+00 2.816931821451420376e-02 3.409314209158555542e+00 2.392358455966940411e+00 7.079614462129454333e-01
0.000000000000000000e+00 0.000000000000000000e+00 3.379143286953613767e+00 2.597417752192676232e+00 1.769903615532363583e-01
0.000000000000000000e+00 3.606388893825414055e-01 2.956750376084411158e+00 1.255132480887915403e+00 1.415922892425886648e+00
0.000000000000000000e+00 0.000000000000000000e+00 2.383380876433819129e+00 3.212595640869888136e+00 8.849518077662031634e-02
0.000000000000000000e+00 0.000000000000000000e+00 2.383380876433819129e+00 1.830401534628208537e+00 1.150437350096034317e+00
0.000000000000000000e+00 4.057187505553578877e-01 2.855800589253535970e-01 2.292990087575665470e+00 2.118946060999289394e+00
0.000000000000000000e+00 0.000000000000000000e+00 2.383380876433819129e+00 1.830401534628208537e+00 5.468247899352975949e-01
0.000000000000000000e+00 2.253993058640872682e-01 2.151984674838303135e+00 1.830401534628208537e+00 2.734123949676504628e-01
0.000000000000000000e+00 2.816931821451420376e-02 2.360241256274266064e+00 9.012084286801875788e-01 8.885902836448625886e-01
0.000000000000000000e+00 2.479392364504966473e-01 1.465034643653565727e+00 2.196481841553849623e+00 0.000000000000000000e+00
0.000000000000000000e+00 2.816931821451420376e-02 2.244543155476507845e+00 1.097123304480229544e+00 2.614859335183143951e-01
0.000000000000000000e+00 2.479392364504966473e-01 3.107604987109127137e+00 0.000000000000000000e+00 0.000000000000000000e+00
0.000000000000000000e+00 0.000000000000000000e+00 2.383380876433819129e+00 6.661105777201383749e-01 0.000000000000000000e+00
0.000000000000000000e+00 2.028593752776778891e-01 1.482900919795683503e+00 1.057940329320218531e+00 0.000000000000000000e+00
0.000000000000000000e+00 2.028593752776778891e-01 1.500767195937799947e+00 6.335893663038032475e-01 1.175489254800255734e-01
0.000000000000000000e+00 2.028593752776778891e-01 1.500767195937799947e+00 4.525638330741448834e-01 0.000000000000000000e+00
0.000000000000000000e+00 2.028593752776778891e-01 1.500767195937799947e+00 1.851169612764134997e-01 0.000000000000000000e+00
0.000000000000000000e+00 4.057187505553578877e-01 8.852981826685940581e-01 2.270272348136115892e-01 6.941886047865447606e-02
0.000000000000000000e+00 4.057187505553578877e-01 9.138561885611294899e-01 0.000000000000000000e+00 0.000000000000000000e+00
0.000000000000000000e+00 2.028593752776778891e-01 3.394592467002167657e-01 5.069533100888468091e-01 0.000000000000000000e+00
0.000000000000000000e+00 2.028593752776778891e-01 3.394592467002167657e-01 2.365782113747961213e-01 1.705935286248156518e-02
