0.000000000000000000e+00 1.351817496982565370e+00 1.743514584505950182e+01 3.874805116516878911e+01 9.302745738794963859e-03
0.000000000000000000e+00 1.447914131552519024e+00 1.674673807995708685e+01 3.878304812516905287e+01 1.629183700714923952e-02
0.000000000000000000e+00 1.986407064914350151e+00 1.445689241147260340e+01 3.747527755779315584e+01 9.302745738794963859e-03
0.000000000000000000e+00 2.258581015892925592e+00 1.323801577630191417e+01 3.529696302669307073e+01 1.132273145150784199e-01
0.000000000000000000e+00 1.534865304287750920e+00 1.137727492150358088e+01 3.442850103781660920e+01 6.006976527036037572e-01
0.000000000000000000e+00 3.208095796787996168e+00 7.028473009654971015e+00 3.421393940614048290e+01 5.339141182770659189e-01
0.000000000000000000e+00 2.254223324972180809e+00 8.170049258182274343e+00 3.294345243990960626e+01 8.821359669321878760e-01
0.000000000000000000e+00 2.173636428156917599e+00 8.573664453872440916e+00 3.116153455322294263e+01 1.570956622171912009e+00
0.000000000000000000e+00 3.236593222685799631e+00 6.924685236735752092e+00 3.149146733564575129e+01 1.080151769488895352e+00
0.000000000000000000e+00 2.211029841046843192e+00 5.186771923274959839e+00 3.367376037669602340e+01 9.023275955522659375e-01
0.000000000000000000e+00 2.255567853232623321e+00 5.026503547321373944e+00 3.294776782456409592e+01 9.850758146958542572e-01
0.000000000000000000e+00 2.151367422064028201e+00 5.418384032917967552e+00 2.989276993572578078e+01 3.008166669183677477e+00
0.000000000000000000e+00 2.240443446435588459e+00 5.097577793233504018e+00 2.989276993572578078e+01 2.473067834257804076e+00
0.000000000000000000e+00 2.162336722039872150e+00 5.347036157953879432e+00 2.804731809767358897e+01 3.429917109948819487e+00
0.000000000000000000e+00 2.772987865273559074e-02 6.566213874817035112e+00 2.699023598138686708e+01 4.651278774440368302e+00
0.000000000000000000e+00 2.252477009641156158e+00 5.026503547321373944e+00 2.986229947800341122e+01 3.059366649809174832e-01
0.000000000000000000e+00 2.699710410671811445e-02 4.578218013934517217e+00 2.934982207352584638e+01 2.759052932253395873e+00
0.000000000000000000e+00 2.240211600829435490e+00 5.096708505273285894e+00 2.825928669342894395e+01 3.955786124301631235e-01
0.000000000000000000e+00 1.091089431397163495e-01 6.418946581913483662e+00 2.481223376983510320e+01 3.871309927481113355e+00
0.000000000000000000e+00 1.987784578334393037e+00 5.816750837672688412e+00 2.517381834686825570e+01 1.520635922531487161e+00
0.000000000000000000e+00 2.412657835692656044e-02 3.226393238945815867e+00 1.161254379871154363e+01 1.878063246569173117e+01
0.000000000000000000e+00 3.268847782703230842e-01 5.938835825990611994e+00 2.553822632196702358e+01 1.148343594357261965e+00
0.000000000000000000e+00 3.252372938655691270e-02 4.374425771205617153e+00 1.066423414015609339e+01 1.714714922339489078e+01
0.000000000000000000e+00 3.069348526782371411e-02 2.224150732694224697e+00 8.273820834984157102e+00 2.096457532973280991e+01
0.000000000000000000e+00 4.670408485045358937e-02 2.224168903020502519e+00 8.170049258182274343e+00 2.023858277760090374e+01
0.000000000000000000e+00 2.138613045212149899e+00 5.427166724536524711e+00 2.223937768061819042e+01 1.560349840995971238e-01
0.000000000000000000e+00 3.095194267655262954e-02 3.188691198068956734e+00 7.028473009654971015e+00 1.896809581137003065e+01
0.000000000000000000e+00 2.389180529758703347e-02 3.196219745076878560e+00 7.028473009654971015e+00 1.824210325923810316e+01
0.000000000000000000e+00 1.001709541563940153e-01 4.442800738964134410e+00 2.297289488977002136e+01 2.276336660903666154e-01
0.000000000000000000e+00 1.846715375675155979e+00 4.094248546628429963e+00 2.079042585038502722e+01 2.650041304452631641e-01
0.000000000000000000e+00 4.364898427291132033e-02 4.519735955591879240e+00 1.593746688821639390e+00 2.009279699860771728e+01
0.000000000000000000e+00 2.389180529758703347e-02 3.224441566032920647e+00 6.924685236735752092e+00 1.515663491267741492e+01
0.000000000000000000e+00 2.365772289887241656e-02 3.195669607161264913e+00 7.028473009654971015e+00 1.443064236054548566e+01
0.000000000000000000e+00 3.017958721102192987e-02 2.246225836712659962e+00 8.170049258182274343e+00 1.352315167038057275e+01
0.000000000000000000e+00 3.808437622120933175e-02 2.190705711056713856e+00 8.365948153393707898e+00 1.264872447385881493e+01
0.000000000000000000e+00 2.992414832414639833e-02 2.246225836712659962e+00 7.962435878797947453e+00 1.225323938667450285e+01
0.000000000000000000e+00 2.992414832414639833e-02 2.223763508126290311e+00 8.273820834984157102e+00 1.116367587595181199e+01
0.000000000000000000e+00 8.333601297965641252e-02 3.505954894074692074e-02 6.239045604890158359e+00 1.403907752872374815e+01
0.000000000000000000e+00 2.693755363726465721e-02 2.155619571720717609e+00 8.585127518867638585e+00 9.482269893009204864e+00
0.000000000000000000e+00 1.988321571639598342e-02 2.145694482813919279e+00 1.390037650775295575e+01 3.432258922679445323e+00
0.000000000000000000e+00 2.226782327241177278e-02 1.502926814830216395e+00 7.108451455672137875e+00 9.718420128802261360e+00
0.000000000000000000e+00 2.742523507767053587e-02 1.561123818688627374e+00 7.349992441854574565e+00 9.053041251108409071e+00
0.000000000000000000e+00 2.158411183952749501e-01 7.786660845080539683e-02 1.207323135691210503e+01 4.837027017193769041e+00
0.000000000000000000e+00 3.985059353050444952e-02 1.913910651100359406e+00 5.988051824221746422e+00 8.555003539254414591e+00
0.000000000000000000e+00 1.527346336241336422e-01 1.387069003824255242e+00 6.308534989150041739e+00 7.890953256782416325e+00
0.000000000000000000e+00 3.173706726939511114e-02 1.950492082419234663e+00 5.899560325245813530e+00 7.088761097404328027e+00
0.000000000000000000e+00 5.398296698396337634e-01 2.368646994750520096e-02 3.674971440782085264e+00 9.968532790416309908e+00
0.000000000000000000e+00 3.276419083311157832e-02 2.109501867280843879e+00 8.781375046548033581e+00 2.532404522285032655e+00
0.000000000000000000e+00 2.181012156874164234e-02 1.738803442028845847e+00 4.405669660760227480e+00 6.577920007540086544e+00
0.000000000000000000e+00 2.767058675719583777e-02 2.089572994867813005e+00 5.587424760572306859e+00 4.272318892187470851e+00
0.000000000000000000e+00 1.904231136353476128e-01 2.084833545012775513e+00 3.090468981673045956e+00 6.332897411599089921e+00
0.000000000000000000e+00 3.896284193458809247e-02 3.499183114189718946e-02 4.367599453429057199e+00 6.080692532724001786e+00
0.000000000000000000e+00 2.112886046938987350e-02 1.237104124533121574e+00 3.928455155898011864e+00 5.902278443176989242e+00
0.000000000000000000e+00 1.659198024299195218e-02 4.208909258236623319e-02 6.583791974189625584e+00 4.121948207604772207e+00
0.000000000000000000e+00 2.031058360819071665e-02 4.582238084342373341e+00 5.665117438078285161e+00 2.290677800322087898e-01
0.000000000000000000e+00 2.363581407739301712e-02 8.426735539911625050e-01 4.793335296406029400e+00 4.418255406135848773e+00
0.000000000000000000e+00 1.507838664410026952e-01 9.641209346946038039e-01 5.588889792611250407e+00 3.171188067927514176e+00
0.000000000000000000e+00 4.297673901526626039e-02 3.098924378184994222e+00 1.278702849570609867e+00 4.644633062809858437e+00
0.000000000000000000e+00 1.476518078536311618e-01 1.868433209441473231e-01 4.002505300870700111e+00 4.938470610233141045e+00
0.000000000000000000e+00 1.474745992186413945e-01 2.044411295683065122e-01 3.966045466663354002e+00 4.627050541156655150e+00
0.000000000000000000e+00 1.502144653426984722e-01 9.991675643355770742e-01 3.640118531860368822e+00 3.899221957675031103e+00
0.000000000000000000e+00 1.739415034475901359e-02 5.199775797231204200e-01 5.511498180595820529e+00 2.140955872230662749e+00
0.000000000000000000e+00 2.250347513428028329e-02 6.031947673026810675e-01 5.321778000697819699e+00 2.129285379437147796e+00
0.000000000000000000e+00 2.095856430858230451e-02 4.297673901526626039e-02 4.549677038121444639e+00 3.092139809676766937e+00
0.000000000000000000e+00 4.297673901526626039e-02 6.576998810361923908e+00 7.919540479239274289e-01 6.147839278378099126e-02
0.000000000000000000e+00 4.208909258236623319e-02 4.553344349511394107e+00 4.669593577147583829e-01 2.129952620092775195e+00
0.000000000000000000e+00 4.297673901526626039e-02 1.934350391215118939e-02 2.243825100372899062e+00 4.536402553149185835e+00
0.000000000000000000e+00 4.022517489662651852e-02 3.425407082059785113e-02 3.181132886597896281e+00 3.343349524603344669e+00
0.000000000000000000e+00 1.467733421402524496e-01 1.295505264266145984e+00 1.667707008494055732e+00 3.172370528548411617e+00
0.000000000000000000e+00 2.342433280063162954e-02 3.400512797817025201e-01 4.034231567925707473e+00 1.602156450382220099e+00
0.000000000000000000e+00 4.297673901526626039e-02 1.685111353240594245e-01 2.927257571127113600e+00 2.529255853501926499e+00
0.000000000000000000e+00 1.469475272677316091e-01 1.438481020610615224e-01 1.998216163158177849e+00 3.090468981673045956e+00
0.000000000000000000e+00 1.679127946193124943e-02 4.208909258236623319e-02 3.215702055372959389e+00 1.789043076181569214e+00
0.000000000000000000e+00 2.052564860561307755e-02 2.550293490264971541e-01 2.018124466170757803e+00 2.467271982436726407e+00
0.000000000000000000e+00 3.885328438236344134e-02 2.243292064553540577e+00 1.765380264027961443e+00 4.090267573071555973e-01
0.000000000000000000e+00 1.465999032901219024e-01 1.401092116011098065e+00 1.485656071658469912e+00 1.157508789356217482e+00
0.000000000000000000e+00 1.464272066772013270e-01 8.203644314138610616e-01 1.107320426252330847e+00 1.807999377277842878e+00
0.000000000000000000e+00 1.653843337078190479e-01 1.490668227056678896e+00 1.298529517918668441e+00 6.142091877048762028e-01
0.000000000000000000e+00 1.653843337078190479e-01 1.156035832176556477e+00 1.214000245382756971e+00 7.585191117260647875e-01
2.173779318380902881e-02 1.429430367396409829e-01 1.492204653235557066e+00 1.262372712364259630e+00 7.569156791736708634e-02
0.000000000000000000e+00 1.462552481631322898e-01 1.506678967756049925e+00 6.724037445015134118e-01 3.564340910229041870e-01
0.000000000000000000e+00 1.699140317820531376e-02 1.646623160044769218e-01 1.492504985347174795e+00 6.754031055090620184e-01
0.000000000000000000e+00 1.459135283943688577e-01 1.172320603897034186e+00 6.624560375532149159e-01 4.857266807281270665e-02
0.000000000000000000e+00 7.305669564868374488e-01 1.874432516503458587e-02 1.010641954586307234e+00 3.786833781797285109e-02
0.000000000000000000e+00 1.459135283943688577e-01 2.044411295683065122e-01 9.189304198515453326e-01 2.172178073873546611e-01
0.000000000000000000e+00 1.719235797538880284e-02 1.871221268916260505e-01 3.621733677377158567e-01 6.280147445646682147e-01
4.347558636761805761e-02 1.011204546230285717e-01 3.621598854350396857e-01 2.557472218233679540e-01 1.368127172077063247e-01
