5.900254589495783526e-03 7.802422950834457440e-04 6.335165780526560726e-04 1.836322655262056976e-05 3.211220291067427249e-05
6.018357528707489468e-03 7.463053296929148461e-04 7.017043233466630728e-04 1.828954387851700530e-05 3.131128950304202141e-05
5.367544313139428584e-03 7.900763978602095292e-04 6.045307730627307334e-04 1.757630777840848144e-05 3.413497534896820532e-05
5.448521265553056547e-03 8.046123015155974426e-04 6.102536145537812906e-04 1.779657836686571561e-05 3.457942769046406725e-05
5.603839478486665436e-03 7.662937579432282844e-04 6.308998558785880320e-04 1.755833000877965539e-05 4.120741093368952222e-05
5.624091745818965080e-03 7.746923620671314868e-04 5.846469506793064083e-04 1.701121616858643231e-05 3.602381203560306319e-05
5.823768907028090656e-03 1.610934546977467506e-03 7.037765429865003048e-04 1.922843921380598683e-05 3.946218366346320448e-05
5.693061759957801678e-03 7.898859771127533834e-04 6.198677909717538806e-04 1.835025857688448193e-05 3.570795736593457758e-05
6.473905767731024871e-03 1.709806716623868883e-03 7.905652043147377806e-04 2.105043521490891476e-05 5.021383748491278076e-05
6.367988165625873900e-03 1.472989888215385425e-03 7.241944973809030101e-04 2.080575120761832522e-05 3.208222450849060363e-05
6.359428068778582958e-03 1.700529170496282994e-03 7.240557716837395111e-04 2.120015382871982270e-05 3.329027445804819520e-05
5.964162155642549479e-03 1.400993985133920736e-03 7.342819191038041718e-04 2.253138929348912255e-05 3.826780837565222910e-05
7.005834582008120363e-03 2.260925532262880039e-03 7.692706395943663599e-04 2.006279478988830044e-05 5.709423488693696007e-05
6.163448560448921837e-03 2.219263370691398982e-03 7.034945362675922194e-04 1.912965486272169658e-05 4.041480097425813420e-05
6.180585207383728838e-03 2.416712454807619197e-03 8.691427256264656464e-04 2.777012486094747185e-05 3.302304526831738654e-05
6.164817039946335689e-03 2.788983371718868013e-03 6.545012450259353465e-04 1.830783168232663434e-05 3.442144363783853663e-05
6.170120842607946382e-03 2.560020743983012007e-03 6.883219130865119838e-04 1.870036415120937025e-05 3.883252579629338302e-05
6.176875811514989829e-03 3.009445214908632038e-03 6.492455877996434945e-04 1.819391156821267475e-05 3.391426626611797400e-05
6.202387679903011673e-03 3.104346373897024901e-03 6.584407530987384724e-04 1.868084311396035489e-05 3.389757562989892143e-05
6.220581059399137719e-03 3.226949065156589549e-03 6.517642286390208997e-04 1.828934602929392335e-05 3.383293641298577826e-05
6.887379962531115472e-03 2.928342756453896929e-03 7.230751300033651675e-04 1.920509034517653031e-05 4.802398301601357102e-05
6.364871638426405735e-03 3.132847067740523496e-03 6.848236147499015773e-04 1.867570896330799239e-05 3.811898395212418164e-05
6.356644598910399409e-03 3.624151074226544551e-03 6.489904295108410697e-04 1.813556710639523865e-05 3.387524405732896275e-05
6.348949135591001533e-03 4.040512176157040787e-03 8.146408655288216215e-04 2.744902789061202139e-05 3.448026904488848163e-05
6.463147218839503626e-03 3.808343189880377538e-03 6.557835276994890923e-04 1.819931840753187733e-05 3.442384373991704379e-05
6.482401540954398078e-03 4.111391378883824319e-03 7.535133396050946227e-04 2.327976093044502244e-05 3.419187665924896299e-05
7.382019832647449334e-03 4.811764396696452221e-03 9.916860922499068018e-04 3.221664293657699535e-05 4.467729294672582974e-05
6.533128996476954796e-03 4.623311366456612191e-03 8.243904756647406004e-04 2.739726615607694012e-05 3.476327893335230581e-05
6.706877858042011552e-03 4.651360022029150422e-03 6.729635393226588531e-04 1.940141545658322837e-05 3.441486935608040291e-05
7.758022028247510068e-03 4.124760224863283260e-03 7.167740223626547971e-04 1.900099247150645811e-05 4.774911906843767894e-05
7.824112277704971252e-03 5.695525069329684248e-03 8.473740266284252899e-04 2.639635673413499522e-05 3.996950849072837466e-05
6.957386643131530969e-03 4.807131533972388952e-03 6.719465556181596425e-04 1.863976234005517996e-05 3.602938218057573708e-05
8.406601079976363730e-03 5.101584894646214903e-03 7.445535446944601208e-04 1.982674286917692551e-05 4.911537178033354253e-05
7.790483324751635262e-03 6.516342029458231482e-03 6.251071311271487073e-04 1.727381708154744006e-05 3.419807320004561419e-05
7.593378346409673102e-03 5.629406606269685490e-03 6.622375808556400442e-04 1.840213090722812964e-05 3.569825479602415312e-05
8.595464403293421804e-03 6.281033922124649310e-03 9.716625766025151732e-04 3.159987883674348437e-05 4.675875711005217123e-05
7.458387414267937145e-03 6.058719633681965144e-03 6.400471024577305927e-04 1.770197835367784216e-05 3.431810547234688590e-05
7.578321356648205602e-03 6.481855152793613607e-03 6.642107309323974380e-04 1.831221286774285209e-05 3.465658751618067252e-05
9.686427669910383301e-03 7.410443930553800747e-03 6.798303948426137654e-04 1.816525698323754603e-05 4.374899470690382224e-05
8.853170306300723116e-03 6.330155733408038797e-03 7.038930691830103722e-04 1.882820449713024498e-05 4.371685362572542998e-05
9.046860876649801680e-03 6.401811372012702200e-03 7.100617862860840977e-04 1.889473575838525009e-05 4.496165782126628890e-05
7.836147213843822762e-03 7.659167209116048841e-03 7.799068631107973753e-04 2.567349967308303708e-05 3.442780724935023842e-05
9.145648650623165732e-03 6.578702402830632207e-03 7.048217237076761501e-04 1.877179922390788701e-05 4.591413216453725006e-05
8.222023462540797509e-03 8.720793470499976774e-03 8.777512222098526971e-04 2.964866770022276684e-05 3.444173918735612489e-05
9.196551823174073034e-03 8.176503144113472787e-03 7.285411919107678521e-04 2.045460986249282684e-05 3.964655633415571114e-05
8.519940776223299331e-03 8.050659652791315735e-03 6.318029811591551088e-04 1.750342244778033482e-05 3.459303507079856591e-05
9.699731619198985119e-03 7.633061158360661402e-03 7.067393820470727539e-04 1.883810461304414376e-05 4.421580297858960845e-05
8.431002515040583040e-03 8.870153377199391925e-03 7.900754578782057287e-04 2.542682358854321645e-05 3.565222870768473872e-05
8.698672093519318332e-03 8.349513484972514651e-03 6.710897310336146494e-04 1.827651995681508733e-05 3.619106560609316916e-05
1.035200125872084466e-02 1.076178472204751199e-02 9.865889758457373811e-04 3.210930023286453030e-05 4.039951450457320681e-05
1.046764493838544911e-02 9.194969550120345864e-03 7.122982504800051077e-04 1.900014136196581153e-05 4.232396120237410446e-05
1.041659442409904011e-02 1.046183703561554164e-02 7.859010307213517687e-04 2.435117148072554532e-05 3.538174775988601225e-05
9.060068179236336824e-03 9.710154423018035885e-03 7.444513979429869715e-04 2.175949110343795183e-05 3.773422316275817863e-05
1.041098655981935808e-02 9.432744884180319089e-03 7.203168162535350657e-04 1.956918494411105978e-05 4.462088862412810124e-05
1.060183335713805325e-02 1.082540986989371026e-02 7.000176585876101637e-04 1.885500007882343415e-05 3.551451564171552992e-05
9.329690614687590616e-03 9.649016758719149850e-03 6.547998544893089169e-04 1.792300648984004185e-05 3.508716990706444935e-05
1.043328882263449935e-02 9.274591920904406983e-03 7.188307254421619089e-04 1.917649074707827316e-05 4.257760043834866130e-05
9.496333411344733480e-03 9.895257358701147962e-03 6.702599574159259256e-04 1.870670765933919171e-05 3.493899425949205585e-05
1.016441292898972656e-02 1.039327090151474266e-02 8.247274673785490911e-04 2.537249591486244213e-05 3.944850700882588610e-05
1.006707154562057858e-02 9.726370614020349997e-03 7.743965588493544917e-04 2.013340274986651632e-05 4.942400545993424875e-05
9.982269143242520487e-03 1.040445013771360873e-02 6.644052226484839247e-04 1.818279706549268227e-05 3.568062635149700566e-05
1.107497558831597832e-02 1.038797095690438023e-02 7.440339906009766366e-04 2.009101927646023074e-05 4.332058435858523467e-05
1.019534286766290813e-02 1.196919156322472609e-02 7.679086635414161290e-04 2.471906723545113911e-05 3.561627168071017488e-05
1.073295648977602539e-02 1.231447828319706499e-02 6.381346525347131662e-04 1.750489556197298949e-05 3.538596856098238794e-05
1.062972347385171719e-02 1.166690277082409535e-02 6.677899059258689480e-04 1.813168720940286756e-05 3.523835643935840640e-05
1.104202674023076897e-02 1.117789160777421867e-02 8.169522635846478359e-04 2.102765853737404309e-05 4.697307513735660172e-05
1.059098097639539493e-02 1.201404827269728949e-02 7.124243953110449877e-04 2.042151528534547967e-05 3.512898787804293835e-05
1.102207177243028254e-02 1.212156601320211330e-02 6.840756146401127035e-04 1.889097387139366432e-05 3.522909071014207954e-05
1.193559790001365133e-02 1.352700109027054481e-02 7.273424536966679793e-04 2.155666178441330896e-05 3.897036640324922063e-05
1.166862610317772643e-02 1.292255306554551675e-02 6.902050554476344899e-04 1.899855872365146148e-05 3.556992200868612627e-05
1.144057602956902522e-02 1.224383051540667462e-02 8.127325138713250869e-04 2.087760960176178015e-05 4.689745377008374544e-05
1.247133440309455138e-02 1.332227792329124770e-02 7.252029346771996648e-04 1.972752943543438958e-05 4.059257485799760290e-05
1.140669855906760281e-02 1.237346897868797993e-02 8.769608281000649532e-04 2.273269159708433818e-05 4.917501345739008507e-05
1.212886621462966504e-02 1.662573494964310686e-02 9.059626316673038146e-04 2.915051471520679373e-05 3.717341385869550786e-05
1.350003274386288830e-02 1.642159289498719074e-02 1.010028188276942268e-03 3.093148534602654454e-05 4.073485701717048706e-05
1.265732201178458582e-02 1.387427699151884408e-02 7.722691702813564135e-04 2.121982207503753735e-05 4.149813299824343520e-05
1.375850889529653918e-02 1.601412241976623782e-02 8.218161798098995614e-04 2.467398696166357919e-05 3.992151040980268620e-05
1.438335912164362233e-02 1.741965276535775015e-02 7.274272144535884593e-04 2.044150646764419707e-05 3.562526631536688636e-05
1.351807288749664465e-02 1.568170928083438900e-02 7.691995911286892166e-04 2.032714348005391187e-05 4.052714518826897988e-05
1.359002029974050105e-02 1.690188003774330261e-02 7.698835163260825442e-04 2.085928448565560166e-05 3.968232511154925818e-05
1.539377942217186497e-02 1.921576258622843814e-02 7.155038482838767732e-04 1.924393432336019122e-05 3.968108716622145390e-05
1.476854526779282535e-02 1.890432472373356973e-02 7.842489553629772899e-04 2.160897129602034253e-05 3.985194661822901558e-05
1.999435477461135313e-02 2.508182789893903877e-02 7.541557596981302014e-04 2.000110448785501761e-05 3.781575738507989427e-05
1.891415348762555404e-02 2.903528915130624069e-02 1.083760604427018871e-03 2.893934533257267280e-05 4.000071521947976791e-05
1.956975297918320256e-02 2.837354366123909580e-02 8.343741650066403273e-04 2.248982837697131453e-05 3.770678905735423339e-05
2.277036162559918642e-02 3.448754248087854829e-02 8.225866987659519354e-04 2.120054995953074597e-05 3.847032290303719037e-05
3.131830080230892793e-02 5.093742507592963209e-02 1.071321982175700441e-03 2.771384910455257627e-05 3.992734587563366133e-05
