4.000000000000000222e-01 4.189999999999999836e-01 6.340000000000000080e-01 7.099999999999999645e-01 8.000000000000000444e-01 2.000000000000000111e-01 -2.000000000000000111e-01 2.000000000000000111e-01 -2.000000000000000111e-01 -2.000000000000000111e-01
4.000000000000000222e-01 4.000000000000000222e-01 5.869999999999999662e-01 7.109999999999999654e-01 7.920000000000000373e-01 -2.000000000000000111e-01 2.000000000000000111e-01 1.950000000000000067e-01 -2.000000000000000111e-01 -2.000000000000000111e-01
4.000000000000000222e-01 4.000000000000000222e-01 5.919999999999999707e-01 6.909999999999999476e-01 7.820000000000000284e-01 -2.000000000000000111e-01 2.000000000000000111e-01 1.970000000000000084e-01 -2.000000000000000111e-01 -2.000000000000000111e-01
4.000000000000000222e-01 4.600000000000000200e-01 5.799999999999999600e-01 6.989999999999999547e-01 7.830000000000000293e-01 2.000000000000000111e-01 -2.000000000000000111e-01 2.000000000000000111e-01 -2.000000000000000111e-01 -2.000000000000000111e-01
4.000000000000000222e-01 4.739999999999999769e-01 5.829999999999999627e-01 6.909999999999999476e-01 7.790000000000000258e-01 2.000000000000000111e-01 -2.000000000000000111e-01 1.990000000000000102e-01 -2.000000000000000111e-01 -2.000000000000000111e-01
4.000000000000000222e-01 5.260000000000000231e-01 6.149999999999999911e-01 7.419999999999999929e-01 7.690000000000000169e-01 -2.000000000000000111e-01 2.000000000000000111e-01 -2.000000000000000111e-01 -2.000000000000000111e-01 -1.270000000000000018e-01
4.000000000000000222e-01 4.929999999999999938e-01 5.899999999999999689e-01 6.860000000000000542e-01 7.740000000000000213e-01 2.000000000000000111e-01 -2.000000000000000111e-01 2.000000000000000111e-01 -2.000000000000000111e-01 -2.000000000000000111e-01
4.000000000000000222e-01 4.919999999999999929e-01 5.869999999999999662e-01 6.820000000000000506e-01 7.720000000000000195e-01 2.000000000000000111e-01 -2.000000000000000111e-01 1.990000000000000102e-01 -2.000000000000000111e-01 -2.000000000000000111e-01
4.000000000000000222e-01 4.929999999999999938e-01 5.769999999999999574e-01 6.750000000000000444e-01 7.680000000000000160e-01 2.000000000000000111e-01 -2.000000000000000111e-01 1.990000000000000102e-01 -2.000000000000000111e-01 -1.990000000000000102e-01
4.000000000000000222e-01 5.150000000000000133e-01 5.759999999999999565e-01 7.099999999999999645e-01 7.540000000000000036e-01 -2.000000000000000111e-01 2.000000000000000111e-01 -2.000000000000000111e-01 -2.000000000000000111e-01 -1.330000000000000071e-01
4.000000000000000222e-01 4.819999999999999840e-01 5.769999999999999574e-01 6.700000000000000400e-01 7.399999999999999911e-01 2.000000000000000111e-01 -2.000000000000000111e-01 -1.970000000000000084e-01 1.880000000000000004e-01 -2.000000000000000111e-01
4.000000000000000222e-01 4.849999999999999867e-01 5.769999999999999574e-01 6.760000000000000453e-01 7.279999999999999805e-01 2.000000000000000111e-01 -2.000000000000000111e-01 -1.980000000000000093e-01 1.900000000000000022e-01 -2.000000000000000111e-01
4.000000000000000222e-01 4.020000000000000240e-01 5.360000000000000320e-01 5.769999999999999574e-01 7.059999999999999609e-01 2.000000000000000111e-01 -2.000000000000000111e-01 -2.000000000000000111e-01 1.570000000000000007e-01 -2.000000000000000111e-01
4.000000000000000222e-01 4.899999999999999911e-01 5.480000000000000426e-01 5.959999999999999742e-01 7.099999999999999645e-01 2.000000000000000111e-01 -1.990000000000000102e-01 1.890000000000000013e-01 -1.980000000000000093e-01 -2.000000000000000111e-01
4.000000000000000222e-01 4.979999999999999982e-01 5.959999999999999742e-01 6.790000000000000480e-01 6.840000000000000524e-01 2.000000000000000111e-01 -2.000000000000000111e-01 1.920000000000000040e-01 -2.000000000000000111e-01 -7.000000000000000666e-02
4.000000000000000222e-01 5.090000000000000080e-01 5.769999999999999574e-01 6.830000000000000515e-01 6.870000000000000551e-01 2.000000000000000111e-01 -2.000000000000000111e-01 1.890000000000000013e-01 -5.099999999999999672e-02 -2.000000000000000111e-01
4.000000000000000222e-01 4.030000000000000249e-01 5.090000000000000080e-01 5.959999999999999742e-01 6.700000000000000400e-01 -2.000000000000000111e-01 1.069999999999999979e-01 2.000000000000000111e-01 1.330000000000000071e-01 -2.000000000000000111e-01
4.000000000000000222e-01 4.030000000000000249e-01 5.120000000000000107e-01 5.759999999999999565e-01 6.700000000000000400e-01 -2.000000000000000111e-01 2.000000000000000111e-01 1.549999999999999989e-01 -2.000000000000000111e-01 -2.000000000000000111e-01
4.000000000000000222e-01 4.989999999999999991e-01 5.769999999999999574e-01 6.590000000000000302e-01 6.590000000000000302e-01 2.000000000000000111e-01 -2.000000000000000111e-01 1.859999999999999987e-01 -6.400000000000000133e-02 -2.000000000000000111e-01
4.000000000000000222e-01 4.229999999999999871e-01 4.759999999999999787e-01 5.769999999999999574e-01 6.440000000000000169e-01 9.900000000000000466e-02 -2.000000000000000111e-01 2.000000000000000111e-01 1.449999999999999900e-01 -2.000000000000000111e-01
4.000000000000000222e-01 4.650000000000000244e-01 5.610000000000000542e-01 6.340000000000000080e-01 6.340000000000000080e-01 2.000000000000000111e-01 -2.000000000000000111e-01 1.809999999999999942e-01 -2.000000000000000111e-01 -6.600000000000000311e-02
4.000000000000000222e-01 4.159999999999999809e-01 4.989999999999999991e-01 5.769999999999999574e-01 6.350000000000000089e-01 2.000000000000000111e-01 9.900000000000000466e-02 -2.000000000000000111e-01 2.000000000000000111e-01 -2.000000000000000111e-01
4.000000000000000222e-01 4.450000000000000067e-01 5.170000000000000151e-01 5.769999999999999574e-01 6.300000000000000044e-01 2.000000000000000111e-01 -2.000000000000000111e-01 9.199999999999999845e-02 2.000000000000000111e-01 -2.000000000000000111e-01
4.000000000000000222e-01 4.869999999999999885e-01 5.769999999999999574e-01 6.149999999999999911e-01 6.169999999999999929e-01 2.000000000000000111e-01 -2.000000000000000111e-01 1.710000000000000131e-01 -7.000000000000000666e-02 -2.000000000000000111e-01
4.000000000000000222e-01 4.259999999999999898e-01 5.200000000000000178e-01 5.749999999999999556e-01 6.149999999999999911e-01 2.000000000000000111e-01 -2.000000000000000111e-01 9.299999999999999933e-02 2.000000000000000111e-01 -2.000000000000000111e-01
4.000000000000000222e-01 4.040000000000000258e-01 4.050000000000000266e-01 5.330000000000000293e-01 5.959999999999999742e-01 9.600000000000000200e-02 -2.000000000000000111e-01 2.000000000000000111e-01 2.000000000000000111e-01 -2.000000000000000111e-01
4.000000000000000222e-01 4.400000000000000022e-01 5.330000000000000293e-01 5.480000000000000426e-01 5.959999999999999742e-01 2.000000000000000111e-01 -2.000000000000000111e-01 2.000000000000000111e-01 9.600000000000000200e-02 -2.000000000000000111e-01
4.000000000000000222e-01 4.060000000000000275e-01 5.230000000000000204e-01 5.769999999999999574e-01 5.909999999999999698e-01 -2.000000000000000111e-01 2.000000000000000111e-01 1.710000000000000131e-01 -2.000000000000000111e-01 -7.599999999999999811e-02
4.000000000000000222e-01 4.109999999999999765e-01 4.390000000000000013e-01 5.480000000000000426e-01 5.759999999999999565e-01 2.000000000000000111e-01 9.900000000000000466e-02 -2.000000000000000111e-01 1.990000000000000102e-01 -2.000000000000000111e-01
4.000000000000000222e-01 4.129999999999999782e-01 4.799999999999999822e-01 5.430000000000000382e-01 5.769999999999999574e-01 2.000000000000000111e-01 -1.990000000000000102e-01 9.299999999999999933e-02 2.000000000000000111e-01 -2.000000000000000111e-01
4.000000000000000222e-01 4.060000000000000275e-01 4.269999999999999907e-01 5.350000000000000311e-01 5.570000000000000506e-01 -2.000000000000000111e-01 9.199999999999999845e-02 2.000000000000000111e-01 1.819999999999999951e-01 -2.000000000000000111e-01
4.000000000000000222e-01 4.099999999999999756e-01 4.179999999999999827e-01 5.230000000000000204e-01 5.480000000000000426e-01 2.000000000000000111e-01 9.099999999999999756e-02 -2.000000000000000111e-01 2.000000000000000111e-01 -2.000000000000000111e-01
4.000000000000000222e-01 4.000000000000000222e-01 4.989999999999999991e-01 5.330000000000000293e-01 5.430000000000000382e-01 -1.779999999999999916e-01 2.000000000000000111e-01 -6.700000000000000400e-02 1.529999999999999971e-01 -1.940000000000000058e-01
4.000000000000000222e-01 4.189999999999999836e-01 4.789999999999999813e-01 5.240000000000000213e-01 5.250000000000000222e-01 2.000000000000000111e-01 -2.000000000000000111e-01 9.500000000000000111e-02 2.000000000000000111e-01 -2.000000000000000111e-01
4.000000000000000222e-01 4.079999999999999738e-01 4.159999999999999809e-01 4.799999999999999822e-01 4.909999999999999920e-01 -1.990000000000000102e-01 9.199999999999999845e-02 2.000000000000000111e-01 1.799999999999999933e-01 -1.980000000000000093e-01
