4.558208377256368493e+01 4.634253461257820672e-01
1.470222561106462678e+01 5.333349048719465202e+01
4.173680523678942222e+01 4.662850405999383052e-01
3.683928053802530656e+01 6.172943366077154881e-01
4.173680523678942222e+01 4.662850405999383052e-01
4.558208377256368493e+01 4.634253461257820672e-01
3.389384836157959313e+01 6.455590803877381267e-01
3.683928053802530656e+01 6.172943366077154881e-01
1.995144709371857061e+01 1.909625724646276979e+01
2.019364907541577026e+01 1.494693969455855864e+01
3.065495659984645727e+01 6.701413213600128094e-01
3.273744744934214168e+01 6.620979920597236390e-01
2.038439385905262569e+01 1.103986333217920901e+01
2.030322353039048622e+01 1.414336250150165419e+01
2.899059850867178056e+01 7.005836833606484682e-01
1.474420416175244064e+01 4.810501577750036262e+01
1.474203268729242211e+01 5.103563137179983045e+01
3.065495659984645727e+01 6.701413213600128094e-01
2.030322353039048622e+01 1.414336250150165419e+01
1.474420416175244064e+01 4.810501577750036262e+01
1.474203268729242211e+01 5.103563137179983045e+01
4.173680523678942222e+01 4.662850405999383052e-01
3.389384836157959313e+01 6.455590803877381267e-01
3.273744744934214168e+01 6.620979920597236390e-01
1.598349659859035654e+01 3.936976927198638521e+01
1.623652417467252818e+01 3.796540824986514906e+01
1.914283710854712695e+01 2.411945301150282717e+01
1.904536402997629096e+01 2.570829645432494104e+01
1.972100489332062168e+01 2.043990962963937008e+01
2.096677967512291119e+01 8.870215445937402521e+00
1.972100489332062168e+01 2.043990962963937008e+01
1.955912802604782286e+01 2.176772543166863727e+01
2.038439385905262569e+01 1.103986333217920901e+01
2.065357540153084770e+01 9.938662399545631132e+00
1.714008279325612705e+01 3.557123719379021765e+01
1.503669361237766644e+01 4.287654124215360696e+01
1.481964261112889325e+01 4.439228322969440654e+01
2.531482551574480766e+01 1.499924273931818375e+00
2.443285129696905500e+01 1.603431871674668274e+00
2.545382050288002773e+01 1.207104317752616840e+00
2.816747874476227409e+01 8.710290740848074531e-01
2.899059850867178056e+01 7.005836833606484682e-01
2.096677967512291119e+01 8.870215445937402521e+00
2.624276687725654611e+01 1.124416406869946705e+00
1.995144709371857061e+01 1.909625724646276979e+01
1.955912802604782286e+01 2.176772543166863727e+01
2.749200509009971682e+01 1.021900691943834483e+00
1.714008279325612705e+01 3.557123719379021765e+01
1.943084592689949375e+01 2.306271597087585690e+01
2.183058845105496459e+01 4.556642431992570685e+00
1.519438064619743045e+01 4.148458587011209175e+01
2.183058845105496459e+01 4.556642431992570685e+00
2.179456883228479924e+01 5.777795180664126562e+00
2.681020324045430314e+01 1.073266541251757245e+00
2.223046705460830808e+01 3.345140600419893584e+00
2.130521533082702845e+01 7.069622781781859544e+00
1.776434882782126934e+01 3.116208477502233265e+01
2.065357540153084770e+01 9.938662399545631132e+00
1.770849531623423445e+01 3.223898397267292637e+01
2.385388694086941541e+01 2.117702050878190523e+00
1.759497957434754412e+01 3.396068610559141376e+01
1.770849531623423445e+01 3.223898397267292637e+01
2.763426217710495081e+01 8.829393951143532648e-01
1.776434882782126934e+01 3.116208477502233265e+01
2.256648802016734479e+01 2.755363054939595990e+00
2.256648802016734479e+01 2.755363054939595990e+00
2.019364907541577026e+01 1.494693969455855864e+01
1.893022137479261602e+01 2.622632924849710889e+01
2.624276687725654611e+01 1.124416406869946705e+00
2.681020324045430314e+01 1.073266541251757245e+00
1.763896116255654078e+01 3.320992423904036883e+01
2.129711464724429604e+01 8.023154428762287793e+00
1.884904923869528659e+01 2.703305336437187023e+01
2.030322353039048622e+01 1.414336250150165419e+01
2.172251153164687310e+01 5.907370623533589438e+00
1.481964261112889325e+01 4.439228322969440654e+01
2.816747874476227409e+01 8.710290740848074531e-01
1.672831088180137371e+01 3.682208199702402851e+01
2.096677967512291119e+01 8.870215445937402521e+00
1.811463410073340796e+01 2.991702747329923184e+01
2.143555026901604421e+01 6.712702707941234692e+00
2.316091284307511700e+01 2.724309006480860162e+00
1.666701235337776410e+01 3.695473509708342164e+01
1.943084592689949375e+01 2.306271597087585690e+01
1.942817031632012714e+01 2.382046069395530097e+01
1.763896116255654078e+01 3.320992423904036883e+01
2.183058845105496459e+01 4.556642431992570685e+00
1.878722079968485303e+01 2.726035652243690777e+01
1.549612246897477874e+01 4.145704990312705718e+01
1.549630005175960612e+01 4.072495634565936484e+01
1.516013804504181905e+01 4.221400205132567862e+01
1.805707889921629317e+01 3.063354604874934850e+01
1.623652417467252818e+01 3.796540824986514906e+01
2.357410859365592515e+01 2.649035701275221033e+00
2.183058845105496459e+01 4.556642431992570685e+00
2.223046705460830808e+01 3.345140600419893584e+00
1.567370465486535025e+01 3.980491642303517352e+01
1.549612246897477874e+01 4.145704990312705718e+01
1.805707889921629317e+01 3.063354604874934850e+01
1.630145045903599055e+01 3.736067109446469203e+01
1.630145045903599055e+01 3.736067109446469203e+01
1.849683405706535666e+01 2.855461148502283564e+01
2.256648802016734479e+01 2.755363054939595990e+00
2.223046705460830808e+01 3.345140600419893584e+00
1.841217116519954899e+01 2.950892871752051505e+01
1.841899523864603339e+01 2.893120908626210053e+01
2.256648802016734479e+01 2.755363054939595990e+00
2.223046705460830808e+01 3.345140600419893584e+00
1.480602444878875801e+01 4.494424253789867407e+01
2.417231764401203975e+01 2.093363267526083593e+00
2.129711464724429604e+01 8.023154428762287793e+00
1.701201252904157712e+01 3.600384186141781839e+01
2.065357540153084770e+01 9.938662399545631132e+00
2.357410859365592515e+01 2.649035701275221033e+00
1.811463410073340796e+01 2.991702747329923184e+01
1.567370465486535025e+01 3.980491642303517352e+01
1.871156855743779701e+01 2.787505314001887058e+01
1.549612246897477874e+01 4.145704990312705718e+01
1.666701235337776410e+01 3.695473509708342164e+01
1.740658860992233059e+01 3.408069995220446913e+01
1.805707889921629317e+01 3.063354604874934850e+01
1.549612246897477874e+01 4.145704990312705718e+01
1.554054637370807157e+01 4.045297458919742439e+01
2.172251153164687310e+01 5.907370623533589438e+00
2.143555026901604421e+01 6.712702707941234692e+00
1.942817031632012714e+01 2.382046069395530097e+01
1.914283710854712695e+01 2.411945301150282717e+01
2.357410859365592515e+01 2.649035701275221033e+00
2.385388694086941541e+01 2.117702050878190523e+00
1.866826585461076604e+01 2.831773371895459590e+01
2.357410859365592515e+01 2.649035701275221033e+00
1.836914275975301081e+01 2.982170105069743116e+01
1.598349659859035654e+01 3.936976927198638521e+01
1.567370465486535025e+01 3.980491642303517352e+01
1.598349659859035654e+01 3.936976927198638521e+01
1.714008279325612705e+01 3.557123719379021765e+01
1.701201252904157712e+01 3.600384186141781839e+01
1.914283710854712695e+01 2.411945301150282717e+01
2.019364907541577026e+01 1.494693969455855864e+01
1.630145045903599055e+01 3.736067109446469203e+01
2.443285129696905500e+01 1.603431871674668274e+00
2.438651193670903439e+01 2.000911208255691243e+00
1.476271913855291373e+01 4.530821436938128954e+01
1.995144709371857061e+01 1.909625724646276979e+01
1.841899523864603339e+01 2.893120908626210053e+01
1.503669361237766644e+01 4.287654124215360696e+01
1.724174276427416075e+01 3.426819390238231477e+01
2.130521533082702845e+01 7.069622781781859544e+00
2.143555026901604421e+01 6.712702707941234692e+00
1.681388504396129946e+01 3.632102049391775012e+01
1.701201252904157712e+01 3.600384186141781839e+01
1.878722079968485303e+01 2.726035652243690777e+01
1.681388504396129946e+01 3.632102049391775012e+01
1.681388504396129946e+01 3.632102049391775012e+01
1.516013804504181905e+01 4.221400205132567862e+01
1.904536402997629096e+01 2.570829645432494104e+01
1.914283710854712695e+01 2.411945301150282717e+01
1.942817031632012714e+01 2.382046069395530097e+01
1.509071724174287610e+01 4.268951747465538915e+01
1.862790071501274980e+01 2.849185004149467204e+01
1.740658860992233059e+01 3.408069995220446913e+01
1.724174276427416075e+01 3.426819390238231477e+01
1.903269760031243507e+01 2.598802979227804499e+01
2.540077856242132981e+01 1.311782785767795056e+00
1.549630005175960612e+01 4.072495634565936484e+01
1.549630005175960612e+01 4.072495634565936484e+01
2.531482551574480766e+01 1.499924273931818375e+00
2.417231764401203975e+01 2.093363267526083593e+00
2.431545511137499460e+01 2.071826203247812970e+00
1.862790071501274980e+01 2.849185004149467204e+01
2.763426217710495081e+01 8.829393951143532648e-01
1.903269760031243507e+01 2.598802979227804499e+01
2.256648802016734479e+01 2.755363054939595990e+00
1.838675262857745807e+01 2.963427106822902957e+01
1.567370465486535025e+01 3.980491642303517352e+01
1.509071724174287610e+01 4.268951747465538915e+01
1.884904923869528659e+01 2.703305336437187023e+01
1.805707889921629317e+01 3.063354604874934850e+01
2.749200509009971682e+01 1.021900691943834483e+00
1.943084592689949375e+01 2.306271597087585690e+01
1.972100489332062168e+01 2.043990962963937008e+01
2.531482551574480766e+01 1.499924273931818375e+00
2.129711464724429604e+01 8.023154428762287793e+00
1.836914275975301081e+01 2.982170105069743116e+01
2.438651193670903439e+01 2.000911208255691243e+00
1.866826585461076604e+01 2.831773371895459590e+01
1.903269760031243507e+01 2.598802979227804499e+01
1.714008279325612705e+01 3.557123719379021765e+01
1.567370465486535025e+01 3.980491642303517352e+01
3.683928053802530656e+01 6.172943366077154881e-01
2.540077856242132981e+01 1.311782785767795056e+00
1.681388504396129946e+01 3.632102049391775012e+01
2.431545511137499460e+01 2.071826203247812970e+00
1.893022137479261602e+01 2.622632924849710889e+01
1.841217116519954899e+01 2.950892871752051505e+01
1.841899523864603339e+01 2.893120908626210053e+01
1.849683405706535666e+01 2.855461148502283564e+01
2.172251153164687310e+01 5.907370623533589438e+00
2.179456883228479924e+01 5.777795180664126562e+00
1.836914275975301081e+01 2.982170105069743116e+01
1.838675262857745807e+01 2.963427106822902957e+01
2.179456883228479924e+01 5.777795180664126562e+00
2.438651193670903439e+01 2.000911208255691243e+00
1.701201252904157712e+01 3.600384186141781839e+01
1.759497957434754412e+01 3.396068610559141376e+01
1.770849531623423445e+01 3.223898397267292637e+01
1.763896116255654078e+01 3.320992423904036883e+01
1.630145045903599055e+01 3.736067109446469203e+01
1.884904923869528659e+01 2.703305336437187023e+01
1.724174276427416075e+01 3.426819390238231477e+01
1.623652417467252818e+01 3.796540824986514906e+01
1.863093522197092256e+01 2.841931771758800451e+01
1.509071724174287610e+01 4.268951747465538915e+01
2.038439385905262569e+01 1.103986333217920901e+01
2.624276687725654611e+01 1.124416406869946705e+00
2.438651193670903439e+01 2.000911208255691243e+00
2.443285129696905500e+01 1.603431871674668274e+00
1.862790071501274980e+01 2.849185004149467204e+01
1.549630005175960612e+01 4.072495634565936484e+01
1.554054637370807157e+01 4.045297458919742439e+01
1.759497957434754412e+01 3.396068610559141376e+01
1.763896116255654078e+01 3.320992423904036883e+01
2.357410859365592515e+01 2.649035701275221033e+00
1.863093522197092256e+01 2.841931771758800451e+01
2.431545511137499460e+01 2.071826203247812970e+00
2.438651193670903439e+01 2.000911208255691243e+00
4.558208377256368493e+01 4.634253461257820672e-01
1.866826585461076604e+01 2.831773371895459590e+01
1.863093522197092256e+01 2.841931771758800451e+01
1.849683405706535666e+01 2.855461148502283564e+01
2.179456883228479924e+01 5.777795180664126562e+00
1.519438064619743045e+01 4.148458587011209175e+01
2.681020324045430314e+01 1.073266541251757245e+00
2.749200509009971682e+01 1.021900691943834483e+00
2.624276687725654611e+01 1.124416406869946705e+00
1.841217116519954899e+01 2.950892871752051505e+01
2.256648802016734479e+01 2.755363054939595990e+00
2.316091284307511700e+01 2.724309006480860162e+00
1.863093522197092256e+01 2.841931771758800451e+01
1.838675262857745807e+01 2.963427106822902957e+01
3.683928053802530656e+01 6.172943366077154881e-01
1.519438064619743045e+01 4.148458587011209175e+01
1.519438064619743045e+01 4.148458587011209175e+01
2.172251153164687310e+01 5.907370623533589438e+00
2.417231764401203975e+01 2.093363267526083593e+00
2.417231764401203975e+01 2.093363267526083593e+00
1.903269760031243507e+01 2.598802979227804499e+01
3.273744744934214168e+01 6.620979920597236390e-01
2.183058845105496459e+01 4.556642431992570685e+00
2.129711464724429604e+01 8.023154428762287793e+00
2.130521533082702845e+01 7.069622781781859544e+00
2.763426217710495081e+01 8.829393951143532648e-01
1.841899523864603339e+01 2.893120908626210053e+01
2.624276687725654611e+01 1.124416406869946705e+00
1.942817031632012714e+01 2.382046069395530097e+01
1.942817031632012714e+01 2.382046069395530097e+01
1.474420416175244064e+01 4.810501577750036262e+01
4.558208377256368493e+01 4.634253461257820672e-01
4.558208377256368493e+01 4.634253461257820672e-01
1.549630005175960612e+01 4.072495634565936484e+01
1.549612246897477874e+01 4.145704990312705718e+01
1.554054637370807157e+01 4.045297458919742439e+01
2.172251153164687310e+01 5.907370623533589438e+00
2.749200509009971682e+01 1.021900691943834483e+00
1.549630005175960612e+01 4.072495634565936484e+01
4.558208377256368493e+01 4.634253461257820672e-01
2.223046705460830808e+01 3.345140600419893584e+00
1.714008279325612705e+01 3.557123719379021765e+01
2.065357540153084770e+01 9.938662399545631132e+00
2.531482551574480766e+01 1.499924273931818375e+00
1.943084592689949375e+01 2.306271597087585690e+01
2.172251153164687310e+01 5.907370623533589438e+00
1.770849531623423445e+01 3.223898397267292637e+01
1.863093522197092256e+01 2.841931771758800451e+01
1.549612246897477874e+01 4.145704990312705718e+01
2.030322353039048622e+01 1.414336250150165419e+01
2.624276687725654611e+01 1.124416406869946705e+00
2.129711464724429604e+01 8.023154428762287793e+00
1.836914275975301081e+01 2.982170105069743116e+01
1.893022137479261602e+01 2.622632924849710889e+01
1.884904923869528659e+01 2.703305336437187023e+01
2.681020324045430314e+01 1.073266541251757245e+00
4.558208377256368493e+01 4.634253461257820672e-01
1.914283710854712695e+01 2.411945301150282717e+01
1.763896116255654078e+01 3.320992423904036883e+01
1.509071724174287610e+01 4.268951747465538915e+01
1.943084592689949375e+01 2.306271597087585690e+01
1.519438064619743045e+01 4.148458587011209175e+01
1.598349659859035654e+01 3.936976927198638521e+01
2.417231764401203975e+01 2.093363267526083593e+00
4.558208377256368493e+01 4.634253461257820672e-01
2.624276687725654611e+01 1.124416406869946705e+00
2.223046705460830808e+01 3.345140600419893584e+00
2.624276687725654611e+01 1.124416406869946705e+00
2.417231764401203975e+01 2.093363267526083593e+00
2.357410859365592515e+01 2.649035701275221033e+00
2.096677967512291119e+01 8.870215445937402521e+00
1.763896116255654078e+01 3.320992423904036883e+01
3.065495659984645727e+01 6.701413213600128094e-01
1.863093522197092256e+01 2.841931771758800451e+01
4.558208377256368493e+01 4.634253461257820672e-01
3.683928053802530656e+01 6.172943366077154881e-01
2.179456883228479924e+01 5.777795180664126562e+00
2.183058845105496459e+01 4.556642431992570685e+00
1.903269760031243507e+01 2.598802979227804499e+01
1.630145045903599055e+01 3.736067109446469203e+01
2.179456883228479924e+01 5.777795180664126562e+00
4.173680523678942222e+01 4.662850405999383052e-01
3.389384836157959313e+01 6.455590803877381267e-01
2.763426217710495081e+01 8.829393951143532648e-01
1.942817031632012714e+01 2.382046069395530097e+01
1.503669361237766644e+01 4.287654124215360696e+01
1.567370465486535025e+01 3.980491642303517352e+01
1.838675262857745807e+01 2.963427106822902957e+01
1.567370465486535025e+01 3.980491642303517352e+01
1.549612246897477874e+01 4.145704990312705718e+01
1.474420416175244064e+01 4.810501577750036262e+01
1.549630005175960612e+01 4.072495634565936484e+01
1.943084592689949375e+01 2.306271597087585690e+01
2.438651193670903439e+01 2.000911208255691243e+00
1.503669361237766644e+01 4.287654124215360696e+01
1.740658860992233059e+01 3.408069995220446913e+01
2.438651193670903439e+01 2.000911208255691243e+00
1.841899523864603339e+01 2.893120908626210053e+01
2.223046705460830808e+01 3.345140600419893584e+00
1.836914275975301081e+01 2.982170105069743116e+01
1.481964261112889325e+01 4.439228322969440654e+01
1.509071724174287610e+01 4.268951747465538915e+01
1.503669361237766644e+01 4.287654124215360696e+01
1.866826585461076604e+01 2.831773371895459590e+01
1.903269760031243507e+01 2.598802979227804499e+01
1.914283710854712695e+01 2.411945301150282717e+01
2.540077856242132981e+01 1.311782785767795056e+00
2.357410859365592515e+01 2.649035701275221033e+00
4.558208377256368493e+01 4.634253461257820672e-01
2.438651193670903439e+01 2.000911208255691243e+00
1.509071724174287610e+01 4.268951747465538915e+01
1.849683405706535666e+01 2.855461148502283564e+01
1.519438064619743045e+01 4.148458587011209175e+01
2.223046705460830808e+01 3.345140600419893584e+00
2.624276687725654611e+01 1.124416406869946705e+00
1.509071724174287610e+01 4.268951747465538915e+01
2.899059850867178056e+01 7.005836833606484682e-01
1.955912802604782286e+01 2.176772543166863727e+01
1.515113558494714674e+01 4.246176691753512955e+01
1.770849531623423445e+01 3.223898397267292637e+01
2.065357540153084770e+01 9.938662399545631132e+00
1.681388504396129946e+01 3.632102049391775012e+01
2.431545511137499460e+01 2.071826203247812970e+00
1.503669361237766644e+01 4.287654124215360696e+01
2.763426217710495081e+01 8.829393951143532648e-01
1.763896116255654078e+01 3.320992423904036883e+01
1.567370465486535025e+01 3.980491642303517352e+01
1.474420416175244064e+01 4.810501577750036262e+01
2.540077856242132981e+01 1.311782785767795056e+00
1.549630005175960612e+01 4.072495634565936484e+01
1.914283710854712695e+01 2.411945301150282717e+01
3.065495659984645727e+01 6.701413213600128094e-01
2.129711464724429604e+01 8.023154428762287793e+00
1.903269760031243507e+01 2.598802979227804499e+01
2.256648802016734479e+01 2.755363054939595990e+00
2.183058845105496459e+01 4.556642431992570685e+00
1.838675262857745807e+01 2.963427106822902957e+01
3.389384836157959313e+01 6.455590803877381267e-01
1.549612246897477874e+01 4.145704990312705718e+01
1.770849531623423445e+01 3.223898397267292637e+01
2.385388694086941541e+01 2.117702050878190523e+00
1.666701235337776410e+01 3.695473509708342164e+01
2.417231764401203975e+01 2.093363267526083593e+00
2.019364907541577026e+01 1.494693969455855864e+01
2.816747874476227409e+01 8.710290740848074531e-01
1.884904923869528659e+01 2.703305336437187023e+01
2.763426217710495081e+01 8.829393951143532648e-01
2.357410859365592515e+01 2.649035701275221033e+00
2.223046705460830808e+01 3.345140600419893584e+00
2.431545511137499460e+01 2.071826203247812970e+00
2.019364907541577026e+01 1.494693969455855864e+01
2.179456883228479924e+01 5.777795180664126562e+00
1.893022137479261602e+01 2.622632924849710889e+01
1.914283710854712695e+01 2.411945301150282717e+01
2.065357540153084770e+01 9.938662399545631132e+00
1.714008279325612705e+01 3.557123719379021765e+01
2.129711464724429604e+01 8.023154428762287793e+00
1.509071724174287610e+01 4.268951747465538915e+01
3.389384836157959313e+01 6.455590803877381267e-01
1.943084592689949375e+01 2.306271597087585690e+01
2.816747874476227409e+01 8.710290740848074531e-01
2.443285129696905500e+01 1.603431871674668274e+00
1.863093522197092256e+01 2.841931771758800451e+01
1.943084592689949375e+01 2.306271597087585690e+01
2.030322353039048622e+01 1.414336250150165419e+01
2.223046705460830808e+01 3.345140600419893584e+00
2.223046705460830808e+01 3.345140600419893584e+00
2.385388694086941541e+01 2.117702050878190523e+00
1.666701235337776410e+01 3.695473509708342164e+01
2.385388694086941541e+01 2.117702050878190523e+00
1.549630005175960612e+01 4.072495634565936484e+01
1.503669361237766644e+01 4.287654124215360696e+01
1.942817031632012714e+01 2.382046069395530097e+01
2.899059850867178056e+01 7.005836833606484682e-01
1.724174276427416075e+01 3.426819390238231477e+01
1.943084592689949375e+01 2.306271597087585690e+01
2.357410859365592515e+01 2.649035701275221033e+00
1.549612246897477874e+01 4.145704990312705718e+01
2.129711464724429604e+01 8.023154428762287793e+00
1.554054637370807157e+01 4.045297458919742439e+01
1.763896116255654078e+01 3.320992423904036883e+01
1.567370465486535025e+01 3.980491642303517352e+01
1.849683405706535666e+01 2.855461148502283564e+01
1.714008279325612705e+01 3.557123719379021765e+01
2.357410859365592515e+01 2.649035701275221033e+00
2.065357540153084770e+01 9.938662399545631132e+00
2.065357540153084770e+01 9.938662399545631132e+00
1.503669361237766644e+01 4.287654124215360696e+01
2.065357540153084770e+01 9.938662399545631132e+00
1.481964261112889325e+01 4.439228322969440654e+01
1.516013804504181905e+01 4.221400205132567862e+01
1.681388504396129946e+01 3.632102049391775012e+01
2.385388694086941541e+01 2.117702050878190523e+00
1.942817031632012714e+01 2.382046069395530097e+01
1.759497957434754412e+01 3.396068610559141376e+01
1.724174276427416075e+01 3.426819390238231477e+01
1.740658860992233059e+01 3.408069995220446913e+01
2.096677967512291119e+01 8.870215445937402521e+00
2.223046705460830808e+01 3.345140600419893584e+00
1.567370465486535025e+01 3.980491642303517352e+01
1.519438064619743045e+01 4.148458587011209175e+01
1.770849531623423445e+01 3.223898397267292637e+01
1.549612246897477874e+01 4.145704990312705718e+01
1.549630005175960612e+01 4.072495634565936484e+01
1.841899523864603339e+01 2.893120908626210053e+01
1.849683405706535666e+01 2.855461148502283564e+01
1.866826585461076604e+01 2.831773371895459590e+01
2.357410859365592515e+01 2.649035701275221033e+00
1.549630005175960612e+01 4.072495634565936484e+01
2.256648802016734479e+01 2.755363054939595990e+00
1.903269760031243507e+01 2.598802979227804499e+01
2.172251153164687310e+01 5.907370623533589438e+00
1.893022137479261602e+01 2.622632924849710889e+01
1.841899523864603339e+01 2.893120908626210053e+01
1.481964261112889325e+01 4.439228322969440654e+01
2.065357540153084770e+01 9.938662399545631132e+00
1.549630005175960612e+01 4.072495634565936484e+01
2.816747874476227409e+01 8.710290740848074531e-01
1.554054637370807157e+01 4.045297458919742439e+01
1.770849531623423445e+01 3.223898397267292637e+01
2.385388694086941541e+01 2.117702050878190523e+00
1.841899523864603339e+01 2.893120908626210053e+01
1.630145045903599055e+01 3.736067109446469203e+01
1.714008279325612705e+01 3.557123719379021765e+01
2.019364907541577026e+01 1.494693969455855864e+01
1.943084592689949375e+01 2.306271597087585690e+01
1.474420416175244064e+01 4.810501577750036262e+01
1.470222561106462678e+01 5.333349048719465202e+01
1.805707889921629317e+01 3.063354604874934850e+01
2.179456883228479924e+01 5.777795180664126562e+00
1.841217116519954899e+01 2.950892871752051505e+01
2.624276687725654611e+01 1.124416406869946705e+00
1.903269760031243507e+01 2.598802979227804499e+01
2.065357540153084770e+01 9.938662399545631132e+00
1.838675262857745807e+01 2.963427106822902957e+01
1.681388504396129946e+01 3.632102049391775012e+01
2.256648802016734479e+01 2.755363054939595990e+00
1.714008279325612705e+01 3.557123719379021765e+01
1.470222561106462678e+01 5.333349048719465202e+01
2.143555026901604421e+01 6.712702707941234692e+00
2.624276687725654611e+01 1.124416406869946705e+00
1.763896116255654078e+01 3.320992423904036883e+01
2.443285129696905500e+01 1.603431871674668274e+00
2.019364907541577026e+01 1.494693969455855864e+01
2.179456883228479924e+01 5.777795180664126562e+00
1.714008279325612705e+01 3.557123719379021765e+01
2.223046705460830808e+01 3.345140600419893584e+00
1.714008279325612705e+01 3.557123719379021765e+01
2.223046705460830808e+01 3.345140600419893584e+00
1.567370465486535025e+01 3.980491642303517352e+01
2.749200509009971682e+01 1.021900691943834483e+00
1.519438064619743045e+01 4.148458587011209175e+01
2.143555026901604421e+01 6.712702707941234692e+00
1.554054637370807157e+01 4.045297458919742439e+01
1.598349659859035654e+01 3.936976927198638521e+01
2.438651193670903439e+01 2.000911208255691243e+00
1.866826585461076604e+01 2.831773371895459590e+01
2.019364907541577026e+01 1.494693969455855864e+01
1.942817031632012714e+01 2.382046069395530097e+01
2.385388694086941541e+01 2.117702050878190523e+00
2.357410859365592515e+01 2.649035701275221033e+00
2.681020324045430314e+01 1.073266541251757245e+00
2.179456883228479924e+01 5.777795180664126562e+00
1.763896116255654078e+01 3.320992423904036883e+01
1.849683405706535666e+01 2.855461148502283564e+01
1.480602444878875801e+01 4.494424253789867407e+01
1.836914275975301081e+01 2.982170105069743116e+01
1.995144709371857061e+01 1.909625724646276979e+01
1.623652417467252818e+01 3.796540824986514906e+01
2.438651193670903439e+01 2.000911208255691243e+00
1.740658860992233059e+01 3.408069995220446913e+01
1.943084592689949375e+01 2.306271597087585690e+01
2.143555026901604421e+01 6.712702707941234692e+00
2.624276687725654611e+01 1.124416406869946705e+00
2.531482551574480766e+01 1.499924273931818375e+00
1.841899523864603339e+01 2.893120908626210053e+01
1.481964261112889325e+01 4.439228322969440654e+01
1.955912802604782286e+01 2.176772543166863727e+01
2.143555026901604421e+01 6.712702707941234692e+00
1.878722079968485303e+01 2.726035652243690777e+01
1.701201252904157712e+01 3.600384186141781839e+01
2.443285129696905500e+01 1.603431871674668274e+00
2.357410859365592515e+01 2.649035701275221033e+00
1.474420416175244064e+01 4.810501577750036262e+01
2.624276687725654611e+01 1.124416406869946705e+00
3.065495659984645727e+01 6.701413213600128094e-01
1.943084592689949375e+01 2.306271597087585690e+01
1.503669361237766644e+01 4.287654124215360696e+01
1.549630005175960612e+01 4.072495634565936484e+01
1.474420416175244064e+01 4.810501577750036262e+01
2.763426217710495081e+01 8.829393951143532648e-01
1.914283710854712695e+01 2.411945301150282717e+01
3.273744744934214168e+01 6.620979920597236390e-01
1.759497957434754412e+01 3.396068610559141376e+01
1.995144709371857061e+01 1.909625724646276979e+01
1.519438064619743045e+01 4.148458587011209175e+01
1.598349659859035654e+01 3.936976927198638521e+01
2.531482551574480766e+01 1.499924273931818375e+00
1.474420416175244064e+01 4.810501577750036262e+01
1.714008279325612705e+01 3.557123719379021765e+01
1.481964261112889325e+01 4.439228322969440654e+01
3.683928053802530656e+01 6.172943366077154881e-01
2.179456883228479924e+01 5.777795180664126562e+00
1.623652417467252818e+01 3.796540824986514906e+01
1.681388504396129946e+01 3.632102049391775012e+01
1.714008279325612705e+01 3.557123719379021765e+01
1.567370465486535025e+01 3.980491642303517352e+01
2.816747874476227409e+01 8.710290740848074531e-01
1.519438064619743045e+01 4.148458587011209175e+01
1.805707889921629317e+01 3.063354604874934850e+01
2.179456883228479924e+01 5.777795180664126562e+00
1.893022137479261602e+01 2.622632924849710889e+01
2.256648802016734479e+01 2.755363054939595990e+00
2.316091284307511700e+01 2.724309006480860162e+00
1.914283710854712695e+01 2.411945301150282717e+01
2.256648802016734479e+01 2.755363054939595990e+00
2.531482551574480766e+01 1.499924273931818375e+00
1.763896116255654078e+01 3.320992423904036883e+01
1.759497957434754412e+01 3.396068610559141376e+01
1.714008279325612705e+01 3.557123719379021765e+01
2.357410859365592515e+01 2.649035701275221033e+00
2.183058845105496459e+01 4.556642431992570685e+00
2.223046705460830808e+01 3.345140600419893584e+00
2.183058845105496459e+01 4.556642431992570685e+00
1.849683405706535666e+01 2.855461148502283564e+01
2.179456883228479924e+01 5.777795180664126562e+00
2.256648802016734479e+01 2.755363054939595990e+00
4.558208377256368493e+01 4.634253461257820672e-01
1.740658860992233059e+01 3.408069995220446913e+01
1.903269760031243507e+01 2.598802979227804499e+01
1.681388504396129946e+01 3.632102049391775012e+01
2.385388694086941541e+01 2.117702050878190523e+00
1.841217116519954899e+01 2.950892871752051505e+01
1.516013804504181905e+01 4.221400205132567862e+01
1.519438064619743045e+01 4.148458587011209175e+01
1.554054637370807157e+01 4.045297458919742439e+01
1.549612246897477874e+01 4.145704990312705718e+01
1.805707889921629317e+01 3.063354604874934850e+01
1.598349659859035654e+01 3.936976927198638521e+01
3.683928053802530656e+01 6.172943366077154881e-01
1.567370465486535025e+01 3.980491642303517352e+01
1.681388504396129946e+01 3.632102049391775012e+01
1.666701235337776410e+01 3.695473509708342164e+01
1.805707889921629317e+01 3.063354604874934850e+01
1.666701235337776410e+01 3.695473509708342164e+01
1.623652417467252818e+01 3.796540824986514906e+01
2.256648802016734479e+01 2.755363054939595990e+00
2.223046705460830808e+01 3.345140600419893584e+00
2.223046705460830808e+01 3.345140600419893584e+00
2.256648802016734479e+01 2.755363054939595990e+00
1.681388504396129946e+01 3.632102049391775012e+01
2.749200509009971682e+01 1.021900691943834483e+00
1.943084592689949375e+01 2.306271597087585690e+01
1.972100489332062168e+01 2.043990962963937008e+01
2.531482551574480766e+01 1.499924273931818375e+00
2.129711464724429604e+01 8.023154428762287793e+00
1.836914275975301081e+01 2.982170105069743116e+01
2.438651193670903439e+01 2.000911208255691243e+00
1.866826585461076604e+01 2.831773371895459590e+01
1.903269760031243507e+01 2.598802979227804499e+01
1.714008279325612705e+01 3.557123719379021765e+01
1.567370465486535025e+01 3.980491642303517352e+01
3.683928053802530656e+01 6.172943366077154881e-01
2.540077856242132981e+01 1.311782785767795056e+00
1.805707889921629317e+01 3.063354604874934850e+01
1.893022137479261602e+01 2.622632924849710889e+01
1.841217116519954899e+01 2.950892871752051505e+01
1.841899523864603339e+01 2.893120908626210053e+01
2.172251153164687310e+01 5.907370623533589438e+00
2.179456883228479924e+01 5.777795180664126562e+00
1.836914275975301081e+01 2.982170105069743116e+01
2.438651193670903439e+01 2.000911208255691243e+00
1.701201252904157712e+01 3.600384186141781839e+01
1.759497957434754412e+01 3.396068610559141376e+01
1.770849531623423445e+01 3.223898397267292637e+01
1.884904923869528659e+01 2.703305336437187023e+01
1.724174276427416075e+01 3.426819390238231477e+01
1.740658860992233059e+01 3.408069995220446913e+01
2.443285129696905500e+01 1.603431871674668274e+00
1.476271913855291373e+01 4.530821436938128954e+01
1.995144709371857061e+01 1.909625724646276979e+01
1.841899523864603339e+01 2.893120908626210053e+01
1.503669361237766644e+01 4.287654124215360696e+01
1.724174276427416075e+01 3.426819390238231477e+01
1.701201252904157712e+01 3.600384186141781839e+01
1.681388504396129946e+01 3.632102049391775012e+01
1.681388504396129946e+01 3.632102049391775012e+01
1.516013804504181905e+01 4.221400205132567862e+01
1.914283710854712695e+01 2.411945301150282717e+01
1.942817031632012714e+01 2.382046069395530097e+01
1.509071724174287610e+01 4.268951747465538915e+01
1.509071724174287610e+01 4.268951747465538915e+01
2.540077856242132981e+01 1.311782785767795056e+00
1.549630005175960612e+01 4.072495634565936484e+01
2.531482551574480766e+01 1.499924273931818375e+00
2.417231764401203975e+01 2.093363267526083593e+00
2.431545511137499460e+01 2.071826203247812970e+00
1.862790071501274980e+01 2.849185004149467204e+01
2.763426217710495081e+01 8.829393951143532648e-01
1.903269760031243507e+01 2.598802979227804499e+01
2.256648802016734479e+01 2.755363054939595990e+00
1.567370465486535025e+01 3.980491642303517352e+01
1.509071724174287610e+01 4.268951747465538915e+01
1.884904923869528659e+01 2.703305336437187023e+01
1.714008279325612705e+01 3.557123719379021765e+01
2.129711464724429604e+01 8.023154428762287793e+00
2.130521533082702845e+01 7.069622781781859544e+00
2.763426217710495081e+01 8.829393951143532648e-01
1.841899523864603339e+01 2.893120908626210053e+01
1.942817031632012714e+01 2.382046069395530097e+01
4.558208377256368493e+01 4.634253461257820672e-01
4.558208377256368493e+01 4.634253461257820672e-01
1.549630005175960612e+01 4.072495634565936484e+01
1.549612246897477874e+01 4.145704990312705718e+01
1.554054637370807157e+01 4.045297458919742439e+01
2.749200509009971682e+01 1.021900691943834483e+00
1.549630005175960612e+01 4.072495634565936484e+01
4.558208377256368493e+01 4.634253461257820672e-01
2.183058845105496459e+01 4.556642431992570685e+00
2.065357540153084770e+01 9.938662399545631132e+00
2.531482551574480766e+01 1.499924273931818375e+00
2.172251153164687310e+01 5.907370623533589438e+00
1.770849531623423445e+01 3.223898397267292637e+01
1.863093522197092256e+01 2.841931771758800451e+01
1.549612246897477874e+01 4.145704990312705718e+01
2.030322353039048622e+01 1.414336250150165419e+01
2.129711464724429604e+01 8.023154428762287793e+00
1.836914275975301081e+01 2.982170105069743116e+01
1.893022137479261602e+01 2.622632924849710889e+01
2.681020324045430314e+01 1.073266541251757245e+00
4.558208377256368493e+01 4.634253461257820672e-01
2.681020324045430314e+01 1.073266541251757245e+00
2.443285129696905500e+01 1.603431871674668274e+00
1.862790071501274980e+01 2.849185004149467204e+01
1.549630005175960612e+01 4.072495634565936484e+01
1.554054637370807157e+01 4.045297458919742439e+01
1.759497957434754412e+01 3.396068610559141376e+01
1.763896116255654078e+01 3.320992423904036883e+01
2.357410859365592515e+01 2.649035701275221033e+00
1.863093522197092256e+01 2.841931771758800451e+01
2.431545511137499460e+01 2.071826203247812970e+00
1.866826585461076604e+01 2.831773371895459590e+01
1.849683405706535666e+01 2.855461148502283564e+01
1.519438064619743045e+01 4.148458587011209175e+01
1.630145045903599055e+01 3.736067109446469203e+01
2.749200509009971682e+01 1.021900691943834483e+00
2.624276687725654611e+01 1.124416406869946705e+00
1.841217116519954899e+01 2.950892871752051505e+01
2.316091284307511700e+01 2.724309006480860162e+00
1.863093522197092256e+01 2.841931771758800451e+01
1.838675262857745807e+01 2.963427106822902957e+01
3.683928053802530656e+01 6.172943366077154881e-01
1.519438064619743045e+01 4.148458587011209175e+01
2.172251153164687310e+01 5.907370623533589438e+00
2.417231764401203975e+01 2.093363267526083593e+00
1.903269760031243507e+01 2.598802979227804499e+01
3.273744744934214168e+01 6.620979920597236390e-01
1.776434882782126934e+01 3.116208477502233265e+01
2.545382050288002773e+01 1.207104317752616840e+00
2.816747874476227409e+01 8.710290740848074531e-01
2.624276687725654611e+01 1.124416406869946705e+00
1.995144709371857061e+01 1.909625724646276979e+01
1.955912802604782286e+01 2.176772543166863727e+01
1.714008279325612705e+01 3.557123719379021765e+01
1.943084592689949375e+01 2.306271597087585690e+01
1.519438064619743045e+01 4.148458587011209175e+01
2.183058845105496459e+01 4.556642431992570685e+00
2.179456883228479924e+01 5.777795180664126562e+00
2.681020324045430314e+01 1.073266541251757245e+00
2.223046705460830808e+01 3.345140600419893584e+00
2.130521533082702845e+01 7.069622781781859544e+00
2.443285129696905500e+01 1.603431871674668274e+00
2.065357540153084770e+01 9.938662399545631132e+00
1.770849531623423445e+01 3.223898397267292637e+01
2.385388694086941541e+01 2.117702050878190523e+00
1.759497957434754412e+01 3.396068610559141376e+01
1.770849531623423445e+01 3.223898397267292637e+01
2.763426217710495081e+01 8.829393951143532648e-01
1.776434882782126934e+01 3.116208477502233265e+01
2.019364907541577026e+01 1.494693969455855864e+01
1.893022137479261602e+01 2.622632924849710889e+01
2.624276687725654611e+01 1.124416406869946705e+00
2.681020324045430314e+01 1.073266541251757245e+00
1.763896116255654078e+01 3.320992423904036883e+01
3.065495659984645727e+01 6.701413213600128094e-01
1.470222561106462678e+01 5.333349048719465202e+01
3.683928053802530656e+01 6.172943366077154881e-01
4.173680523678942222e+01 4.662850405999383052e-01
3.389384836157959313e+01 6.455590803877381267e-01
1.995144709371857061e+01 1.909625724646276979e+01
2.019364907541577026e+01 1.494693969455855864e+01
3.065495659984645727e+01 6.701413213600128094e-01
3.273744744934214168e+01 6.620979920597236390e-01
2.038439385905262569e+01 1.103986333217920901e+01
2.899059850867178056e+01 7.005836833606484682e-01
1.474420416175244064e+01 4.810501577750036262e+01
1.474203268729242211e+01 5.103563137179983045e+01
1.884904923869528659e+01 2.703305336437187023e+01
2.030322353039048622e+01 1.414336250150165419e+01
1.474420416175244064e+01 4.810501577750036262e+01
1.474203268729242211e+01 5.103563137179983045e+01
4.173680523678942222e+01 4.662850405999383052e-01
3.389384836157959313e+01 6.455590803877381267e-01
1.598349659859035654e+01 3.936976927198638521e+01
1.904536402997629096e+01 2.570829645432494104e+01
1.972100489332062168e+01 2.043990962963937008e+01
1.955912802604782286e+01 2.176772543166863727e+01
1.503669361237766644e+01 4.287654124215360696e+01
1.481964261112889325e+01 4.439228322969440654e+01
2.531482551574480766e+01 1.499924273931818375e+00
2.143555026901604421e+01 6.712702707941234692e+00
1.841217116519954899e+01 2.950892871752051505e+01
1.841899523864603339e+01 2.893120908626210053e+01
2.256648802016734479e+01 2.755363054939595990e+00
2.223046705460830808e+01 3.345140600419893584e+00
2.417231764401203975e+01 2.093363267526083593e+00
2.129711464724429604e+01 8.023154428762287793e+00
1.701201252904157712e+01 3.600384186141781839e+01
2.065357540153084770e+01 9.938662399545631132e+00
1.811463410073340796e+01 2.991702747329923184e+01
1.871156855743779701e+01 2.787505314001887058e+01
1.549612246897477874e+01 4.145704990312705718e+01
1.666701235337776410e+01 3.695473509708342164e+01
1.554054637370807157e+01 4.045297458919742439e+01
2.223046705460830808e+01 3.345140600419893584e+00
1.942817031632012714e+01 2.382046069395530097e+01
1.914283710854712695e+01 2.411945301150282717e+01
2.385388694086941541e+01 2.117702050878190523e+00
1.866826585461076604e+01 2.831773371895459590e+01
2.357410859365592515e+01 2.649035701275221033e+00
1.836914275975301081e+01 2.982170105069743116e+01
1.598349659859035654e+01 3.936976927198638521e+01
1.567370465486535025e+01 3.980491642303517352e+01
1.598349659859035654e+01 3.936976927198638521e+01
1.714008279325612705e+01 3.557123719379021765e+01
1.914283710854712695e+01 2.411945301150282717e+01
2.019364907541577026e+01 1.494693969455855864e+01
1.878722079968485303e+01 2.726035652243690777e+01
2.030322353039048622e+01 1.414336250150165419e+01
2.172251153164687310e+01 5.907370623533589438e+00
1.481964261112889325e+01 4.439228322969440654e+01
2.816747874476227409e+01 8.710290740848074531e-01
1.672831088180137371e+01 3.682208199702402851e+01
2.096677967512291119e+01 8.870215445937402521e+00
1.811463410073340796e+01 2.991702747329923184e+01
2.143555026901604421e+01 6.712702707941234692e+00
1.666701235337776410e+01 3.695473509708342164e+01
1.943084592689949375e+01 2.306271597087585690e+01
1.942817031632012714e+01 2.382046069395530097e+01
1.763896116255654078e+01 3.320992423904036883e+01
1.914283710854712695e+01 2.411945301150282717e+01
1.549630005175960612e+01 4.072495634565936484e+01
1.516013804504181905e+01 4.221400205132567862e+01
1.805707889921629317e+01 3.063354604874934850e+01
1.623652417467252818e+01 3.796540824986514906e+01
2.357410859365592515e+01 2.649035701275221033e+00
2.183058845105496459e+01 4.556642431992570685e+00
2.223046705460830808e+01 3.345140600419893584e+00
1.567370465486535025e+01 3.980491642303517352e+01
1.805707889921629317e+01 3.063354604874934850e+01
1.630145045903599055e+01 3.736067109446469203e+01
1.630145045903599055e+01 3.736067109446469203e+01
1.849683405706535666e+01 2.855461148502283564e+01
2.438651193670903439e+01 2.000911208255691243e+00
2.143555026901604421e+01 6.712702707941234692e+00
1.763896116255654078e+01 3.320992423904036883e+01
2.443285129696905500e+01 1.603431871674668274e+00
2.019364907541577026e+01 1.494693969455855864e+01
2.179456883228479924e+01 5.777795180664126562e+00
1.714008279325612705e+01 3.557123719379021765e+01
2.223046705460830808e+01 3.345140600419893584e+00
2.223046705460830808e+01 3.345140600419893584e+00
1.567370465486535025e+01 3.980491642303517352e+01
2.749200509009971682e+01 1.021900691943834483e+00
1.519438064619743045e+01 4.148458587011209175e+01
2.143555026901604421e+01 6.712702707941234692e+00
1.598349659859035654e+01 3.936976927198638521e+01
1.470222561106462678e+01 5.333349048719465202e+01
1.866826585461076604e+01 2.831773371895459590e+01
2.019364907541577026e+01 1.494693969455855864e+01
2.385388694086941541e+01 2.117702050878190523e+00
2.681020324045430314e+01 1.073266541251757245e+00
2.179456883228479924e+01 5.777795180664126562e+00
1.763896116255654078e+01 3.320992423904036883e+01
1.849683405706535666e+01 2.855461148502283564e+01
1.740658860992233059e+01 3.408069995220446913e+01
2.143555026901604421e+01 6.712702707941234692e+00
2.624276687725654611e+01 1.124416406869946705e+00
1.841899523864603339e+01 2.893120908626210053e+01
1.481964261112889325e+01 4.439228322969440654e+01
1.841899523864603339e+01 2.893120908626210053e+01
1.866826585461076604e+01 2.831773371895459590e+01
2.357410859365592515e+01 2.649035701275221033e+00
1.549630005175960612e+01 4.072495634565936484e+01
1.903269760031243507e+01 2.598802979227804499e+01
2.172251153164687310e+01 5.907370623533589438e+00
1.893022137479261602e+01 2.622632924849710889e+01
1.841899523864603339e+01 2.893120908626210053e+01
1.481964261112889325e+01 4.439228322969440654e+01
2.065357540153084770e+01 9.938662399545631132e+00
1.554054637370807157e+01 4.045297458919742439e+01
1.770849531623423445e+01 3.223898397267292637e+01
2.385388694086941541e+01 2.117702050878190523e+00
1.955912802604782286e+01 2.176772543166863727e+01
1.630145045903599055e+01 3.736067109446469203e+01
1.714008279325612705e+01 3.557123719379021765e+01
2.019364907541577026e+01 1.494693969455855864e+01
1.943084592689949375e+01 2.306271597087585690e+01
1.474420416175244064e+01 4.810501577750036262e+01
1.470222561106462678e+01 5.333349048719465202e+01
1.805707889921629317e+01 3.063354604874934850e+01
2.179456883228479924e+01 5.777795180664126562e+00
1.841217116519954899e+01 2.950892871752051505e+01
2.065357540153084770e+01 9.938662399545631132e+00
1.681388504396129946e+01 3.632102049391775012e+01
2.256648802016734479e+01 2.755363054939595990e+00
1.841217116519954899e+01 2.950892871752051505e+01
2.531482551574480766e+01 1.499924273931818375e+00
1.763896116255654078e+01 3.320992423904036883e+01
1.759497957434754412e+01 3.396068610559141376e+01
2.357410859365592515e+01 2.649035701275221033e+00
2.223046705460830808e+01 3.345140600419893584e+00
2.183058845105496459e+01 4.556642431992570685e+00
1.849683405706535666e+01 2.855461148502283564e+01
2.179456883228479924e+01 5.777795180664126562e+00
2.256648802016734479e+01 2.755363054939595990e+00
4.558208377256368493e+01 4.634253461257820672e-01
1.903269760031243507e+01 2.598802979227804499e+01
1.681388504396129946e+01 3.632102049391775012e+01
2.385388694086941541e+01 2.117702050878190523e+00
2.256648802016734479e+01 2.755363054939595990e+00
1.516013804504181905e+01 4.221400205132567862e+01
1.554054637370807157e+01 4.045297458919742439e+01
1.549612246897477874e+01 4.145704990312705718e+01
1.805707889921629317e+01 3.063354604874934850e+01
1.598349659859035654e+01 3.936976927198638521e+01
3.683928053802530656e+01 6.172943366077154881e-01
1.567370465486535025e+01 3.980491642303517352e+01
1.681388504396129946e+01 3.632102049391775012e+01
1.666701235337776410e+01 3.695473509708342164e+01
2.256648802016734479e+01 2.755363054939595990e+00
2.223046705460830808e+01 3.345140600419893584e+00
2.223046705460830808e+01 3.345140600419893584e+00
1.714008279325612705e+01 3.557123719379021765e+01
2.143555026901604421e+01 6.712702707941234692e+00
1.878722079968485303e+01 2.726035652243690777e+01
2.443285129696905500e+01 1.603431871674668274e+00
1.943084592689949375e+01 2.306271597087585690e+01
1.549630005175960612e+01 4.072495634565936484e+01
1.474420416175244064e+01 4.810501577750036262e+01
2.763426217710495081e+01 8.829393951143532648e-01
1.914283710854712695e+01 2.411945301150282717e+01
3.273744744934214168e+01 6.620979920597236390e-01
1.759497957434754412e+01 3.396068610559141376e+01
1.598349659859035654e+01 3.936976927198638521e+01
2.531482551574480766e+01 1.499924273931818375e+00
1.849683405706535666e+01 2.855461148502283564e+01
3.683928053802530656e+01 6.172943366077154881e-01
1.623652417467252818e+01 3.796540824986514906e+01
1.681388504396129946e+01 3.632102049391775012e+01
1.714008279325612705e+01 3.557123719379021765e+01
2.816747874476227409e+01 8.710290740848074531e-01
1.519438064619743045e+01 4.148458587011209175e+01
1.805707889921629317e+01 3.063354604874934850e+01
2.179456883228479924e+01 5.777795180664126562e+00
1.893022137479261602e+01 2.622632924849710889e+01
2.256648802016734479e+01 2.755363054939595990e+00
2.316091284307511700e+01 2.724309006480860162e+00
1.914283710854712695e+01 2.411945301150282717e+01
1.515113558494714674e+01 4.246176691753512955e+01
2.438651193670903439e+01 2.000911208255691243e+00
1.836914275975301081e+01 2.982170105069743116e+01
1.481964261112889325e+01 4.439228322969440654e+01
1.509071724174287610e+01 4.268951747465538915e+01
1.503669361237766644e+01 4.287654124215360696e+01
1.866826585461076604e+01 2.831773371895459590e+01
1.903269760031243507e+01 2.598802979227804499e+01
2.540077856242132981e+01 1.311782785767795056e+00
2.357410859365592515e+01 2.649035701275221033e+00
1.509071724174287610e+01 4.268951747465538915e+01
1.519438064619743045e+01 4.148458587011209175e+01
1.509071724174287610e+01 4.268951747465538915e+01
1.955912802604782286e+01 2.176772543166863727e+01
1.740658860992233059e+01 3.408069995220446913e+01
1.770849531623423445e+01 3.223898397267292637e+01
2.065357540153084770e+01 9.938662399545631132e+00
2.431545511137499460e+01 2.071826203247812970e+00
1.503669361237766644e+01 4.287654124215360696e+01
2.763426217710495081e+01 8.829393951143532648e-01
1.567370465486535025e+01 3.980491642303517352e+01
1.914283710854712695e+01 2.411945301150282717e+01
3.065495659984645727e+01 6.701413213600128094e-01
2.129711464724429604e+01 8.023154428762287793e+00
1.903269760031243507e+01 2.598802979227804499e+01
2.183058845105496459e+01 4.556642431992570685e+00
1.549612246897477874e+01 4.145704990312705718e+01
1.863093522197092256e+01 2.841931771758800451e+01
1.763896116255654078e+01 3.320992423904036883e+01
1.509071724174287610e+01 4.268951747465538915e+01
1.943084592689949375e+01 2.306271597087585690e+01
1.519438064619743045e+01 4.148458587011209175e+01
1.598349659859035654e+01 3.936976927198638521e+01
2.417231764401203975e+01 2.093363267526083593e+00
4.558208377256368493e+01 4.634253461257820672e-01
2.624276687725654611e+01 1.124416406869946705e+00
2.223046705460830808e+01 3.345140600419893584e+00
2.357410859365592515e+01 2.649035701275221033e+00
2.096677967512291119e+01 8.870215445937402521e+00
3.065495659984645727e+01 6.701413213600128094e-01
1.770849531623423445e+01 3.223898397267292637e+01
4.558208377256368493e+01 4.634253461257820672e-01
2.179456883228479924e+01 5.777795180664126562e+00
1.903269760031243507e+01 2.598802979227804499e+01
1.630145045903599055e+01 3.736067109446469203e+01
2.179456883228479924e+01 5.777795180664126562e+00
3.389384836157959313e+01 6.455590803877381267e-01
2.763426217710495081e+01 8.829393951143532648e-01
1.567370465486535025e+01 3.980491642303517352e+01
1.838675262857745807e+01 2.963427106822902957e+01
1.474420416175244064e+01 4.810501577750036262e+01
1.943084592689949375e+01 2.306271597087585690e+01
2.438651193670903439e+01 2.000911208255691243e+00
1.481964261112889325e+01 4.439228322969440654e+01
1.724174276427416075e+01 3.426819390238231477e+01
1.943084592689949375e+01 2.306271597087585690e+01
2.357410859365592515e+01 2.649035701275221033e+00
1.549612246897477874e+01 4.145704990312705718e+01
2.129711464724429604e+01 8.023154428762287793e+00
1.554054637370807157e+01 4.045297458919742439e+01
1.763896116255654078e+01 3.320992423904036883e+01
1.567370465486535025e+01 3.980491642303517352e+01
1.849683405706535666e+01 2.855461148502283564e+01
1.714008279325612705e+01 3.557123719379021765e+01
2.065357540153084770e+01 9.938662399545631132e+00
2.065357540153084770e+01 9.938662399545631132e+00
2.065357540153084770e+01 9.938662399545631132e+00
1.942817031632012714e+01 2.382046069395530097e+01
1.516013804504181905e+01 4.221400205132567862e+01
1.681388504396129946e+01 3.632102049391775012e+01
2.385388694086941541e+01 2.117702050878190523e+00
1.942817031632012714e+01 2.382046069395530097e+01
1.759497957434754412e+01 3.396068610559141376e+01
1.724174276427416075e+01 3.426819390238231477e+01
1.740658860992233059e+01 3.408069995220446913e+01
2.096677967512291119e+01 8.870215445937402521e+00
2.223046705460830808e+01 3.345140600419893584e+00
1.770849531623423445e+01 3.223898397267292637e+01
1.549612246897477874e+01 4.145704990312705718e+01
1.549630005175960612e+01 4.072495634565936484e+01
1.509071724174287610e+01 4.268951747465538915e+01
2.385388694086941541e+01 2.117702050878190523e+00
1.666701235337776410e+01 3.695473509708342164e+01
2.417231764401203975e+01 2.093363267526083593e+00
2.816747874476227409e+01 8.710290740848074531e-01
2.763426217710495081e+01 8.829393951143532648e-01
2.357410859365592515e+01 2.649035701275221033e+00
2.431545511137499460e+01 2.071826203247812970e+00
2.019364907541577026e+01 1.494693969455855864e+01
1.914283710854712695e+01 2.411945301150282717e+01
2.065357540153084770e+01 9.938662399545631132e+00
1.714008279325612705e+01 3.557123719379021765e+01
2.129711464724429604e+01 8.023154428762287793e+00
1.681388504396129946e+01 3.632102049391775012e+01
3.389384836157959313e+01 6.455590803877381267e-01
1.943084592689949375e+01 2.306271597087585690e+01
2.816747874476227409e+01 8.710290740848074531e-01
2.443285129696905500e+01 1.603431871674668274e+00
1.863093522197092256e+01 2.841931771758800451e+01
2.030322353039048622e+01 1.414336250150165419e+01
2.223046705460830808e+01 3.345140600419893584e+00
2.223046705460830808e+01 3.345140600419893584e+00
2.385388694086941541e+01 2.117702050878190523e+00
1.666701235337776410e+01 3.695473509708342164e+01
2.385388694086941541e+01 2.117702050878190523e+00
