0.000000000000000000e+00 3.831788199689485364e-01 1.283180121260961570e+01 1.602865620871484964e+01 2.979869577508417322e+01
0.000000000000000000e+00 9.917569458019862561e-01 1.543519478522926214e+01 1.602865620871488161e+01 2.296993662757882859e+01
1.307315974011711290e+00 1.405293853580573860e+01 1.962427422022944512e+00 3.530362253565046160e+01 5.567406687423777090e-01
1.194616321079666754e+00 9.734469885427969871e+00 4.981546532827487717e+00 3.347757309415127480e+01 7.987547725398453924e-01
3.379143286953613767e+00 2.118946060999289394e+00 2.637626971054342206e+01 1.500382277273341103e+01 2.536000630921346199e-01
2.313962015955162599e+00 9.099853642038151946e+00 2.150680453321234964e+01 1.096350101742277872e+01 2.958667402741570474e-01
0.000000000000000000e+00 2.337101636114715220e+00 3.349301838353713201e+00 7.396841821471094036e+00 3.043415735831933588e+01
2.198263915157404824e+00 9.445417704394028391e+00 2.191259329798994315e+01 7.931043289199446455e+00 1.179315087821430019e+00
1.126772728580539701e-01 3.258459598133841340e+00 4.424759038830904601e+00 1.927496632693558709e+01 1.493849025429950750e+01
0.000000000000000000e+00 3.439485131363499093e+00 7.256845309473456851e+00 2.191259329798994315e+01 8.630841226481758000e+00
1.803194446912707583e-01 3.198117753723955570e+00 4.336263858054276277e+00 2.231838206276753667e+01 1.046138101585080804e+01
2.337101636114715220e+00 5.398206027373703364e+00 1.927496632693558709e+01 8.031446373279290896e+00 4.718487198713658515e+00
2.816931821451420376e-02 4.897871895001014053e+00 1.640474369805899668e+00 2.879700519632318656e+00 2.962257982876417017e+01
0.000000000000000000e+00 2.383380876433819129e+00 5.309710846597073264e+00 5.283458443907933066e+00 2.536179779859945427e+01
6.085781258330379417e-01 2.624870231830037870e+00 7.602409371829335960e+00 1.886917756215800779e+01 7.846035761888102478e+00
0.000000000000000000e+00 0.000000000000000000e+00 2.383380876433819129e+00 8.869477600467558176e+00 2.556469218098825991e+01
0.000000000000000000e+00 1.825734377499110384e+00 4.716363813191966514e+00 7.245885865930863368e+00 2.231838206276751535e+01
0.000000000000000000e+00 0.000000000000000000e+00 4.937054870161023956e+00 6.220153122405815971e+00 2.394153712187789651e+01
0.000000000000000000e+00 1.352395835184518336e-01 4.701957019200976085e+00 6.220153122405815971e+00 2.353574835710029234e+01
0.000000000000000000e+00 2.816931821451420376e-02 4.897871895001014053e+00 6.220153122405815971e+00 2.272417082754510886e+01
0.000000000000000000e+00 3.439485131363499093e+00 8.890521739622722075e-01 5.644213018479352861e+00 2.312995959232270948e+01
0.000000000000000000e+00 1.442555557530164290e+00 2.429344459920500299e+00 6.220153122405815971e+00 2.231838206276752956e+01
0.000000000000000000e+00 0.000000000000000000e+00 4.937054870161023956e+00 6.220153122405815971e+00 2.049233262126837474e+01
0.000000000000000000e+00 2.383380876433819129e+00 3.075889443386063071e+00 3.686016665129368874e+00 2.170969891560116238e+01
0.000000000000000000e+00 3.155590282097225918e-01 4.388493217920910183e+00 6.220153122405815971e+00 1.927496632693560485e+01
4.507986117281744254e-01 6.425551325820459958e-01 3.817694629367400339e+00 4.837896872982296870e+00 1.968075509171319126e+01
1.713034724567066958e+00 8.731816723600416275e-02 4.716363813191966514e+00 3.455640623558782210e+00 1.866628317976922702e+01
2.704791670369037782e-01 1.447168367511450171e+00 2.248779028257513524e+00 5.068272914552882646e+00 1.886917756215800779e+01
0.000000000000000000e+00 4.282586811417673500e-01 1.943728093402337098e+00 8.869477600467558176e+00 1.582576182632607065e+01
0.000000000000000000e+00 1.983513891603972512e+00 1.449770080920300241e+00 6.335341143191111968e+00 1.663733935588125590e+01
7.663576399378992932e-01 0.000000000000000000e+00 1.012890739937650775e+00 6.283157835139872915e+00 1.765181126782523080e+01
1.352395835184518336e-01 6.085781258330379417e-01 2.443844698600381449e+00 7.602409371829335960e+00 1.420260676721570192e+01
2.479392364504966473e-01 1.411435815227215951e+00 4.101185924514750170e+00 1.846338879738041072e+01 0.000000000000000000e+00
0.000000000000000000e+00 2.816931821451420376e-02 3.258459598133841340e+00 2.020997651186559452e+01 0.000000000000000000e+00
8.450795464353974551e-02 4.057187505553602191e-01 3.879114540840800540e+00 6.911281247117574189e+00 1.130438777422120467e+01
1.420015626943754938e+00 5.064453699688246102e-01 6.283157835139872915e+00 5.434414399448162847e+00 8.318669677940622620e+00
0.000000000000000000e+00 0.000000000000000000e+00 3.318801442543727553e+00 8.063161454970508402e+00 9.891339302443558523e+00
0.000000000000000000e+00 0.000000000000000000e+00 2.383380876433819129e+00 3.212595640869888136e+00 1.493794098736371012e+01
0.000000000000000000e+00 2.253993058640872682e-01 1.357836986800866619e+00 1.705802297604559215e+01 1.854126285492127268e-01
0.000000000000000000e+00 1.126996529320440921e+00 5.937635372048288840e-01 6.902624100576209898e+00 1.038310719875662791e+01
0.000000000000000000e+00 8.339774316971274581e-01 9.604998395960470114e-01 6.283157835139872915e+00 1.019769457020742465e+01
5.633863642902840752e-02 2.051133683363197679e+00 9.403914038401967046e-01 7.026469267902865745e+00 7.416505141969039983e+00
0.000000000000000000e+00 1.577795141048613958e+00 2.155063633800447853e+00 6.335341143191111968e+00 6.674854627772126570e+00
1.803194446912707583e-01 2.105705434519198338e+00 3.486008035837539154e+00 2.879700519632318656e+00 7.416505141969039983e+00
3.155590282097225918e-01 0.000000000000000000e+00 1.071976568526992468e-01 6.171068031032243439e+00 8.755445421333130085e+00
0.000000000000000000e+00 2.816931821451420376e-02 2.175124294997853092e+00 9.790981766749904835e+00 2.566251244183852087e+00
0.000000000000000000e+00 6.085781258330379417e-01 1.100208907173655160e+00 6.194662654363263243e+00 5.887282266068824654e+00
2.028593752776778891e-01 1.036244016242768406e+00 8.098867055843050888e-01 5.398206027373694482e+00 5.434414399448162847e+00
0.000000000000000000e+00 4.733385423145861637e-01 1.257381608198461898e+00 3.827773529547103148e+00 6.793017999310178467e+00
5.409583340738121082e-01 9.995302062387338704e-02 3.722382640200770254e+00 1.640474369805899668e+00 5.585370354988371311e+00
0.000000000000000000e+00 0.000000000000000000e+00 1.104456598734031125e+00 4.654449616626011199e+00 4.837896872982296870e+00
2.704791670369037782e-01 1.250639329948167067e+00 1.645684956720342429e+00 3.451312050288094291e+00 4.377722710666580141e+00
2.028593752776778891e-01 5.181220081213847584e-01 2.253125822617165971e-02 5.125124296958976089e+00 4.837896872982296870e+00
1.352395835184518336e-01 1.352395835184519446e-01 3.077434064904186251e+00 7.026469267902871074e+00 0.000000000000000000e+00
0.000000000000000000e+00 2.816931821451420376e-02 3.379143286953613767e+00 8.367549872586077520e-01 5.874589060049938638e+00
0.000000000000000000e+00 2.816931821451420376e-02 1.915894099844746012e+00 4.374598319482401187e+00 3.455640623558782210e+00
0.000000000000000000e+00 5.409583340738121082e-01 6.568341355283103811e-01 3.556208695849091495e+00 4.722708852197006202e+00
0.000000000000000000e+00 2.253993058640872682e-01 1.429302091369333283e+00 4.101185924514750170e+00 3.455640623558782210e+00
3.831788199689485364e-01 1.786627614211716564e-02 8.424611738297905772e-01 3.190128388923450409e+00 4.492332810626420425e+00
0.000000000000000000e+00 8.339774316971274581e-01 3.487284789240719274e+00 1.640474369805899668e+00 2.649324478061731991e+00
8.450795464353974551e-02 2.028593752776778891e-01 1.429302091369334171e+00 3.964479727030925549e+00 2.649324478061731991e+00
2.816931821451420376e-02 1.803194446912684545e-01 1.232773053806050179e+00 3.137831202219786064e+00 3.455640623558782210e+00
2.028593752776778891e-01 9.469126355321855204e-01 9.255848063820629745e-01 5.398206027373694482e+00 2.303760415705865816e-01
0.000000000000000000e+00 0.000000000000000000e+00 1.510175349289390123e+00 5.673307195578732198e+00 2.654855423298567163e-01
0.000000000000000000e+00 0.000000000000000000e+00 1.938434030431155586e+00 2.719453708590481078e+00 2.212379519415439866e+00
0.000000000000000000e+00 4.733385423145861637e-01 1.874309232923680124e+00 7.444765280401547392e-01 3.716797592617950841e+00
0.000000000000000000e+00 6.085781258330379417e-01 7.710661590984518865e-01 2.980939642108797472e+00 2.212379519415439866e+00
0.000000000000000000e+00 2.028593752776778891e-01 1.465034643653566615e+00 2.457967775072166461e+00 2.123884338638831970e+00
0.000000000000000000e+00 0.000000000000000000e+00 9.917569458019862561e-01 4.915935550144328481e+00 6.835309874191096424e-02
1.352395835184518336e-01 6.761979175922602781e-02 1.482900919795683503e+00 2.405670588368501672e+00 1.592913253979122867e+00
0.000000000000000000e+00 0.000000000000000000e+00 2.383380876433819129e+00 5.485616522401147721e-01 2.255652258483111794e+00
0.000000000000000000e+00 2.028593752776778891e-01 1.036244016242768406e+00 3.713100255960073870e+00 1.367061974838252314e-01
1.577795141048613514e-01 4.507986117281650995e-02 1.500767195937799947e+00 1.293038180280269511e+00 1.640474369805899668e+00
0.000000000000000000e+00 6.311180564194450726e-01 2.594699309625096983e+00 0.000000000000000000e+00 1.255132480887915403e+00
2.816931821451420376e-02 3.831788199689485364e-01 1.309772508540066216e+00 0.000000000000000000e+00 2.353373401664839548e+00
2.816931821451420376e-02 3.831788199689485364e-01 7.996241649909878735e-01 2.037514708320424361e+00 6.275662404439577013e-01
0.000000000000000000e+00 7.888975705243086445e-01 3.154376151663937922e-01 2.468527435080510202e+00 5.229718670366186734e-02
0.000000000000000000e+00 5.184184034874026459e-01 7.853451620447199355e-01 1.880782807680391633e+00 1.568915601109881486e-01
0.000000000000000000e+00 0.000000000000000000e+00 4.282586811417673500e-01 1.292308875092864628e+00 1.293038180280269511e+00
0.000000000000000000e+00 1.352395835184518336e-01 6.761979175922602781e-02 1.500767195937799947e+00 1.018757354160211293e+00
0.000000000000000000e+00 0.000000000000000000e+00 2.479392364504966473e-01 2.128845054678750515e+00 9.051276661482837715e-02
0.000000000000000000e+00 0.000000000000000000e+00 4.057187505553578877e-01 1.309772508540066216e+00 4.525638330741448834e-01
1.126772728580539701e-01 3.155590282097225918e-01 8.281821708835231943e-01 6.247697443078948920e-01 0.000000000000000000e+00
2.028593752776778891e-01 3.573255228423358187e-01 1.427900294626652938e-02 1.689844366962824362e-01 8.382544054656418941e-01
2.028593752776778891e-01 1.607964852790507437e-01 2.855800589253535970e-01 5.791778930374412715e-01 8.731816723600416275e-02
0.000000000000000000e+00 2.028593752776778891e-01 3.394592467002167657e-01 5.069533100888468091e-01 0.000000000000000000e+00
0.000000000000000000e+00 2.704791670369037782e-01 1.071976568527011342e-01 2.713010559790871024e-01 1.464110507036372744e-01
