0.000000000000000000e+00 4.181625574326334749e-01 3.888971391911693587e+01 1.383298215197951642e+01 6.570169757814962708e+00
0.000000000000000000e+00 9.074340270284189311e-03 2.536876945171993114e+01 2.254658568135321062e+01 5.916639371084049692e+00
0.000000000000000000e+00 9.074340270284189311e-03 2.604622143473546458e+01 1.800939340114235065e+01 9.613420127110023472e+00
0.000000000000000000e+00 1.309412077968781229e+00 1.631061533633075911e+01 2.164071268764402589e+01 7.465081345028482751e+00
0.000000000000000000e+00 1.613741182542099306e+00 1.482147195584632726e+01 1.964383418294763217e+01 9.298160141047270955e+00
0.000000000000000000e+00 6.076573933209784784e+00 1.481556221569504217e+01 2.313455897057266597e+01 9.650811945157493632e-01
0.000000000000000000e+00 2.076287770934536425e+00 1.319722142202752124e+01 1.746576125585668748e+01 9.298126975340018419e+00
0.000000000000000000e+00 2.054018764841646139e+00 1.292615652115622460e+01 1.728416265677120123e+01 9.508264063641826525e+00
0.000000000000000000e+00 2.076287770934536425e+00 8.761634584322568031e+00 1.782913074890734251e+01 1.156374010045067635e+01
0.000000000000000000e+00 4.207635436499444381e+00 6.357602937585514091e+00 2.440216048446241714e+01 3.229927352557088405e+00
0.000000000000000000e+00 1.787643528012567762e+00 9.902790323077715229e+00 1.695861483515680490e+01 8.682113235732416001e+00
0.000000000000000000e+00 1.852856907563992683e+00 9.591567978210767009e+00 1.804833659610692109e+01 6.455357633516825899e+00
0.000000000000000000e+00 4.862007330789021309e-02 6.461422807211786967e+00 4.300550162100713614e+00 2.344443455752274375e+01
0.000000000000000000e+00 1.961545873483034885e+00 3.639347422461709058e+00 6.533890909432639837e+00 2.077225468240377637e+01
0.000000000000000000e+00 2.187632801398986526e+00 1.333312907635641764e+01 1.510395003953904336e+01 6.778841611573490633e-01
0.000000000000000000e+00 3.112963650948713301e+00 7.101735431227047535e+00 1.927849584630751067e+01 5.007304879809184595e-01
0.000000000000000000e+00 7.259451023415833260e-02 3.023530876023230007e+00 1.182086726169367630e+01 1.345544286351676888e+01
0.000000000000000000e+00 7.259451023415833260e-02 3.112981427047469385e+00 6.661697413071153484e+00 1.714223496314316719e+01
0.000000000000000000e+00 2.209901807491877257e+00 8.139177559566322273e+00 1.492174624266843175e+01 1.117650118918738292e-02
0.000000000000000000e+00 5.018896695318593171e-01 7.694073409805811670e-01 1.050997892120325794e+01 1.218841165228855594e+01
0.000000000000000000e+00 1.418101043887824542e+00 7.726429727524054769e+00 1.322064569551324809e+01 8.541175524709729294e-02
0.000000000000000000e+00 3.529491778812084424e-01 1.850330796614057638e+00 8.139177559566322273e+00 1.051631556941058143e+01
0.000000000000000000e+00 9.833451802116538465e-01 2.640156602709501588e+00 6.237409973071176061e+00 9.613388212082154993e+00
0.000000000000000000e+00 1.896332493931609742e+00 9.384085610206266637e+00 6.340399435335052125e+00 3.750864632836780066e-01
0.000000000000000000e+00 5.703271097192926797e-01 3.442239044356354416e+00 5.718502175689489597e+00 6.679524610782208605e+00
0.000000000000000000e+00 8.879522304539788635e-02 2.918352529306323176e-02 6.167868873647546657e+00 8.568791837581461124e+00
0.000000000000000000e+00 8.746562142926107564e-01 4.490755644087580656e+00 9.499266223189648528e-01 6.515921180615263708e+00
0.000000000000000000e+00 1.378078897855833929e-01 4.276887461301226878e+00 5.626180033617278475e+00 1.957700891514398522e+00
0.000000000000000000e+00 2.442602119621653245e-01 4.943132239550501184e-01 6.815763182073330206e+00 2.931407653772723609e+00
0.000000000000000000e+00 2.877357983297814115e-01 1.185145745510318482e+00 3.931566079280115034e+00 3.554486200727592582e+00
0.000000000000000000e+00 1.378078897855833929e-01 3.709764616439420459e-01 5.206108652134212811e+00 1.780783427523297435e+00
0.000000000000000000e+00 2.225224187783563234e-01 1.421915173444351921e-01 3.843313746129957131e+00 1.573193947984911967e+00
0.000000000000000000e+00 7.443630857215666197e-03 2.209901807491877257e+00 1.638622773257143894e+00 6.338049195269231939e-01
0.000000000000000000e+00 4.181625574326334749e-01 8.703068633806957388e-01 1.644880552701082577e+00 5.982450860686449462e-02
0.000000000000000000e+00 1.812217892419136223e-01 1.422082683012382553e-01 9.263469668109641786e-01 2.497173150149835374e-01
