1.372269757561210730e-02 4.367461486710431641e-05 7.173702810280123280e-04 4.962858559994067019e-05 1.050959346116732732e-04
9.176086280058422598e-03 4.169846418337714650e-05 7.886066904909881355e-04 4.701913082138844935e-05 7.207348275960139103e-05
1.123272510860257554e-02 4.180799144480887503e-05 7.452893056314514614e-04 4.773955820506948654e-05 8.191262313789964922e-05
9.469232528109709779e-03 4.062744822292920004e-05 7.879961788817191250e-04 4.700463862001708342e-05 7.332147674532541219e-05
1.084936816454249060e-02 4.249105490169787663e-05 7.555806486030058845e-04 4.780197693182561589e-05 7.887111686426869373e-05
1.063688403796711132e-02 4.335863804193632932e-05 7.554404652706741110e-04 4.754833271975760140e-05 7.735501753187164588e-05
1.079239275773377291e-02 4.371958893493513423e-05 7.711118419766488808e-04 4.848586378076420131e-05 7.778637821787541149e-05
1.005469019230063009e-02 4.196606330813053867e-05 8.457957987750022938e-04 4.992298675660118018e-05 7.466034613122472254e-05
1.011271924270604194e-02 4.214298994398596752e-05 8.530977158058204680e-04 5.045598707336414987e-05 7.484170341593273041e-05
1.055144259930579191e-02 4.452172135281560431e-05 7.725641904119221219e-04 4.819621975007791362e-05 7.612475976740800928e-05
9.928924722167312492e-03 4.270760776568040306e-05 7.601996032519999251e-04 4.967631333619029017e-05 7.417740175423158562e-05
1.324020497568902631e-02 6.394855589659453551e-05 1.133098041229603416e-03 8.332345626971310760e-05 8.642092747496740810e-05
1.142043680225375731e-02 4.897394361821920037e-05 8.544717481223942056e-04 5.485691227585311766e-05 7.839357997032806282e-05
9.661793014608854174e-03 4.245160890646517034e-05 7.632154788769739129e-04 4.952598879068708943e-05 7.321214006726692433e-05
1.581509848296141010e-02 7.531478140760031865e-05 1.522942734512585956e-03 1.123599001861990326e-04 9.222893289071041267e-05
1.673821056420423184e-02 7.912020733405388472e-05 1.685792623025035184e-03 1.255153476705195780e-04 9.356735970669336660e-05
9.521126279558405486e-03 4.088600574975435225e-05 7.697539034707771149e-04 4.926484804629087334e-05 7.471936144019512989e-05
8.729959072019984404e-03 4.091016723115932638e-05 7.828347350171571033e-04 4.947411229614368482e-05 7.057949899133679234e-05
9.462737015983884933e-03 4.084732497693737937e-05 7.687433623315327331e-04 4.919421065936938737e-05 7.442097706621433569e-05
1.574575831373543552e-02 9.378054003005233303e-05 2.124038087642996994e-03 1.505647979296720470e-04 7.952205880229295219e-05
9.398682107810574921e-03 4.086991335381203383e-05 7.696594443305851407e-04 4.918595203446340746e-05 7.411963868335744870e-05
8.816256990731899043e-03 4.094730300273883867e-05 7.850393294705578949e-04 4.955019772127211954e-05 7.125636025653906108e-05
8.765485903329140599e-03 4.088028004535370242e-05 7.820362698886439362e-04 4.940302192535267500e-05 7.110574599482448477e-05
8.804094355737358130e-03 4.089735938412393957e-05 7.832441056464100205e-04 4.945688430737760460e-05 7.137024007553248179e-05
9.274857909809853390e-03 4.214326571542436055e-05 7.663495362325664249e-04 4.922014881527616203e-05 7.256989203595351555e-05
8.795643135028450785e-03 4.088067220150679341e-05 7.819573042812201285e-04 4.938717226292067055e-05 7.144725044188436213e-05
8.740509136845479865e-03 4.145917161344122844e-05 7.904072225887472623e-04 4.967462014168577109e-05 7.064803406354928201e-05
9.334868095605764263e-03 4.130313357091892716e-05 7.813092656712925790e-04 4.955732060334070306e-05 7.337338027397729591e-05
8.838920660532800441e-03 4.086882320051343434e-05 7.819005963756132591e-04 4.938571075536468138e-05 7.175604480015256958e-05
8.931451952228112307e-03 4.100497168045745896e-05 7.859291997092083615e-04 4.964329841087967114e-05 7.252167163887222325e-05
8.923078273976252361e-03 4.086646349789659625e-05 7.823518384822202108e-04 4.942437700938465519e-05 7.232487236566178493e-05
9.144885792398898400e-03 4.312333618178268890e-05 7.697984406557927027e-04 4.919761171235638387e-05 7.203945221403448103e-05
9.024147036448658052e-03 4.084512224686217543e-05 7.804557094835094799e-04 4.937553297580125677e-05 7.298634184771590142e-05
8.783954704839381372e-03 4.137455566026061586e-05 7.809990062531053413e-04 4.938228293798788783e-05 7.184684564880490412e-05
9.418404527162560144e-03 4.206003682017256243e-05 8.055681707320868842e-04 5.047428612280679462e-05 7.290515767025072379e-05
8.848364301545456195e-03 4.134471254031894609e-05 7.798882623603147456e-04 4.934252854554054880e-05 7.212979350812627217e-05
8.918279024787825748e-03 4.113656041682266945e-05 7.818189831126658076e-04 4.938474331825797893e-05 7.231390906320585288e-05
9.314121278172450211e-03 4.268498384176615967e-05 8.067731762954919806e-04 5.048802673781870053e-05 7.239210340017766918e-05
8.873015977075633665e-03 4.141562482086638106e-05 7.836890698518385713e-04 4.944236602529396215e-05 7.200693442905659394e-05
9.008653166898207207e-03 4.135436555312207172e-05 7.888429916975940462e-04 4.965161241883472290e-05 7.238888897355121054e-05
8.936302735333740213e-03 4.148037618467045298e-05 7.897049101225873339e-04 4.966283483797359236e-05 7.204399331211596509e-05
8.998929606441063295e-03 4.167840172312366870e-05 7.910822126346024434e-04 4.974353696805486753e-05 7.221298896657371959e-05
8.822591385674203798e-03 4.266640122298612410e-05 7.896481438151342798e-04 4.966292782615132421e-05 7.147862077353282035e-05
8.877042884924170318e-03 4.247771986507071736e-05 7.919356313957239121e-04 4.975463571741393687e-05 7.162087296735948725e-05
8.850512602020355057e-03 4.593456714769584957e-05 8.222018821766668376e-04 5.091381140303786351e-05 7.074095703569472889e-05
8.937729167974389766e-03 4.608069600975337078e-05 8.326400688771960984e-04 5.133320319163688100e-05 7.076153700959635941e-05
9.051637840644048694e-03 4.269241427035846606e-05 8.124219660854422416e-04 5.055138243699401732e-05 7.168511437824121491e-05
9.693685381498770570e-03 4.516528389324046431e-05 8.745002828079112642e-04 5.316054566726287253e-05 7.181953464473469161e-05
9.133949810051304394e-03 4.348356992422757958e-05 8.251776202414360826e-04 5.106594403397910831e-05 7.154338415417761437e-05
9.223706766726003786e-03 4.535897517194252700e-05 8.278277277721936929e-04 5.121021553211756367e-05 7.136260463615335910e-05
9.231185583409217896e-03 4.381501078465172911e-05 8.435867046065876045e-04 5.178468938181347966e-05 7.142112038758501177e-05
9.997869475144718215e-03 4.622689620182402289e-05 9.221312368294887164e-04 5.507105818894362842e-05 7.167997339283732410e-05
9.205498379660630517e-03 4.433230689565467009e-05 8.383696642085141943e-04 5.159133421852233855e-05 7.136619909370097857e-05
9.069199200616429729e-03 4.547081974913433312e-05 8.298567835498147846e-04 5.123176914151111264e-05 7.099475709097943180e-05
9.201457385610003689e-03 4.447893713066595860e-05 8.411106682300641124e-04 5.165010459214232195e-05 7.129822722780815086e-05
9.784448252677562310e-03 4.687699924551018486e-05 8.975990029021481496e-04 5.405925839229100828e-05 7.136748033069410650e-05
9.421945688347945630e-03 4.499761863660336651e-05 8.763384901815758285e-04 5.305167581962375110e-05 7.118814120504504922e-05
9.624013872945114470e-03 4.892169041450705394e-05 9.224907207617943092e-04 5.492091624542046630e-05 7.084049830969977050e-05
9.239544270339718202e-03 4.580650600787491175e-05 8.518452319588567991e-04 5.211573830504854528e-05 7.101984931846973921e-05
9.492921197634691249e-03 4.534385601745282010e-05 8.781293488396213140e-04 5.319485353800922523e-05 7.129990534809255208e-05
9.459219777382208566e-03 4.557238537557069870e-05 8.756766446392506538e-04 5.304511917446956629e-05 7.122327138830557855e-05
9.488485467332122281e-03 5.046812029311056777e-05 9.044136517454330832e-04 5.408849408843265799e-05 7.081356469164620045e-05
9.800285825533961229e-03 4.692529666901588693e-05 9.155278094852494115e-04 5.472965170515679015e-05 7.122397236462075273e-05
9.428718922289991769e-03 4.767227679042092622e-05 8.752381530518626041e-04 5.306345039327759491e-05 7.086367251811980872e-05
9.782624029321581802e-03 4.700421010468081788e-05 9.255117635176132382e-04 5.509999409030218377e-05 7.103650395782570869e-05
9.981065738336859436e-03 5.147183928662572134e-05 9.142643878065052519e-04 5.471897914840523927e-05 7.082154334508022366e-05
1.003331526440066207e-02 5.163136716638646104e-05 9.233639882410704268e-04 5.508185604659183152e-05 7.082126004134332202e-05
9.726115425319023511e-03 4.807821119809594772e-05 9.078595893266426173e-04 5.440839530754933379e-05 7.097659669207916219e-05
9.807379776941691288e-03 4.817554650430664448e-05 9.252401153634795365e-04 5.509781762912627386e-05 7.094281096184377924e-05
1.049005570377181673e-02 5.088941915378417769e-05 9.970053034293489477e-04 5.799021359804063430e-05 7.101472876726324626e-05
1.024727812675767583e-02 5.396988622720345040e-05 9.944988256141073721e-04 5.791824917939669720e-05 7.093180598129956624e-05
9.873646450590706919e-03 5.026345220763546944e-05 9.345342117184904981e-04 5.546653030298980794e-05 7.073356824460005790e-05
1.052974657879425513e-02 5.469833891974507610e-05 9.802806260645765234e-04 5.740233104258602722e-05 7.070354625297154381e-05
1.010673803309599869e-02 5.053239875411192733e-05 9.596295063185409507e-04 5.650643560854797561e-05 7.081855473564203712e-05
1.027943394599971534e-02 5.105406203985974321e-05 9.817401958041034431e-04 5.741338556778973260e-05 7.082502567483537281e-05
1.063120510257425932e-02 5.171121781785635563e-05 1.032734998033591747e-03 5.940501461026297564e-05 7.082152553362378521e-05
1.064277120702786586e-02 5.244632072259302729e-05 1.032752287212403012e-03 5.940537514717855814e-05 7.076234368064878420e-05
1.073229149701332083e-02 5.322839970829588676e-05 1.037168636452724928e-03 5.964460603867558999e-05 7.076386890921468049e-05
1.107024093488288667e-02 5.499418363539692331e-05 1.092860186344169014e-03 6.171773140096646279e-05 7.068506962005127910e-05
1.151107252610094299e-02 6.037038500225195517e-05 1.147267522410239191e-03 6.381906109668274640e-05 7.098891743401018230e-05
1.150857667411141726e-02 6.325112938618982644e-05 1.130817377141832628e-03 6.318956738327261556e-05 7.099448766884441215e-05
1.176960510709172680e-02 6.639680491111912657e-05 1.145757478300803546e-03 6.385802306753563136e-05 7.102336129638247458e-05
1.163314241143953258e-02 5.909326663353667254e-05 1.147214660964392292e-03 6.381855625171922394e-05 7.056755531157413955e-05
1.220220593879628446e-02 6.129150922107717695e-05 1.219181853996960992e-03 6.669474732160319619e-05 7.057506900771160798e-05
1.243205613352664496e-02 6.640036512916496858e-05 1.219532242508453157e-03 6.669856270625340979e-05 7.050210132464103006e-05
1.300648158226157779e-02 6.835273866819530759e-05 1.287571395537070703e-03 6.937184291403152578e-05 7.049052796492870452e-05
1.399191479657049819e-02 7.674073821343215614e-05 1.372200812432519765e-03 7.272200959989685875e-05 7.050603923197337492e-05
