8.000000000000000444e-01 7.139999999999999680e-01 6.350000000000000089e-01 5.510000000000000453e-01 4.000000000000000222e-01 -2.000000000000000111e-01 2.000000000000000111e-01 -2.000000000000000111e-01 1.170000000000000068e-01 2.000000000000000111e-01
8.000000000000000444e-01 7.139999999999999680e-01 6.350000000000000089e-01 5.510000000000000453e-01 4.000000000000000222e-01 -2.000000000000000111e-01 2.000000000000000111e-01 -2.000000000000000111e-01 1.170000000000000068e-01 2.000000000000000111e-01
8.000000000000000444e-01 7.139999999999999680e-01 6.350000000000000089e-01 5.510000000000000453e-01 4.000000000000000222e-01 -2.000000000000000111e-01 2.000000000000000111e-01 -2.000000000000000111e-01 1.170000000000000068e-01 2.000000000000000111e-01
8.000000000000000444e-01 7.139999999999999680e-01 6.350000000000000089e-01 5.510000000000000453e-01 4.000000000000000222e-01 -2.000000000000000111e-01 2.000000000000000111e-01 -2.000000000000000111e-01 1.170000000000000068e-01 2.000000000000000111e-01
8.000000000000000444e-01 7.139999999999999680e-01 6.350000000000000089e-01 5.510000000000000453e-01 4.000000000000000222e-01 -2.000000000000000111e-01 2.000000000000000111e-01 -2.000000000000000111e-01 1.170000000000000068e-01 2.000000000000000111e-01
8.000000000000000444e-01 7.069999999999999618e-01 6.340000000000000080e-01 5.480000000000000426e-01 4.060000000000000275e-01 -2.000000000000000111e-01 2.000000000000000111e-01 -2.000000000000000111e-01 1.170000000000000068e-01 2.000000000000000111e-01
8.000000000000000444e-01 7.149999999999999689e-01 6.109999999999999876e-01 5.220000000000000195e-01 4.099999999999999756e-01 -2.000000000000000111e-01 2.000000000000000111e-01 -2.000000000000000111e-01 1.140000000000000041e-01 2.000000000000000111e-01
8.000000000000000444e-01 7.189999999999999725e-01 5.939999999999999725e-01 5.120000000000000107e-01 4.149999999999999800e-01 -2.000000000000000111e-01 2.000000000000000111e-01 -2.000000000000000111e-01 1.140000000000000041e-01 2.000000000000000111e-01
8.000000000000000444e-01 7.069999999999999618e-01 5.759999999999999565e-01 5.130000000000000115e-01 4.279999999999999916e-01 -1.980000000000000093e-01 -1.849999999999999978e-01 1.859999999999999987e-01 -2.000000000000000111e-01 2.000000000000000111e-01
8.000000000000000444e-01 8.000000000000000444e-01 7.059999999999999609e-01 5.959999999999999742e-01 5.090000000000000080e-01 2.000000000000000111e-01 -2.000000000000000111e-01 -1.950000000000000067e-01 1.930000000000000049e-01 -2.000000000000000111e-01
8.000000000000000444e-01 8.000000000000000444e-01 7.049999999999999600e-01 6.470000000000000195e-01 5.340000000000000302e-01 -2.000000000000000111e-01 2.000000000000000111e-01 2.000000000000000111e-01 -2.000000000000000111e-01 1.179999999999999938e-01
8.000000000000000444e-01 8.000000000000000444e-01 7.149999999999999689e-01 6.440000000000000169e-01 5.450000000000000400e-01 -2.000000000000000111e-01 2.000000000000000111e-01 1.990000000000000102e-01 -2.000000000000000111e-01 1.179999999999999938e-01
8.000000000000000444e-01 8.000000000000000444e-01 7.139999999999999680e-01 6.830000000000000515e-01 5.410000000000000364e-01 2.000000000000000111e-01 -2.000000000000000111e-01 1.890000000000000013e-01 -1.970000000000000084e-01 -2.000000000000000111e-01
8.000000000000000444e-01 7.970000000000000417e-01 6.850000000000000533e-01 5.709999999999999520e-01 5.709999999999999520e-01 -1.990000000000000102e-01 2.000000000000000111e-01 2.000000000000000111e-01 1.079999999999999988e-01 -2.000000000000000111e-01
8.000000000000000444e-01 8.000000000000000444e-01 7.049999999999999600e-01 6.939999999999999503e-01 5.649999999999999467e-01 -2.000000000000000111e-01 2.000000000000000111e-01 1.970000000000000084e-01 -1.960000000000000075e-01 -2.000000000000000111e-01
8.000000000000000444e-01 8.000000000000000444e-01 6.959999999999999520e-01 5.829999999999999627e-01 5.829999999999999627e-01 2.000000000000000111e-01 -2.000000000000000111e-01 2.000000000000000111e-01 1.079999999999999988e-01 -2.000000000000000111e-01
8.000000000000000444e-01 8.000000000000000444e-01 6.939999999999999503e-01 5.899999999999999689e-01 5.899999999999999689e-01 -2.000000000000000111e-01 2.000000000000000111e-01 2.000000000000000111e-01 1.059999999999999970e-01 -2.000000000000000111e-01
8.000000000000000444e-01 8.000000000000000444e-01 8.000000000000000444e-01 6.969999999999999529e-01 6.280000000000000027e-01 2.000000000000000111e-01 -5.800000000000000294e-02 -2.000000000000000111e-01 1.729999999999999871e-01 -1.990000000000000102e-01
8.000000000000000444e-01 8.000000000000000444e-01 7.039999999999999591e-01 6.039999999999999813e-01 6.039999999999999813e-01 2.000000000000000111e-01 -2.000000000000000111e-01 2.000000000000000111e-01 1.079999999999999988e-01 -2.000000000000000111e-01
8.000000000000000444e-01 8.000000000000000444e-01 7.169999999999999707e-01 6.700000000000000400e-01 5.979999999999999760e-01 -2.000000000000000111e-01 2.000000000000000111e-01 -1.960000000000000075e-01 2.000000000000000111e-01 -2.000000000000000111e-01
8.000000000000000444e-01 8.000000000000000444e-01 8.000000000000000444e-01 6.969999999999999529e-01 6.380000000000000115e-01 2.000000000000000111e-01 -5.600000000000000117e-02 -2.000000000000000111e-01 1.600000000000000033e-01 -2.000000000000000111e-01
8.000000000000000444e-01 8.000000000000000444e-01 7.039999999999999591e-01 6.840000000000000524e-01 6.199999999999999956e-01 -2.000000000000000111e-01 2.000000000000000111e-01 -2.000000000000000111e-01 2.000000000000000111e-01 1.079999999999999988e-01
8.000000000000000444e-01 8.000000000000000444e-01 7.900000000000000355e-01 6.870000000000000551e-01 6.500000000000000222e-01 1.990000000000000102e-01 -1.990000000000000102e-01 -6.400000000000000133e-02 1.930000000000000049e-01 -1.980000000000000093e-01
8.000000000000000444e-01 8.000000000000000444e-01 6.979999999999999538e-01 6.560000000000000275e-01 6.400000000000000133e-01 2.000000000000000111e-01 -2.000000000000000111e-01 2.000000000000000111e-01 -2.000000000000000111e-01 1.069999999999999979e-01
8.000000000000000444e-01 8.000000000000000444e-01 7.900000000000000355e-01 7.019999999999999574e-01 6.520000000000000240e-01 -2.000000000000000111e-01 2.000000000000000111e-01 -6.500000000000000222e-02 1.990000000000000102e-01 -1.970000000000000084e-01
8.000000000000000444e-01 8.000000000000000444e-01 7.039999999999999591e-01 6.550000000000000266e-01 6.550000000000000266e-01 2.000000000000000111e-01 -2.000000000000000111e-01 2.000000000000000111e-01 1.059999999999999970e-01 -2.000000000000000111e-01
8.000000000000000444e-01 8.000000000000000444e-01 7.139999999999999680e-01 6.580000000000000293e-01 6.570000000000000284e-01 2.000000000000000111e-01 -2.000000000000000111e-01 2.000000000000000111e-01 1.059999999999999970e-01 -2.000000000000000111e-01
8.000000000000000444e-01 8.000000000000000444e-01 7.149999999999999689e-01 6.939999999999999503e-01 6.600000000000000311e-01 -2.000000000000000111e-01 2.000000000000000111e-01 -2.000000000000000111e-01 2.000000000000000111e-01 1.059999999999999970e-01
8.000000000000000444e-01 8.000000000000000444e-01 7.630000000000000115e-01 7.389999999999999902e-01 6.720000000000000417e-01 -1.990000000000000102e-01 2.000000000000000111e-01 -5.600000000000000117e-02 1.900000000000000022e-01 -1.970000000000000084e-01
8.000000000000000444e-01 8.000000000000000444e-01 7.880000000000000338e-01 7.089999999999999636e-01 6.830000000000000515e-01 -2.000000000000000111e-01 2.000000000000000111e-01 -6.400000000000000133e-02 1.990000000000000102e-01 -2.000000000000000111e-01
8.000000000000000444e-01 8.000000000000000444e-01 7.790000000000000258e-01 7.139999999999999680e-01 6.840000000000000524e-01 2.000000000000000111e-01 -2.000000000000000111e-01 -5.999999999999999778e-02 1.930000000000000049e-01 -2.000000000000000111e-01
8.000000000000000444e-01 8.000000000000000444e-01 7.940000000000000391e-01 7.309999999999999831e-01 6.999999999999999556e-01 -2.000000000000000111e-01 2.000000000000000111e-01 -6.700000000000000400e-02 1.950000000000000067e-01 -1.990000000000000102e-01
8.000000000000000444e-01 8.000000000000000444e-01 7.309999999999999831e-01 7.299999999999999822e-01 7.099999999999999645e-01 2.000000000000000111e-01 -2.000000000000000111e-01 -2.000000000000000111e-01 2.000000000000000111e-01 1.059999999999999970e-01
8.000000000000000444e-01 8.000000000000000444e-01 7.369999999999999885e-01 7.229999999999999760e-01 7.229999999999999760e-01 -2.000000000000000111e-01 2.000000000000000111e-01 -2.000000000000000111e-01 -5.099999999999999672e-02 1.950000000000000067e-01
8.000000000000000444e-01 8.000000000000000444e-01 7.600000000000000089e-01 7.500000000000000000e-01 7.379999999999999893e-01 -2.000000000000000111e-01 1.990000000000000102e-01 -5.299999999999999850e-02 -2.000000000000000111e-01 1.829999999999999960e-01
