1.440989456555144432e+00 5.788608594814627395e+01
1.785057116421392198e+00 5.539547885205532651e+01
1.718949832857757265e+00 5.396475400606900763e+01
1.787178897369044783e+00 5.071397719407278259e+01
1.745175738838034452e+00 4.790147155930664269e+01
1.786465252705442985e+00 4.492423548824626778e+01
1.807907914378599656e+00 4.389246286265657915e+01
1.943639900653785446e+00 4.329145562757422283e+01
1.967204903318187093e+00 4.270335090270523182e+01
1.867726527829945304e+00 4.183507644533869296e+01
2.247850004538346269e+00 4.115541954572984196e+01
2.430212389383528127e+00 4.044805045812344702e+01
2.261901228734140901e+00 3.974030710628073138e+01
2.280840261415760128e+00 3.885920073178890277e+01
3.128097802269510730e+00 3.815050942396236167e+01
3.400064496649479295e+00 3.748453958916226014e+01
2.350629702792571774e+00 3.579413247976992096e+01
2.283820073709647680e+00 3.596460274077578134e+01
2.351813626218795861e+00 3.510433591397812592e+01
4.811908239233659401e+00 3.441685605575974449e+01
2.360491942101352159e+00 3.361816732765578308e+01
2.308027821211179997e+00 3.295808623555808481e+01
2.309855076799161466e+00 3.215360194446936504e+01
2.314819250068995693e+00 3.137395887634451697e+01
2.351950892736393239e+00 3.073297423484925162e+01
2.323925313797402303e+00 2.984695605917210059e+01
2.377590378290645567e+00 2.920814443160026386e+01
2.424189133550609832e+00 2.848946265861258453e+01
2.334841315968255948e+00 2.774829696507070764e+01
2.345565728032986463e+00 2.695485593742804298e+01
2.343758707346378145e+00 2.620012505504751488e+01
2.446445400076957100e+00 2.539331786847663963e+01
2.359371918991753247e+00 2.471852223851349706e+01
2.365067449002158817e+00 2.397192302999761893e+01
2.526979593307494998e+00 2.316439415616530439e+01
2.376851075967724380e+00 2.245060983735316995e+01
2.389017806087378570e+00 2.170542950078892019e+01
2.557743219788321198e+00 2.092339555186594779e+01
2.406440807049744279e+00 2.013790662036781143e+01
2.434644835158123577e+00 1.932885458834677905e+01
2.434384298633321286e+00 1.866957535704500515e+01
2.457065047310206918e+00 1.795648917624939500e+01
2.486436165040430524e+00 1.705214115321701840e+01
2.489176167100374037e+00 1.647797990967529103e+01
2.704522703898886160e+00 1.561258570747487617e+01
2.737228641959189357e+00 1.489228633792057188e+01
2.559025035829323613e+00 1.420737591695914048e+01
2.830326536164276874e+00 1.347666253580687723e+01
2.630694406709420896e+00 1.267244465988105517e+01
2.761698897531438490e+00 1.192020991247365203e+01
2.683750693959114919e+00 1.167665072295260664e+01
2.969235376193480214e+00 1.139792732981692325e+01
2.704252381011000850e+00 1.103604560779866439e+01
2.741033712420429147e+00 1.077908061044768928e+01
2.726189206714741964e+00 1.041935999891905062e+01
2.967103685400979352e+00 1.015667162795995893e+01
2.816653320346024447e+00 9.875834252486072273e+00
3.075671895125033029e+00 9.501855990578828681e+00
2.805555751332731163e+00 9.294342076427428267e+00
2.836297120589078347e+00 8.987449019704012443e+00
2.854577747806940291e+00 8.684957095837088303e+00
3.152977010393597901e+00 8.368709032784648727e+00
2.992824807756662597e+00 7.976820236540990372e+00
2.958963698511142049e+00 7.691413820507997379e+00
3.000634325793538615e+00 7.490024307622691779e+00
3.262604725342897360e+00 7.148011364095554043e+00
3.285804659799810956e+00 6.832990762803335727e+00
3.044951491555526246e+00 6.567559944557411100e+00
3.072075370405557670e+00 6.276963814372309436e+00
3.365273070830754776e+00 5.963387414606753367e+00
3.458205005431397971e+00 5.673921371840068950e+00
3.202963179792512882e+00 5.334974805672728415e+00
3.545123860160111384e+00 5.065483249683272682e+00
3.262105304714886245e+00 4.782012446415712326e+00
3.323910099350169123e+00 4.434558091209489739e+00
3.442962637260280179e+00 4.053813057961857425e+00
3.486079464520744686e+00 3.867871633240718587e+00
3.531642200926160768e+00 3.549603565953646456e+00
3.719492022058331848e+00 3.275173327875057883e+00
4.069025526000584314e+00 2.997348501436245538e+00
4.188164353347971769e+00 2.679210774994237099e+00
4.347039574932257011e+00 2.373781866731348167e+00
4.043931995237279864e+00 2.098064992367780324e+00
4.244381830870500139e+00 1.773236108138044109e+00
4.502760329904355707e+00 1.486051432824114338e+00
4.684667002060011853e+00 1.193750766364815474e+00
5.147920175787688457e+00 8.598214991587885825e-01
