0.000000000000000000e+00 2.005515857613708164e+01 1.311249834861197350e+01 2.454050191763203159e+01 1.779271057651949095e-01
0.000000000000000000e+00 7.642465135136208843e-02 2.617931797776377323e+01 1.075270836454829748e+01 1.838702785839189602e+01
0.000000000000000000e+00 2.704941616481415068e+01 7.848788870602351864e+00 1.763044789076809238e+01 1.436101079884417153e+00
0.000000000000000000e+00 1.181076581481817822e+00 2.595951938381672264e+01 5.186353370382343009e+00 1.838702785839189602e+01
0.000000000000000000e+00 2.091951163007182402e+01 1.147896296768551316e+01 1.343053764932112770e+01 2.072459312228173811e+00
0.000000000000000000e+00 1.610806819096815090e+01 1.347554310796188837e+01 1.234652705154448959e+01 2.994097137771742467e+00
0.000000000000000000e+00 1.610806819096815090e+01 1.710550586862152755e+01 7.798759425743504892e+00 2.880129377323402462e+00
0.000000000000000000e+00 3.613734594417977064e+00 2.741142911174004482e+01 3.034821673517051455e+00 9.231470247899146386e+00
0.000000000000000000e+00 3.813899779914477151e+00 2.668547890129819322e+01 3.034821673517051455e+00 9.169150547975512211e+00
0.000000000000000000e+00 1.242282474199693709e+01 1.910199087307466925e+01 5.930225095332368745e+00 4.380035734934712544e+00
0.000000000000000000e+00 4.410924532417643488e-04 2.091951163007182402e+01 1.420143503818023767e+01 6.034031785024534855e+00
0.000000000000000000e+00 2.150217647233639617e+00 8.539178252823811377e+00 2.436543138994077751e+01 5.393223168125215849e+00
0.000000000000000000e+00 6.986556123260446505e+00 2.309476412715716265e+01 6.864241247166099846e+00 2.794745608697021044e+00
0.000000000000000000e+00 1.790354777106555615e-03 2.089616460205392201e+01 1.293094807194936813e+01 5.030297703008506538e+00
0.000000000000000000e+00 5.087509659770184989e+00 5.570216877936844391e+00 2.218745373354499506e+01 5.305329152710338114e+00
0.000000000000000000e+00 3.813899779914477151e+00 9.800072959114134008e+00 1.728691314044903038e+01 6.583653709684616828e+00
0.000000000000000000e+00 1.790354777106555615e-03 3.576474925089263479e+01 2.051068745950776484e-02 7.082186640674679838e-03
0.000000000000000000e+00 1.790354777106555615e-03 4.410924532417643488e-04 3.594183158682800894e+01 2.053970671742002402e-02
0.000000000000000000e+00 1.790354777106555615e-03 3.467576042269474357e+01 2.211567664190496746e-02 4.046694598643691410e-01
0.000000000000000000e+00 6.986556123260446505e+00 2.305545012666820526e+01 4.373124749949927725e+00 1.725055881168381829e-03
0.000000000000000000e+00 1.790354777106555615e-03 3.358677159449685234e+01 2.190970673119885248e-02 7.695671650620460567e-03
0.000000000000000000e+00 4.410924532417643488e-04 2.620893851586666434e-01 3.267493058178683185e+01 2.062517615933982112e-02
0.000000000000000000e+00 4.410924532417643488e-04 1.820117602287852077e-01 3.194896709493822584e+01 2.218199684911446520e-02
0.000000000000000000e+00 4.410924532417643488e-04 3.115051378612333499e-01 3.104153124322948898e+01 2.048140280055199200e-02
0.000000000000000000e+00 1.790354777106555615e-03 2.089616460205392201e+01 9.482483449322714364e+00 3.525358286955067588e-01
0.000000000000000000e+00 4.410924532417643488e-04 4.163911072649019718e-01 2.940800818281205053e+01 2.211567664190496746e-02
0.000000000000000000e+00 4.410924532417643488e-04 2.385378409251113477e-04 2.755277022359991079e+01 1.654694577706186553e+00
0.000000000000000000e+00 4.410924532417643488e-04 2.755277022359991079e+01 9.287020255742584052e-01 7.549316985177819891e-03
0.000000000000000000e+00 1.790354777106555615e-03 8.573514515888650545e-01 2.686703948206282888e+01 2.211567664190496746e-02
0.000000000000000000e+00 4.410924532417643488e-04 5.147211670263226679e+00 1.742942702002831012e+01 4.377776154683265197e+00
0.000000000000000000e+00 1.790354777106555615e-03 2.214776256053256454e+00 2.396310659188801395e+01 2.045185232913729334e-02
0.000000000000000000e+00 1.790354777106555615e-03 1.608802005634890975e+01 8.030598966972435804e+00 1.272908490378188651e+00
0.000000000000000000e+00 1.790354777106555615e-03 6.902173909234268656e+00 1.779237597765300904e+01 2.218199684911446520e-02
0.000000000000000000e+00 4.410924532417643488e-04 2.900539107199518796e+00 1.594467674481899522e+01 5.126266085525861271e+00
0.000000000000000000e+00 4.410924532417643488e-04 2.091951163007182402e+01 2.200025189187861052e+00 4.441624445237939145e-02
0.000000000000000000e+00 1.790354777106555615e-03 5.137536009337211773e+00 1.309250807787789483e+01 4.218775395360956360e+00
0.000000000000000000e+00 1.790354777106555615e-03 5.137536009337211773e+00 1.561444563969849320e+01 9.516574969761082414e-01
0.000000000000000000e+00 1.790354777106555615e-03 2.089616460205392201e+01 1.882426778288329161e-02 6.616327252035095023e-03
0.000000000000000000e+00 1.790354777106555615e-03 3.855831087830664750e+00 1.460248371486083308e+01 1.677801462899208174e+00
0.000000000000000000e+00 1.790354777106555615e-03 6.829559943902575370e+00 1.175030040212581461e+01 7.472038875412807535e-01
0.000000000000000000e+00 4.410924532417643488e-04 3.863941076288602172e+00 1.460248371486083308e+01 2.027094734423305900e-01
0.000000000000000000e+00 4.410924532417643488e-04 6.986556123260446505e+00 1.074360873602543442e+01 2.258832245102741221e-01
0.000000000000000000e+00 4.410924532417643488e-04 2.942445299741940801e+00 1.037675386114336007e+01 3.732500899878476552e+00
0.000000000000000000e+00 1.790354777106555615e-03 3.805789791456539728e+00 9.944632862477343238e+00 2.725766900964301964e+00
0.000000000000000000e+00 1.790354777106555615e-03 2.385378409251113477e-04 1.240579377601833500e+01 3.204763038838509548e+00
0.000000000000000000e+00 2.333798989075766865e-04 1.790354777106555615e-03 1.240579377601833500e+01 2.484468827226222754e+00
0.000000000000000000e+00 4.410924532417643488e-04 3.763858483540351685e+00 1.008868270065882022e+01 3.543936403067266538e-01
0.000000000000000000e+00 1.790354777106555615e-03 1.240579377601833500e+01 6.314392248462254997e-01 4.376391801652102509e-01
0.000000000000000000e+00 4.410924532417643488e-04 3.863941076288602172e+00 8.792171029522009462e+00 1.589146161720097344e-02
0.000000000000000000e+00 1.790354777106555615e-03 6.974787874565961943e+00 2.315437701255402825e+00 2.628193981875179386e+00
0.000000000000000000e+00 1.790354777106555615e-03 2.214776256053256454e+00 8.292046941562684736e+00 1.168037170559559579e+00
0.000000000000000000e+00 1.790354777106555615e-03 9.371257160408788423e+00 5.360032528296062582e-01 1.488876561801420362e+00
0.000000000000000000e+00 1.790354777106555615e-03 3.655665902334164663e+00 7.055007512721895857e+00 3.235818379654976651e-01
0.000000000000000000e+00 1.790354777106555615e-03 1.630126487945982472e+00 6.518636098175919713e+00 2.628527669548680556e+00
0.000000000000000000e+00 1.790354777106555615e-03 2.935653734325764042e+00 7.302390452289368561e+00 1.795254575268110109e-01
0.000000000000000000e+00 4.410924532417643488e-04 9.385577939879100384e+00 6.342629054645433362e-01 1.363896901630724801e-01
0.000000000000000000e+00 1.790354777106555615e-03 1.542880826326251897e+00 6.833870912095812322e+00 1.497292159286900848e+00
0.000000000000000000e+00 4.410924532417643488e-04 2.385378409251113477e-04 9.385577939879100384e+00 1.155984204055607451e-01
0.000000000000000000e+00 1.790354777106555615e-03 1.630126487945982472e+00 6.518636098175919713e+00 1.143789135528419765e+00
0.000000000000000000e+00 1.790354777106555615e-03 2.935653734325764042e+00 5.047454950875412294e+00 1.002549979725730234e+00
0.000000000000000000e+00 4.410924532417643488e-04 2.900539107199518796e+00 5.152609831616268288e+00 6.313670645680593552e-01
0.000000000000000000e+00 1.790354777106555615e-03 2.385378409251113477e-04 6.974787874565961943e+00 1.391892265600655376e+00
0.000000000000000000e+00 4.410924532417643488e-04 3.863941076288602172e+00 3.261105043549054283e+00 8.513330242500918299e-01
0.000000000000000000e+00 1.790354777106555615e-03 1.630126487945982472e+00 4.420939784561698893e+00 1.638557193223209252e+00
0.000000000000000000e+00 1.790354777106555615e-03 1.177187277986827318e+00 5.039436787882743296e+00 1.271609886976013959e+00
0.000000000000000000e+00 1.790354777106555615e-03 5.137536009337211773e+00 7.438719672777542868e-01 1.264813032703480555e+00
0.000000000000000000e+00 1.790354777106555615e-03 5.137536009337211773e+00 4.534161059509822511e-01 1.240248292738035385e+00
0.000000000000000000e+00 1.790354777106555615e-03 2.935653734325764042e+00 3.183935297525983810e+00 4.461805579285567092e-01
0.000000000000000000e+00 4.410924532417643488e-04 1.634839670590513938e+00 4.420939784561698893e+00 2.207432667668547399e-01
0.000000000000000000e+00 4.410924532417643488e-04 5.147211670263226679e+00 3.655802348615768693e-01 4.501544170287077873e-01
0.000000000000000000e+00 4.410924532417643488e-04 2.385378409251113477e-04 5.147211670263226679e+00 5.260300712826754266e-01
0.000000000000000000e+00 4.410924532417643488e-04 9.004065497982320920e-01 3.705550308924216552e+00 7.285768544970382399e-01
0.000000000000000000e+00 1.790354777106555615e-03 3.855831087830664750e+00 5.518257108871522654e-01 6.560360961883489050e-01
0.000000000000000000e+00 1.790354777106555615e-03 1.659208375152559256e+00 2.834256461054485143e+00 2.867572554315605537e-01
0.000000000000000000e+00 4.410924532417643488e-04 1.663921557797090722e+00 2.761642495722792745e+00 8.552945236364366613e-03
0.000000000000000000e+00 4.410924532417643488e-04 1.229073145198563921e+00 2.091441737218528996e+00 7.328570830915224210e-01
0.000000000000000000e+00 1.790354777106555615e-03 1.153188996128453603e+00 2.270491060570408060e+00 4.424012217647504408e-01
0.000000000000000000e+00 4.410924532417643488e-04 1.663921557797090722e+00 1.733259039100749854e+00 1.519818766025640977e-01
0.000000000000000000e+00 4.410924532417643488e-04 5.385105144837128988e-01 2.253371525232358064e+00 4.828501957057452221e-01
0.000000000000000000e+00 4.410924532417643488e-04 2.385378409251113477e-04 2.942445299741940801e+00 5.422357140013778914e-02
0.000000000000000000e+00 1.790354777106555615e-03 2.385378409251113477e-04 2.214776256053256454e+00 4.624056263229490704e-01
0.000000000000000000e+00 2.385378409251113477e-04 1.790354777106555615e-03 1.659208375152559256e+00 7.125445989607573916e-01
0.000000000000000000e+00 4.410924532417643488e-04 8.605788110403223001e-01 1.132780221099953133e+00 1.042648677742630536e-01
0.000000000000000000e+00 4.410924532417643488e-04 6.388072186032778266e-01 8.792006455675925869e-01 2.547871515139318310e-01
0.000000000000000000e+00 4.410924532417643488e-04 5.385105144837128988e-01 7.279463467960819445e-01 2.191534790910776853e-01
0.000000000000000000e+00 9.795895919791637596e-03 6.221021691846970736e-01 5.534530549462081117e-01 8.399646314118715609e-03
0.000000000000000000e+00 1.790354777106555615e-03 3.095029855735412228e-01 3.988775515257066417e-01 1.496506072824342060e-01
