5.775299684180856125e-02 3.618424339746082689e-03 1.006976322006506450e-03 5.457493716955453503e-05 7.828001673563993548e-05
5.740451190845146517e-02 3.917647252073106108e-03 1.061169137487599041e-03 6.625322918390078399e-05 7.569548176542314078e-05
5.804236810541555519e-02 3.619501813185351316e-03 1.005476023068671045e-03 5.461986794565051829e-05 7.867578910016746654e-05
5.609033057146120549e-02 3.819678391619579609e-03 7.799760371865816552e-04 4.570535836992744644e-05 8.333175042138507159e-05
5.881549449445796357e-02 3.681917296589383957e-03 1.004954467336217428e-03 5.503892116369589666e-05 7.958103988949597190e-05
5.321628634771696092e-02 3.665407722545083961e-03 1.036175106043541426e-03 5.402703820669729648e-05 7.252254551761254928e-05
5.765387210573993948e-02 4.094629527796793053e-03 1.081500384184244093e-03 6.721249403821210678e-05 7.578768787441718759e-05
5.543264415024951042e-02 3.743737067811070580e-03 1.027413785620152941e-03 5.469292141754255714e-05 7.470917239339432483e-05
5.434250692176013919e-02 3.901308486172358481e-03 1.050813804142579182e-03 6.448895843476699951e-05 7.197800048711694638e-05
5.167372900648679185e-02 4.491748037486246146e-03 1.099608379917583470e-03 5.164973342813158831e-05 7.522726779585895058e-05
5.190220157462330924e-02 4.550981171069381701e-03 1.118175840894737203e-03 5.230030052647916748e-05 7.589664690194911567e-05
4.338478333522809843e-02 3.751616225998353430e-03 9.258056069279040155e-04 4.721901179175144340e-05 6.706499168172047240e-05
5.278022504274672289e-02 5.450931737875548862e-03 1.118751686648296025e-03 5.205593230231711602e-05 7.604052990454972087e-05
7.911526754872720557e-02 4.604831775920396712e-03 1.826226284581155537e-03 1.097124690606105256e-04 8.909221383062470895e-05
4.298206253576145747e-02 3.794263795814760854e-03 9.345667376007947428e-04 4.748937844651265872e-05 6.652679559016165544e-05
4.276715681490958487e-02 3.793953147858361054e-03 9.347874272023235041e-04 4.744679552890657023e-05 6.642602862052325954e-05
6.568415707470690035e-02 4.451948166427285858e-03 1.723912848803184610e-03 1.037302621195431909e-04 7.461291511682846208e-05
4.193277960425559336e-02 3.757735302171819145e-03 9.625699129640945479e-04 4.792589882143949697e-05 6.679912291923014171e-05
4.212260363344920433e-02 3.795863341020304024e-03 9.435506968697822882e-04 4.755217414624337988e-05 6.620056053648038733e-05
4.038547272226462870e-02 3.752101325615384789e-03 9.876675046985310298e-04 4.821661016235202047e-05 6.748466994070322046e-05
4.156861477638888053e-02 3.797799221191933399e-03 9.557120000694532868e-04 4.778340918007913536e-05 6.613400548142680949e-05
3.918374665659098144e-02 3.606686025028382151e-03 1.003843489686547744e-03 4.855565285788869973e-05 6.651522400515377743e-05
3.955144298427698546e-02 3.687928789387056629e-03 1.008058111438486955e-03 4.860262322533731751e-05 6.715880393340691588e-05
3.971563425571252720e-02 3.709469219275530420e-03 1.009174561504698258e-03 4.861610963332356825e-05 6.739187611547233100e-05
3.989735107091934435e-02 3.747261914320859470e-03 9.946064871110250026e-04 4.835756093082746020e-05 6.755796159945242599e-05
4.123732366896327300e-02 3.792686266253063408e-03 9.501014039009764286e-04 4.747898731237529691e-05 6.614093470590071936e-05
4.260124639051100781e-02 3.767679688729757594e-03 9.961904923391760348e-04 4.850316099882160103e-05 6.811085001838843673e-05
3.957729543305794906e-02 3.751904519998154261e-03 9.921100342105081647e-04 4.827783368825947147e-05 6.732868539048467247e-05
3.972513505139343287e-02 3.735299545603666931e-03 1.001285759172292501e-03 4.843661045656188900e-05 6.802803704734198035e-05
3.947745674340743388e-02 3.708818088592572525e-03 9.982249769598713213e-04 4.832786962852853729e-05 6.791844483574207647e-05
3.953432384653553233e-02 3.733703514840351016e-03 9.914547527985276276e-04 4.820295129464942152e-05 6.753619960881577578e-05
4.085393911866996158e-02 3.857974641859889583e-03 9.553291300151144387e-04 4.754448799208476077e-05 6.575432166950837952e-05
3.977672656638923249e-02 3.713971704770472389e-03 9.966038204341398817e-04 4.821413935621169956e-05 6.809605736755496767e-05
4.051232920458131687e-02 3.744650289212534972e-03 9.923032050870700914e-04 4.817880025831771371e-05 6.813455783748508909e-05
3.975874777033944207e-02 3.724497845063857657e-03 9.872347632799798305e-04 4.807384468315076167e-05 6.750122174137569817e-05
3.988224796686757473e-02 3.730047845199247186e-03 9.870653378665262840e-04 4.807382417970570987e-05 6.745930126931658785e-05
4.154411050816173012e-02 3.790352340003902074e-03 1.007579540090185232e-03 4.857137070892257700e-05 6.888693800032078495e-05
4.031850365911474748e-02 3.962579662097236340e-03 9.728988921452608055e-04 4.789469855717952147e-05 6.561596055872160791e-05
4.117736343717429137e-02 3.754124715140036775e-03 1.011993991613852973e-03 4.869893929699261670e-05 6.856865204368769106e-05
4.107232161224896178e-02 3.730001811504491359e-03 1.015282317493427329e-03 4.882246057249882811e-05 6.825697812844049863e-05
4.012914321074272095e-02 3.713800917745540761e-03 9.982217623344087978e-04 4.838500009794059525e-05 6.744394456265333801e-05
4.122155566572667518e-02 3.730452331535190347e-03 1.015666994938032273e-03 4.885591650586862649e-05 6.820809592241856248e-05
4.083737482336968067e-02 3.957237047318362504e-03 9.978726319355764752e-04 4.860399645265485414e-05 6.566310155859580023e-05
4.056654446364934413e-02 3.712729474087376677e-03 1.010634531697434399e-03 4.876290243925750261e-05 6.741224052900578157e-05
4.226394990913329847e-02 3.849764477192429112e-03 1.031950303611598330e-03 4.967008705456522731e-05 6.594807223221458030e-05
3.921169425539440534e-02 3.880715885310431594e-03 1.027773200484164698e-03 4.946220274475233753e-05 6.618835883133824313e-05
4.170152237029745024e-02 3.658898164526240993e-03 1.119940166699972444e-03 5.216569849533910316e-05 6.619813778549290032e-05
4.164598681795023821e-02 3.723422323581370569e-03 1.041642229493328162e-03 4.972625157876977057e-05 6.727181697988738739e-05
4.392114065470369838e-02 3.834998180746276072e-03 1.112287184380298570e-03 5.202204781304223968e-05 6.615282372036589630e-05
4.293957119089648194e-02 4.089667185848452902e-03 1.059562138500534613e-03 5.051924631897509966e-05 6.532932894696168093e-05
4.222973441795883909e-02 4.086774528469701642e-03 1.050063152787960403e-03 5.017287229325084172e-05 6.538668719283682830e-05
4.151533323425634497e-02 3.756809854206476229e-03 1.057143708211097594e-03 5.021114237603222603e-05 6.675275416732058087e-05
4.129258355601168884e-02 3.883933030322895240e-03 1.110470338715757385e-03 5.192750929904552928e-05 6.612791685885146718e-05
4.301927467753645373e-02 3.754849315695232750e-03 1.179211736891423203e-03 5.396009575201333156e-05 6.613207164336295076e-05
4.136340823431493285e-02 3.818919753322864638e-03 1.063850287469069247e-03 5.043381347928342921e-05 6.636025910956341704e-05
4.164178643384602169e-02 3.823052673028525666e-03 1.069706826254943934e-03 5.062380317445202887e-05 6.628650445808563713e-05
4.366478469260153678e-02 4.088104868168078616e-03 1.104824143162047015e-03 5.183214370926229870e-05 6.530347067113847885e-05
4.459462016481676588e-02 3.831703398974957778e-03 1.164822230439753687e-03 5.342821782468313354e-05 6.616107647977403049e-05
4.268338530325863772e-02 3.804889806937732013e-03 1.107243976835943023e-03 5.174627155854342916e-05 6.640922980913087955e-05
4.373489142186405554e-02 4.085879330687074672e-03 1.120094675116022629e-03 5.225340422619762214e-05 6.542567587094837806e-05
4.345140786096570590e-02 4.264136813416350737e-03 1.102735189356573043e-03 5.172157918091979889e-05 6.521924959264172072e-05
4.185069688719741249e-02 3.934620704294785470e-03 1.089017754832528797e-03 5.121326812294674306e-05 6.589888857446659536e-05
4.224903221808957304e-02 3.937794044760262006e-03 1.100263703157319459e-03 5.156076259475593949e-05 6.585306552842720197e-05
4.514694512990482383e-02 4.088239387942142408e-03 1.179366743821759879e-03 5.403622023951655426e-05 6.531989908308424386e-05
4.641102626104449264e-02 4.032522466787868964e-03 1.236113342097573849e-03 5.568555266619537337e-05 6.548658511214951671e-05
4.636081905306517481e-02 4.060217716641108948e-03 1.236286840333759678e-03 5.568492848304971272e-05 6.543865989378453297e-05
4.470848411331924954e-02 4.078360309138548585e-03 1.253752100832225937e-03 5.618494328937432793e-05 6.604461783332584779e-05
4.397192714090984722e-02 3.891984854464781724e-03 1.180564181065414664e-03 5.394924771502783992e-05 6.597856412428150584e-05
4.515052019125331828e-02 4.475503888831396972e-03 1.174130986265181512e-03 5.384871982947105090e-05 6.498901305129928284e-05
4.547886754942962600e-02 4.476068167310938255e-03 1.187066050335721778e-03 5.423072012244188925e-05 6.502019174055427184e-05
4.563470326409013039e-02 4.685456463600183585e-03 1.181617618026547080e-03 5.406236366141637463e-05 6.486349470575840587e-05
4.445554180640483993e-02 4.077994335852103656e-03 1.191004575265323289e-03 5.428527678851957362e-05 6.564090688780460040e-05
4.450346152053093196e-02 4.090682647058393843e-03 1.203920552045688926e-03 5.466829069563420950e-05 6.559345982883210918e-05
4.744807545167070706e-02 4.478985334538640277e-03 1.277173135678788237e-03 5.688900762843644688e-05 6.499789040128876633e-05
4.773792580084357945e-02 4.687948420836732591e-03 1.271998211083210468e-03 5.669099404961737410e-05 6.489879369960540277e-05
4.556412216336650639e-02 4.259469595677645333e-03 1.245364105818291302e-03 5.592415713965722502e-05 6.530959901592469329e-05
4.692395831465589334e-02 4.126000567155113131e-03 1.309139099274268673e-03 5.765723835579714980e-05 6.557932916034480406e-05
4.716873496315730774e-02 4.201647350838636115e-03 1.313759877554430446e-03 5.784539682842912477e-05 6.538533685163835083e-05
4.802920974141684091e-02 4.700581219999348283e-03 1.382253697796709474e-03 5.979388574362636802e-05 6.599478866738695015e-05
4.843379135929456319e-02 4.402389339011842512e-03 1.357556596030004862e-03 5.903516927473274650e-05 6.521554801854640023e-05
4.937497750331245466e-02 4.658762280026493632e-03 1.379012127531995804e-03 5.959770472530446470e-05 6.499999585762056167e-05
5.493111955424603843e-02 4.677996597909846004e-03 1.658658690596809043e-03 6.768713140429676338e-05 6.607494365941077622e-05
5.465631169030381320e-02 4.825460302338176362e-03 1.644871142524439306e-03 6.732720821467174212e-05 6.605436303759814026e-05
9.082187141436809386e-02 6.950320359829667213e-03 2.980238877302699742e-03 1.391546461918421714e-04 6.502345002618923719e-05
5.778140771320133817e-02 5.237498412410119229e-03 1.754610331234221022e-03 7.047913412719752197e-05 6.607641753604106996e-05
5.599014953549517198e-02 5.259939993567383683e-03 1.642160472272332500e-03 6.713297165882412692e-05 6.495509274068855940e-05
6.309881172332930388e-02 5.697380881034153771e-03 1.895216741979104808e-03 7.448404421747547959e-05 6.501167018582829256e-05
