8.000000000000000444e-01 6.580000000000000293e-01 5.849999999999999645e-01 4.719999999999999751e-01 4.000000000000000222e-01 -2.000000000000000111e-01 -2.000000000000000111e-01 1.970000000000000084e-01 -1.189999999999999947e-01 2.000000000000000111e-01
8.000000000000000444e-01 6.760000000000000453e-01 6.760000000000000453e-01 5.380000000000000338e-01 4.000000000000000222e-01 -2.000000000000000111e-01 -2.000000000000000111e-01 -1.010000000000000064e-01 2.000000000000000111e-01 -2.000000000000000111e-01
8.000000000000000444e-01 6.580000000000000293e-01 5.849999999999999645e-01 4.699999999999999734e-01 4.000000000000000222e-01 -2.000000000000000111e-01 -2.000000000000000111e-01 1.970000000000000084e-01 -1.199999999999999956e-01 2.000000000000000111e-01
8.000000000000000444e-01 7.990000000000000435e-01 6.720000000000000417e-01 5.610000000000000542e-01 4.000000000000000222e-01 -2.000000000000000111e-01 1.990000000000000102e-01 -2.000000000000000111e-01 2.000000000000000111e-01 -2.000000000000000111e-01
8.000000000000000444e-01 6.720000000000000417e-01 5.769999999999999574e-01 4.620000000000000218e-01 4.000000000000000222e-01 -2.000000000000000111e-01 -2.000000000000000111e-01 1.970000000000000084e-01 -1.250000000000000000e-01 2.000000000000000111e-01
8.000000000000000444e-01 6.700000000000000400e-01 5.839999999999999636e-01 5.240000000000000213e-01 4.000000000000000222e-01 -2.000000000000000111e-01 -2.000000000000000111e-01 1.980000000000000093e-01 -1.110000000000000014e-01 2.000000000000000111e-01
8.000000000000000444e-01 6.939999999999999503e-01 6.690000000000000391e-01 5.360000000000000320e-01 4.000000000000000222e-01 -2.000000000000000111e-01 -2.000000000000000111e-01 -1.019999999999999934e-01 2.000000000000000111e-01 -2.000000000000000111e-01
8.000000000000000444e-01 6.820000000000000506e-01 5.769999999999999574e-01 4.939999999999999947e-01 4.000000000000000222e-01 -2.000000000000000111e-01 -2.000000000000000111e-01 1.980000000000000093e-01 -1.179999999999999938e-01 2.000000000000000111e-01
8.000000000000000444e-01 7.570000000000000062e-01 6.700000000000000400e-01 5.350000000000000311e-01 4.000000000000000222e-01 -2.000000000000000111e-01 -1.039999999999999952e-01 -2.000000000000000111e-01 2.000000000000000111e-01 -2.000000000000000111e-01
8.000000000000000444e-01 7.199999999999999734e-01 5.959999999999999742e-01 5.360000000000000320e-01 4.000000000000000222e-01 -2.000000000000000111e-01 -8.599999999999999312e-02 2.000000000000000111e-01 -2.000000000000000111e-01 2.000000000000000111e-01
8.000000000000000444e-01 7.059999999999999609e-01 5.769999999999999574e-01 5.360000000000000320e-01 4.000000000000000222e-01 -2.000000000000000111e-01 -8.500000000000000611e-02 2.000000000000000111e-01 -2.000000000000000111e-01 2.000000000000000111e-01
8.000000000000000444e-01 8.000000000000000444e-01 6.590000000000000302e-01 5.769999999999999574e-01 5.270000000000000240e-01 -2.000000000000000111e-01 2.000000000000000111e-01 -2.000000000000000111e-01 2.000000000000000111e-01 -1.100000000000000006e-01
7.910000000000000364e-01 7.059999999999999609e-01 5.769999999999999574e-01 5.240000000000000213e-01 4.000000000000000222e-01 -2.000000000000000111e-01 -8.500000000000000611e-02 2.000000000000000111e-01 -2.000000000000000111e-01 2.000000000000000111e-01
8.000000000000000444e-01 7.039999999999999591e-01 5.959999999999999742e-01 5.240000000000000213e-01 4.570000000000000173e-01 -2.000000000000000111e-01 -2.000000000000000111e-01 -1.029999999999999943e-01 2.000000000000000111e-01 -2.000000000000000111e-01
8.000000000000000444e-01 8.000000000000000444e-01 6.700000000000000400e-01 5.689999999999999503e-01 5.330000000000000293e-01 -2.000000000000000111e-01 2.000000000000000111e-01 -2.000000000000000111e-01 2.000000000000000111e-01 -1.110000000000000014e-01
8.000000000000000444e-01 8.000000000000000444e-01 6.700000000000000400e-01 5.719999999999999529e-01 5.380000000000000338e-01 -2.000000000000000111e-01 2.000000000000000111e-01 -2.000000000000000111e-01 2.000000000000000111e-01 -1.100000000000000006e-01
8.000000000000000444e-01 7.379999999999999893e-01 6.820000000000000506e-01 5.610000000000000542e-01 4.779999999999999805e-01 -2.000000000000000111e-01 -1.049999999999999961e-01 -2.000000000000000111e-01 2.000000000000000111e-01 -2.000000000000000111e-01
8.000000000000000444e-01 8.000000000000000444e-01 6.550000000000000266e-01 5.749999999999999556e-01 5.709999999999999520e-01 -2.000000000000000111e-01 2.000000000000000111e-01 -2.000000000000000111e-01 -1.029999999999999943e-01 2.000000000000000111e-01
8.000000000000000444e-01 8.000000000000000444e-01 6.700000000000000400e-01 5.749999999999999556e-01 5.570000000000000506e-01 -2.000000000000000111e-01 2.000000000000000111e-01 -2.000000000000000111e-01 2.000000000000000111e-01 -1.069999999999999979e-01
8.000000000000000444e-01 8.000000000000000444e-01 6.560000000000000275e-01 6.500000000000000222e-01 5.819999999999999618e-01 2.000000000000000111e-01 -2.000000000000000111e-01 -9.500000000000000111e-02 -2.000000000000000111e-01 2.000000000000000111e-01
8.000000000000000444e-01 8.000000000000000444e-01 6.700000000000000400e-01 5.759999999999999565e-01 5.729999999999999538e-01 -2.000000000000000111e-01 2.000000000000000111e-01 -2.000000000000000111e-01 -1.039999999999999952e-01 2.000000000000000111e-01
8.000000000000000444e-01 8.000000000000000444e-01 8.000000000000000444e-01 6.199999999999999956e-01 6.189999999999999947e-01 -1.039999999999999952e-01 -2.000000000000000111e-01 2.000000000000000111e-01 2.000000000000000111e-01 -2.000000000000000111e-01
8.000000000000000444e-01 8.000000000000000444e-01 7.900000000000000355e-01 6.129999999999999893e-01 6.129999999999999893e-01 -2.000000000000000111e-01 2.000000000000000111e-01 -1.000000000000000056e-01 2.000000000000000111e-01 -2.000000000000000111e-01
8.000000000000000444e-01 8.000000000000000444e-01 7.850000000000000311e-01 6.129999999999999893e-01 6.129999999999999893e-01 -2.000000000000000111e-01 2.000000000000000111e-01 -9.800000000000000377e-02 2.000000000000000111e-01 -2.000000000000000111e-01
8.000000000000000444e-01 8.000000000000000444e-01 6.820000000000000506e-01 6.530000000000000249e-01 5.799999999999999600e-01 -2.000000000000000111e-01 2.000000000000000111e-01 -9.400000000000000022e-02 -2.000000000000000111e-01 2.000000000000000111e-01
8.000000000000000444e-01 8.000000000000000444e-01 6.700000000000000400e-01 5.949999999999999734e-01 5.939999999999999725e-01 -2.000000000000000111e-01 2.000000000000000111e-01 -2.000000000000000111e-01 2.000000000000000111e-01 -1.019999999999999934e-01
8.000000000000000444e-01 8.000000000000000444e-01 6.360000000000000098e-01 6.360000000000000098e-01 6.330000000000000071e-01 -2.000000000000000111e-01 2.000000000000000111e-01 2.000000000000000111e-01 -2.000000000000000111e-01 -9.600000000000000200e-02
8.000000000000000444e-01 8.000000000000000444e-01 6.939999999999999503e-01 6.600000000000000311e-01 5.819999999999999618e-01 2.000000000000000111e-01 -2.000000000000000111e-01 -9.500000000000000111e-02 -2.000000000000000111e-01 2.000000000000000111e-01
8.000000000000000444e-01 8.000000000000000444e-01 7.139999999999999680e-01 6.440000000000000169e-01 5.849999999999999645e-01 2.000000000000000111e-01 -2.000000000000000111e-01 -9.400000000000000022e-02 -2.000000000000000111e-01 2.000000000000000111e-01
8.000000000000000444e-01 8.000000000000000444e-01 7.369999999999999885e-01 6.430000000000000160e-01 5.939999999999999725e-01 2.000000000000000111e-01 -2.000000000000000111e-01 -9.400000000000000022e-02 -2.000000000000000111e-01 2.000000000000000111e-01
8.000000000000000444e-01 8.000000000000000444e-01 7.069999999999999618e-01 6.550000000000000266e-01 5.899999999999999689e-01 -2.000000000000000111e-01 2.000000000000000111e-01 -9.500000000000000111e-02 -2.000000000000000111e-01 2.000000000000000111e-01
8.000000000000000444e-01 8.000000000000000444e-01 6.820000000000000506e-01 6.169999999999999929e-01 6.109999999999999876e-01 -2.000000000000000111e-01 2.000000000000000111e-01 -2.000000000000000111e-01 -1.010000000000000064e-01 2.000000000000000111e-01
8.000000000000000444e-01 8.000000000000000444e-01 7.369999999999999885e-01 6.380000000000000115e-01 6.059999999999999831e-01 2.000000000000000111e-01 -2.000000000000000111e-01 -9.400000000000000022e-02 -2.000000000000000111e-01 1.990000000000000102e-01
8.000000000000000444e-01 8.000000000000000444e-01 6.939999999999999503e-01 6.410000000000000142e-01 6.099999999999999867e-01 2.000000000000000111e-01 -2.000000000000000111e-01 -9.400000000000000022e-02 -2.000000000000000111e-01 2.000000000000000111e-01
8.000000000000000444e-01 8.000000000000000444e-01 7.109999999999999654e-01 6.550000000000000266e-01 6.079999999999999849e-01 2.000000000000000111e-01 -2.000000000000000111e-01 -9.400000000000000022e-02 -2.000000000000000111e-01 2.000000000000000111e-01
8.000000000000000444e-01 8.000000000000000444e-01 7.039999999999999591e-01 6.550000000000000266e-01 6.089999999999999858e-01 -2.000000000000000111e-01 2.000000000000000111e-01 -9.500000000000000111e-02 -2.000000000000000111e-01 2.000000000000000111e-01
8.000000000000000444e-01 8.000000000000000444e-01 6.939999999999999503e-01 6.260000000000000009e-01 6.260000000000000009e-01 2.000000000000000111e-01 -2.000000000000000111e-01 -9.199999999999999845e-02 2.000000000000000111e-01 -2.000000000000000111e-01
8.000000000000000444e-01 8.000000000000000444e-01 6.939999999999999503e-01 6.610000000000000320e-01 6.239999999999999991e-01 -2.000000000000000111e-01 2.000000000000000111e-01 -2.000000000000000111e-01 -1.000000000000000056e-01 2.000000000000000111e-01
8.000000000000000444e-01 8.000000000000000444e-01 7.139999999999999680e-01 6.310000000000000053e-01 6.310000000000000053e-01 -2.000000000000000111e-01 2.000000000000000111e-01 -9.299999999999999933e-02 2.000000000000000111e-01 -2.000000000000000111e-01
8.000000000000000444e-01 8.000000000000000444e-01 7.219999999999999751e-01 6.360000000000000098e-01 6.360000000000000098e-01 -2.000000000000000111e-01 2.000000000000000111e-01 -9.299999999999999933e-02 2.000000000000000111e-01 -2.000000000000000111e-01
8.000000000000000444e-01 8.000000000000000444e-01 7.229999999999999760e-01 6.550000000000000266e-01 6.280000000000000027e-01 2.000000000000000111e-01 -2.000000000000000111e-01 -9.500000000000000111e-02 -2.000000000000000111e-01 2.000000000000000111e-01
8.000000000000000444e-01 8.000000000000000444e-01 7.139999999999999680e-01 6.380000000000000115e-01 6.380000000000000115e-01 -2.000000000000000111e-01 2.000000000000000111e-01 -9.299999999999999933e-02 2.000000000000000111e-01 -2.000000000000000111e-01
8.000000000000000444e-01 8.000000000000000444e-01 6.939999999999999503e-01 6.760000000000000453e-01 6.430000000000000160e-01 -2.000000000000000111e-01 2.000000000000000111e-01 -2.000000000000000111e-01 -9.900000000000000466e-02 2.000000000000000111e-01
8.000000000000000444e-01 8.000000000000000444e-01 7.229999999999999760e-01 6.550000000000000266e-01 6.390000000000000124e-01 -2.000000000000000111e-01 2.000000000000000111e-01 -9.500000000000000111e-02 -2.000000000000000111e-01 2.000000000000000111e-01
8.000000000000000444e-01 8.000000000000000444e-01 6.820000000000000506e-01 6.600000000000000311e-01 6.600000000000000311e-01 -2.000000000000000111e-01 2.000000000000000111e-01 -2.000000000000000111e-01 2.000000000000000111e-01 -9.900000000000000466e-02
8.000000000000000444e-01 8.000000000000000444e-01 8.000000000000000444e-01 6.939999999999999503e-01 6.560000000000000275e-01 -2.000000000000000111e-01 -1.049999999999999961e-01 2.000000000000000111e-01 -2.000000000000000111e-01 2.000000000000000111e-01
8.000000000000000444e-01 8.000000000000000444e-01 8.000000000000000444e-01 6.820000000000000506e-01 6.700000000000000400e-01 2.000000000000000111e-01 -1.049999999999999961e-01 -2.000000000000000111e-01 2.000000000000000111e-01 -2.000000000000000111e-01
8.000000000000000444e-01 8.000000000000000444e-01 7.139999999999999680e-01 6.570000000000000284e-01 6.570000000000000284e-01 2.000000000000000111e-01 -2.000000000000000111e-01 -9.500000000000000111e-02 2.000000000000000111e-01 -2.000000000000000111e-01
8.000000000000000444e-01 8.000000000000000444e-01 6.820000000000000506e-01 6.800000000000000488e-01 6.800000000000000488e-01 -2.000000000000000111e-01 2.000000000000000111e-01 2.000000000000000111e-01 -9.800000000000000377e-02 -2.000000000000000111e-01
8.000000000000000444e-01 8.000000000000000444e-01 7.039999999999999591e-01 6.700000000000000400e-01 6.650000000000000355e-01 -2.000000000000000111e-01 2.000000000000000111e-01 -2.000000000000000111e-01 2.000000000000000111e-01 -1.010000000000000064e-01
8.000000000000000444e-01 8.000000000000000444e-01 7.039999999999999591e-01 6.820000000000000506e-01 6.660000000000000364e-01 -2.000000000000000111e-01 2.000000000000000111e-01 -2.000000000000000111e-01 -1.000000000000000056e-01 2.000000000000000111e-01
8.000000000000000444e-01 8.000000000000000444e-01 7.299999999999999822e-01 6.710000000000000409e-01 6.640000000000000346e-01 2.000000000000000111e-01 -2.000000000000000111e-01 -9.700000000000000289e-02 -2.000000000000000111e-01 2.000000000000000111e-01
8.000000000000000444e-01 8.000000000000000444e-01 8.000000000000000444e-01 6.939999999999999503e-01 6.810000000000000497e-01 -2.000000000000000111e-01 -1.049999999999999961e-01 2.000000000000000111e-01 -2.000000000000000111e-01 2.000000000000000111e-01
8.000000000000000444e-01 8.000000000000000444e-01 8.000000000000000444e-01 6.939999999999999503e-01 6.820000000000000506e-01 2.000000000000000111e-01 -1.049999999999999961e-01 -2.000000000000000111e-01 2.000000000000000111e-01 -2.000000000000000111e-01
8.000000000000000444e-01 8.000000000000000444e-01 7.399999999999999911e-01 6.820000000000000506e-01 6.670000000000000373e-01 -2.000000000000000111e-01 2.000000000000000111e-01 -9.800000000000000377e-02 -2.000000000000000111e-01 2.000000000000000111e-01
8.000000000000000444e-01 8.000000000000000444e-01 7.329999999999999849e-01 6.820000000000000506e-01 6.690000000000000391e-01 -2.000000000000000111e-01 2.000000000000000111e-01 -9.700000000000000289e-02 -2.000000000000000111e-01 2.000000000000000111e-01
8.000000000000000444e-01 8.000000000000000444e-01 7.039999999999999591e-01 6.810000000000000497e-01 6.810000000000000497e-01 2.000000000000000111e-01 -2.000000000000000111e-01 -2.000000000000000111e-01 2.000000000000000111e-01 -1.000000000000000056e-01
8.000000000000000444e-01 8.000000000000000444e-01 7.039999999999999591e-01 6.939999999999999503e-01 6.810000000000000497e-01 2.000000000000000111e-01 -2.000000000000000111e-01 -9.600000000000000200e-02 1.970000000000000084e-01 -2.000000000000000111e-01
8.000000000000000444e-01 8.000000000000000444e-01 7.299999999999999822e-01 6.790000000000000480e-01 6.790000000000000480e-01 2.000000000000000111e-01 -2.000000000000000111e-01 -9.700000000000000289e-02 2.000000000000000111e-01 -2.000000000000000111e-01
8.000000000000000444e-01 8.000000000000000444e-01 7.039999999999999591e-01 6.939999999999999503e-01 6.840000000000000524e-01 -2.000000000000000111e-01 2.000000000000000111e-01 -2.000000000000000111e-01 -9.900000000000000466e-02 2.000000000000000111e-01
8.000000000000000444e-01 8.000000000000000444e-01 7.139999999999999680e-01 6.939999999999999503e-01 6.800000000000000488e-01 -2.000000000000000111e-01 2.000000000000000111e-01 -2.000000000000000111e-01 -1.010000000000000064e-01 2.000000000000000111e-01
8.000000000000000444e-01 8.000000000000000444e-01 7.429999999999999938e-01 6.939999999999999503e-01 6.750000000000000444e-01 -2.000000000000000111e-01 2.000000000000000111e-01 -9.900000000000000466e-02 -2.000000000000000111e-01 2.000000000000000111e-01
8.000000000000000444e-01 8.000000000000000444e-01 7.369999999999999885e-01 6.939999999999999503e-01 6.780000000000000471e-01 2.000000000000000111e-01 -2.000000000000000111e-01 -9.800000000000000377e-02 -2.000000000000000111e-01 2.000000000000000111e-01
8.000000000000000444e-01 8.000000000000000444e-01 7.039999999999999591e-01 6.949999999999999512e-01 6.949999999999999512e-01 2.000000000000000111e-01 -2.000000000000000111e-01 -2.000000000000000111e-01 2.000000000000000111e-01 -9.900000000000000466e-02
8.000000000000000444e-01 8.000000000000000444e-01 7.039999999999999591e-01 6.999999999999999556e-01 6.989999999999999547e-01 -2.000000000000000111e-01 2.000000000000000111e-01 1.990000000000000102e-01 -2.000000000000000111e-01 -9.900000000000000466e-02
8.000000000000000444e-01 8.000000000000000444e-01 7.039999999999999591e-01 7.019999999999999574e-01 7.019999999999999574e-01 2.000000000000000111e-01 -2.000000000000000111e-01 1.990000000000000102e-01 -9.900000000000000466e-02 -2.000000000000000111e-01
8.000000000000000444e-01 8.000000000000000444e-01 8.000000000000000444e-01 7.059999999999999609e-01 7.059999999999999609e-01 -2.000000000000000111e-01 -1.049999999999999961e-01 2.000000000000000111e-01 1.990000000000000102e-01 -2.000000000000000111e-01
8.000000000000000444e-01 8.000000000000000444e-01 7.489999999999999991e-01 6.939999999999999503e-01 6.899999999999999467e-01 2.000000000000000111e-01 -2.000000000000000111e-01 -9.900000000000000466e-02 2.000000000000000111e-01 -2.000000000000000111e-01
8.000000000000000444e-01 8.000000000000000444e-01 7.229999999999999760e-01 7.059999999999999609e-01 6.939999999999999503e-01 -2.000000000000000111e-01 2.000000000000000111e-01 -2.000000000000000111e-01 -1.000000000000000056e-01 2.000000000000000111e-01
8.000000000000000444e-01 8.000000000000000444e-01 7.229999999999999760e-01 7.059999999999999609e-01 6.959999999999999520e-01 -2.000000000000000111e-01 2.000000000000000111e-01 -2.000000000000000111e-01 -1.010000000000000064e-01 2.000000000000000111e-01
8.000000000000000444e-01 8.000000000000000444e-01 7.299999999999999822e-01 7.049999999999999600e-01 6.949999999999999512e-01 -2.000000000000000111e-01 2.000000000000000111e-01 -2.000000000000000111e-01 -1.010000000000000064e-01 2.000000000000000111e-01
8.000000000000000444e-01 8.000000000000000444e-01 7.369999999999999885e-01 7.039999999999999591e-01 6.959999999999999520e-01 -2.000000000000000111e-01 2.000000000000000111e-01 -1.000000000000000056e-01 -2.000000000000000111e-01 2.000000000000000111e-01
8.000000000000000444e-01 8.000000000000000444e-01 7.489999999999999991e-01 7.049999999999999600e-01 6.979999999999999538e-01 -2.000000000000000111e-01 2.000000000000000111e-01 -1.000000000000000056e-01 -2.000000000000000111e-01 2.000000000000000111e-01
8.000000000000000444e-01 8.000000000000000444e-01 7.229999999999999760e-01 7.139999999999999680e-01 7.089999999999999636e-01 -2.000000000000000111e-01 2.000000000000000111e-01 -2.000000000000000111e-01 -1.000000000000000056e-01 1.990000000000000102e-01
8.000000000000000444e-01 8.000000000000000444e-01 7.299999999999999822e-01 7.089999999999999636e-01 7.089999999999999636e-01 2.000000000000000111e-01 -2.000000000000000111e-01 -2.000000000000000111e-01 1.980000000000000093e-01 -1.010000000000000064e-01
8.000000000000000444e-01 8.000000000000000444e-01 7.500000000000000000e-01 7.139999999999999680e-01 7.039999999999999591e-01 -2.000000000000000111e-01 2.000000000000000111e-01 -1.000000000000000056e-01 -2.000000000000000111e-01 2.000000000000000111e-01
8.000000000000000444e-01 8.000000000000000444e-01 7.550000000000000044e-01 7.139999999999999680e-01 7.069999999999999618e-01 2.000000000000000111e-01 -2.000000000000000111e-01 -1.000000000000000056e-01 1.960000000000000075e-01 -2.000000000000000111e-01
8.000000000000000444e-01 8.000000000000000444e-01 7.500000000000000000e-01 7.139999999999999680e-01 7.109999999999999654e-01 -2.000000000000000111e-01 2.000000000000000111e-01 -1.000000000000000056e-01 1.970000000000000084e-01 -2.000000000000000111e-01
8.000000000000000444e-01 8.000000000000000444e-01 8.000000000000000444e-01 7.299999999999999822e-01 7.229999999999999760e-01 -2.000000000000000111e-01 -1.049999999999999961e-01 2.000000000000000111e-01 -2.000000000000000111e-01 1.930000000000000049e-01
8.000000000000000444e-01 8.000000000000000444e-01 7.489999999999999991e-01 7.199999999999999734e-01 7.199999999999999734e-01 -2.000000000000000111e-01 2.000000000000000111e-01 -1.000000000000000056e-01 1.940000000000000058e-01 -2.000000000000000111e-01
8.000000000000000444e-01 8.000000000000000444e-01 7.429999999999999938e-01 7.289999999999999813e-01 7.229999999999999760e-01 -2.000000000000000111e-01 2.000000000000000111e-01 -1.000000000000000056e-01 -2.000000000000000111e-01 1.920000000000000040e-01
8.000000000000000444e-01 8.000000000000000444e-01 8.000000000000000444e-01 7.439999999999999947e-01 7.289999999999999813e-01 2.000000000000000111e-01 -1.049999999999999961e-01 -2.000000000000000111e-01 1.849999999999999978e-01 -2.000000000000000111e-01
8.000000000000000444e-01 8.000000000000000444e-01 8.000000000000000444e-01 7.429999999999999938e-01 7.329999999999999849e-01 -2.000000000000000111e-01 -1.049999999999999961e-01 2.000000000000000111e-01 1.859999999999999987e-01 -2.000000000000000111e-01
8.000000000000000444e-01 7.620000000000000107e-01 7.620000000000000107e-01 7.620000000000000107e-01 7.349999999999999867e-01 -2.000000000000000111e-01 -2.000000000000000111e-01 -1.029999999999999943e-01 2.000000000000000111e-01 1.680000000000000104e-01
8.000000000000000444e-01 8.000000000000000444e-01 8.000000000000000444e-01 7.489999999999999991e-01 7.419999999999999929e-01 2.000000000000000111e-01 -1.049999999999999961e-01 -2.000000000000000111e-01 1.829999999999999960e-01 -2.000000000000000111e-01
8.000000000000000444e-01 8.000000000000000444e-01 7.620000000000000107e-01 7.429999999999999938e-01 7.429999999999999938e-01 2.000000000000000111e-01 -2.000000000000000111e-01 -1.019999999999999934e-01 1.849999999999999978e-01 -2.000000000000000111e-01
8.000000000000000444e-01 8.000000000000000444e-01 7.620000000000000107e-01 7.550000000000000044e-01 7.500000000000000000e-01 -2.000000000000000111e-01 2.000000000000000111e-01 -1.019999999999999934e-01 1.799999999999999933e-01 -2.000000000000000111e-01
