2.330168156927471657e+01 5.895174798535314409e+01
2.349780375502424334e+01 5.307095992423653286e+01
2.462998054994919528e+01 4.621608387977823185e+01
2.480253425175810023e+01 4.836151944312103979e+01
2.496772593848722011e+01 4.766279507727215048e+01
2.416333782028241117e+01 4.495872780520463152e+01
2.430260786079283619e+01 4.286451474236542936e+01
2.436587363642687620e+01 4.140246833656313186e+01
2.472237665736393808e+01 4.021948042083212016e+01
2.588189434007971812e+01 3.892226948652010066e+01
2.575475584624177117e+01 3.740219882643120997e+01
2.472278327985340596e+01 3.573397131196631449e+01
2.514814211103489683e+01 2.504667792988939468e+01
2.492683232163058449e+01 3.287921942249631968e+01
2.500400484127100142e+01 3.145515944897003635e+01
2.502503703965119541e+01 2.984933858709363363e+01
2.515103088539931875e+01 2.488711050587224705e+01
2.514193380480148221e+01 2.411828180859155069e+01
2.525031306967902722e+01 2.549198535562085866e+01
2.562193855838894763e+01 2.393323946803280933e+01
2.569122261738668911e+01 2.245544763024452095e+01
2.516687466711556098e+01 2.035676729357330217e+01
2.600551097088617070e+01 1.244216148361947027e+01
2.585873949086549928e+01 1.793955700010052823e+01
2.578198764518567998e+01 1.636537874480971055e+01
2.556223951504517089e+01 7.986250740892191224e+00
2.530282747660622178e+01 1.341245080971189196e+01
2.601975418514191318e+01 1.143165878824404302e+01
2.534115073776269966e+01 1.048620605255336002e+01
2.546964501888344046e+01 8.996586848288430360e+00
2.558661375162017393e+01 7.219034783965609492e+00
2.617523054786061465e+01 5.625565504558235119e+00
2.619839748901258147e+01 4.470749959154222353e+00
2.601187476769081286e+01 2.968725377924750219e+00
2.669311584109686208e+01 1.483962060398670513e+00
