0.000000000000000000e+00 2.848680350825657115e+01 1.724602250304764439e+01 1.300879157416283682e+01 3.606388893825414055e-01
0.000000000000000000e+00 2.296993662757882859e+01 1.124479085852244209e+00 2.779653038726500469e+01 3.439485131363499093e+00
0.000000000000000000e+00 1.408889239400747673e-01 2.136364735292297468e+01 2.231838206276752956e+01 8.475784243997150469e+00
0.000000000000000000e+00 1.268000315460673100e-01 2.136364735292298889e+01 2.191259329798992539e+01 6.356838182997860187e+00
0.000000000000000000e+00 1.341279379791084203e+01 2.150680453321234964e+01 8.639101558896976840e+00 3.137775909314068912e+00
0.000000000000000000e+00 9.862224675805235374e-02 1.651797002502760847e+01 2.779653038726499403e+01 0.000000000000000000e+00
0.000000000000000000e+00 1.016647646055623611e+01 2.373864273948908732e+01 8.984665621252855061e+00 6.479093644674472907e-01
0.000000000000000000e+00 2.817778478801495345e-01 1.472852327231627712e+01 2.779653038726499403e+01 0.000000000000000000e+00
0.000000000000000000e+00 0.000000000000000000e+00 1.341279379791084203e+01 2.576758656337704068e+01 2.920340965628398067e+00
0.000000000000000000e+00 1.541536211464979100e+00 3.226020679981851202e+01 1.660515510942497830e+00 5.989777080835229306e+00
0.000000000000000000e+00 5.736115980982078311e-01 9.447272153311114806e+00 2.495600903382186431e+01 5.663691569703559914e+00
0.000000000000000000e+00 7.437615414921527446e+00 2.597048094576583210e+01 6.450529163976407077e+00 5.229718670366186734e-02
0.000000000000000000e+00 3.945165585649504369e-01 1.014707009059341303e+01 2.860810791682018461e+01 0.000000000000000000e+00
0.000000000000000000e+00 0.000000000000000000e+00 1.748151827648754875e+01 5.622395429261166200e+00 1.541997306154847891e+01
0.000000000000000000e+00 6.073534568098660769e-01 9.214006174217017175e+00 2.170969891560115528e+01 6.104965101620525303e+00
0.000000000000000000e+00 0.000000000000000000e+00 1.016647646055623611e+01 2.191259329798992539e+01 4.830590577287234844e+00
0.000000000000000000e+00 0.000000000000000000e+00 1.016647646055623611e+01 2.170969891560112330e+01 4.377722710666557937e+00
0.000000000000000000e+00 0.000000000000000000e+00 1.341279379791084203e+01 1.907207194454679922e+01 3.019119110804535211e+00
0.000000000000000000e+00 7.437615414921527446e+00 9.775458135149531214e-02 2.373864273948909442e+01 3.471986977425212118e+00
0.000000000000000000e+00 5.904825274540378421e-01 9.330639163764057997e+00 2.211548768037874524e+01 1.958196353349966889e+00
0.000000000000000000e+00 5.736115980982078311e-01 9.447272153311114806e+00 2.150680453321234964e+01 1.727820311779396434e+00
0.000000000000000000e+00 6.073534568098660769e-01 2.361406080289689768e+01 4.057887647775920925e+00 4.264490456632193727e+00
0.000000000000000000e+00 1.179315087821430019e+00 1.087433026647649648e+01 1.034761350182859374e+01 8.882018965459508308e+00
0.000000000000000000e+00 1.016647646055623611e+01 1.049696905923439783e+00 1.501418429677089783e+01 4.820728342279867462e+00
0.000000000000000000e+00 1.016647646055623611e+01 1.988364947410196137e+01 0.000000000000000000e+00 1.854126285492304349e-01
0.000000000000000000e+00 1.016647646055623611e+01 8.164309268293542532e-01 1.582576182632604223e+01 2.781189428238385553e+00
0.000000000000000000e+00 0.000000000000000000e+00 1.341279379791084203e+01 1.257945170810534385e+01 2.826096943555294061e+00
0.000000000000000000e+00 7.437615414921527446e+00 7.820366508120187854e-01 1.927496632693557999e+01 5.562378856476735134e-01
0.000000000000000000e+00 0.000000000000000000e+00 1.341279379791084203e+01 8.808419505842486785e+00 5.072359559719906485e+00
0.000000000000000000e+00 0.000000000000000000e+00 1.317952781881673374e+01 9.183245867793239370e+00 4.260782030164722123e+00
0.000000000000000000e+00 0.000000000000000000e+00 1.341279379791084203e+01 1.237655732571654355e+01 0.000000000000000000e+00
0.000000000000000000e+00 0.000000000000000000e+00 2.280930770011325137e+01 2.248958171704470210e+00 0.000000000000000000e+00
0.000000000000000000e+00 3.663368043817389896e-01 1.038033606968751954e+01 1.318813485527172702e+01 4.037281347936052533e-01
0.000000000000000000e+00 8.192356641434295206e-01 8.747474216028811256e+00 1.298524047288292671e+01 1.009320336984041777e+00
0.000000000000000000e+00 1.179315087821430019e+00 2.155251581216778334e+01 0.000000000000000000e+00 0.000000000000000000e+00
0.000000000000000000e+00 8.192356641434295206e-01 8.747474216028811256e+00 1.115919103138375768e+01 1.413048471777666570e+00
0.000000000000000000e+00 1.204406898200607534e+00 1.525974810923069036e+01 4.869465177331105288e+00 0.000000000000000000e+00
0.000000000000000000e+00 7.437615414921527446e+00 1.293150948730065686e+01 0.000000000000000000e+00 2.028943823888008924e-01
0.000000000000000000e+00 1.016647646055623611e+01 6.264528171157841996e+00 1.311892266827621167e+00 2.028943823887950693e+00
0.000000000000000000e+00 0.000000000000000000e+00 1.016647646055623611e+01 8.995832686817845314e+00 0.000000000000000000e+00
0.000000000000000000e+00 5.493429713785473290e+00 1.466318720272532961e+00 1.143220403949769270e+01 0.000000000000000000e+00
0.000000000000000000e+00 5.493429713785473290e+00 1.955091627030047130e+00 9.932898591694714341e+00 2.028943823887815467e-01
0.000000000000000000e+00 0.000000000000000000e+00 1.016647646055623611e+01 6.264528171157841996e+00 3.748263619507539723e-01
0.000000000000000000e+00 0.000000000000000000e+00 1.016647646055623611e+01 5.943270316226676009e+00 0.000000000000000000e+00
0.000000000000000000e+00 6.073534568098660769e-01 9.214006174217017175e+00 4.497609969036408195e+00 1.124479085852244209e+00
0.000000000000000000e+00 0.000000000000000000e+00 1.341279379791084203e+01 1.238847751877062642e+00 0.000000000000000000e+00
0.000000000000000000e+00 1.179315087821430019e+00 5.572011137035627115e+00 6.264528171157841996e+00 9.370659048768670285e-01
0.000000000000000000e+00 8.601974473506023289e-01 6.060784043793141507e+00 6.264528171157841996e+00 0.000000000000000000e+00
0.000000000000000000e+00 1.229498708579787714e+00 7.697777310105350601e+00 3.533836404242896911e+00 0.000000000000000000e+00
0.000000000000000000e+00 5.428031741002311783e+00 7.997435930023191197e-01 4.680091507091144187e+00 8.031446373279214068e-01
0.000000000000000000e+00 0.000000000000000000e+00 5.493429713785473290e+00 5.918939258968219264e+00 0.000000000000000000e+00
0.000000000000000000e+00 8.397165557470159802e-01 8.630841226481758000e+00 1.651797002502763512e+00 0.000000000000000000e+00
0.000000000000000000e+00 5.567406687423777090e-01 9.563905142858166286e+00 6.882487510428082489e-01 0.000000000000000000e+00
0.000000000000000000e+00 0.000000000000000000e+00 5.493429713785473290e+00 3.615622675958567456e+00 1.376497502085629598e+00
0.000000000000000000e+00 7.577929893326726951e-01 4.478564120812966287e+00 4.680091507091144187e+00 3.212578549311654874e-01
0.000000000000000000e+00 0.000000000000000000e+00 5.493429713785473290e+00 3.615622675958567456e+00 8.258985012513749835e-01
0.000000000000000000e+00 4.226667718202243434e-02 3.923419120909361624e+00 4.432053602787921598e+00 1.238847751877075742e+00
0.000000000000000000e+00 5.493429713785473290e+00 3.615622675958567456e+00 1.376497502085537450e-01 0.000000000000000000e+00
0.000000000000000000e+00 5.567406687423777090e-01 3.335296611941182654e+00 3.615622675958567456e+00 1.514147252294196333e+00
0.000000000000000000e+00 1.204406898200607534e+00 5.474256555684132053e+00 1.049696905923439783e+00 9.635482514599419401e-01
0.000000000000000000e+00 2.958667402741570474e-01 4.120072285339108298e+00 3.615622675958567456e+00 4.129492506256874917e-01
0.000000000000000000e+00 3.804266814733446855e-01 7.527102764065674023e+00 2.332659790940964373e-01 0.000000000000000000e+00
0.000000000000000000e+00 3.099556326681645047e-01 4.054674312555945903e+00 3.498989686411513311e+00 0.000000000000000000e+00
0.000000000000000000e+00 6.073534568098660769e-01 4.558538480113199398e+00 1.075300394866523623e+00 1.282962885017547405e+00
0.000000000000000000e+00 0.000000000000000000e+00 2.259213190333634103e+00 4.301201579466103375e+00 6.997979372823004418e-01
0.000000000000000000e+00 0.000000000000000000e+00 4.086894917613917322e+00 2.834882859193569971e+00 0.000000000000000000e+00
0.000000000000000000e+00 3.381570501985289856e-01 3.923878366989622002e+00 1.955091627030047130e+00 4.665319581882040323e-01
0.000000000000000000e+00 5.398697393865474758e-01 3.400694584724345049e+00 1.955091627030047130e+00 4.665319581882040323e-01
0.000000000000000000e+00 8.601974473506023289e-01 2.681316884109574694e+00 2.052846208381551740e+00 4.665319581882040323e-01
0.000000000000000000e+00 0.000000000000000000e+00 3.923419120909361624e+00 1.679461545304864023e+00 1.955091627030000057e-01
0.000000000000000000e+00 0.000000000000000000e+00 2.854414248515144692e+00 2.399230779006950254e+00 1.955091627030000057e-01
0.000000000000000000e+00 1.204406898200607534e+00 3.598846168510420718e+00 3.910183254060093927e-01 0.000000000000000000e+00
0.000000000000000000e+00 2.259213190333634103e+00 7.083951190530816122e-01 1.599487186004630690e+00 2.932637440545047269e-01
0.000000000000000000e+00 2.817778478801495345e-01 4.185470258122264475e+00 1.599487186004591999e-01 0.000000000000000000e+00
0.000000000000000000e+00 0.000000000000000000e+00 4.086894917613917322e+00 1.961939183494862127e-01 0.000000000000000000e+00
0.000000000000000000e+00 2.817778478801495623e-02 2.070945424472500740e+00 1.765745265145331366e+00 1.599487186004591999e-01
0.000000000000000000e+00 0.000000000000000000e+00 0.000000000000000000e+00 2.259213190333634103e+00 1.438755401229527386e+00
0.000000000000000000e+00 3.035646899214519578e+00 5.449193223485365029e-02 3.269515934091166143e-01 0.000000000000000000e+00
0.000000000000000000e+00 0.000000000000000000e+00 1.229498708579787714e+00 1.416790238106157895e+00 4.577858094821217194e-01
0.000000000000000000e+00 8.397165557470159802e-01 1.852725695984976273e+00 1.307959455663241510e-01 0.000000000000000000e+00
0.000000000000000000e+00 5.398697393865474758e-01 1.054299488822364461e+00 8.173789835227833755e-01 1.307959455663241510e-01
0.000000000000000000e+00 2.958667402741570474e-01 1.017413899566887991e+00 5.436979520981237712e-01 3.814435256439648869e-01
0.000000000000000000e+00 6.073534568098660769e-01 9.036852761334552842e-01 4.359354578788185997e-01 0.000000000000000000e+00
0.000000000000000000e+00 8.806783389541884555e-01 3.391379665222949424e-01 1.506142126889092048e-01 2.718489760490596652e-01
0.000000000000000000e+00 0.000000000000000000e+00 5.736115980982078311e-01 6.166144845859922174e-01 1.882677658611336957e-01
0.000000000000000000e+00 8.806783389541884555e-01 7.527543113753749904e-02 0.000000000000000000e+00 1.233228969171984435e-01
0.000000000000000000e+00 3.945165585649504369e-01 3.072133740537863478e-01 5.018362075835747921e-02 5.018362075836003272e-02
0.000000000000000000e+00 0.000000000000000000e+00 3.804266814733446855e-01 1.349674348466373131e-01 0.000000000000000000e+00
0.000000000000000000e+00 0.000000000000000000e+00 5.635556957602991246e-02 1.972444935161047075e-01 0.000000000000000000e+00
