0.000000000000000000e+00 2.047728642671598465e+01 1.327819680393382029e+01 1.532072317306283438e+01 1.566271686891530512e+00
0.000000000000000000e+00 1.535721786486357843e+01 1.977415281223727020e-02 2.505485292846401180e+01 8.605148463870035513e+00
0.000000000000000000e+00 2.047728642671598465e+01 1.327819680393382029e+01 1.559170396626904953e+01 1.522808877234253178e+00
0.000000000000000000e+00 1.065467464950594842e-02 1.571435898673872877e+01 2.017527348902948958e+01 1.291241757630812614e+01
0.000000000000000000e+00 1.585203220470291896e+01 1.727130328050179386e+01 1.194573711572837915e+01 1.348973914391649043e+00
0.000000000000000000e+00 1.609943937462258390e+01 1.563780212904428879e+01 8.139807958634346363e+00 4.525401261400444852e+00
0.000000000000000000e+00 9.379414205530666848e+00 3.624568671439195366e+00 2.414752859081095338e+01 6.545100384966683116e+00
0.000000000000000000e+00 1.241549452996434688e+01 1.908635737007613642e+01 8.623972662350235296e+00 2.094482128120886522e+00
0.000000000000000000e+00 8.591897395622691835e-01 1.076743124881095426e+01 2.453121089266037202e+01 6.497005358264152264e+00
0.000000000000000000e+00 4.784835154963738013e+00 2.251169191230280830e+01 8.139779902493113894e+00 6.548083083925974712e+00
0.000000000000000000e+00 6.836263080125388747e+00 2.341918700226533545e+01 4.264190594859079475e+00 6.548083083925974712e+00
0.000000000000000000e+00 1.209625596275486865e-03 2.031692837007788910e+01 1.491169223676729594e+01 5.198450802088544265e+00
8.372707065889128941e-02 6.182973512382768710e+00 2.341918700226533545e+01 5.509870871165031048e+00 4.528701139346217985e+00
0.000000000000000000e+00 6.981491010788774432e+00 1.963090253054235745e+01 9.761605831989601967e+00 2.447153160911496261e+00
0.000000000000000000e+00 1.209625596275486865e-03 1.608544321020555046e+01 1.836027419953901330e+01 3.745222961981884868e+00
0.000000000000000000e+00 1.209625596275486865e-03 1.608544321020555046e+01 1.781577978544007124e+01 3.537585642640860506e+00
0.000000000000000000e+00 2.182893133220637605e+00 5.889546094417681843e+00 2.199032757860383214e+01 6.659795535659306154e+00
0.000000000000000000e+00 1.209625596275486865e-03 2.089316373936771853e+01 1.454864573383021487e+01 5.482037198275607759e-01
0.000000000000000000e+00 1.209625596275486865e-03 1.608544321020555046e+01 1.727128537134112207e+01 1.876653779343912865e+00
0.000000000000000000e+00 2.676677690172005295e-04 2.076540411136090114e+01 1.013540758765475891e+00 1.237059991098550249e+01
0.000000000000000000e+00 1.209625596275486865e-03 1.608544321020555046e+01 1.708978723330814375e+01 4.128154054595530309e-01
0.000000000000000000e+00 3.014583902793162968e-04 1.209625596275486865e-03 3.267550015070893465e+01 1.938967110235163271e-01
0.000000000000000000e+00 1.209625596275486865e-03 9.332917736949986054e-02 3.213156495821485947e+01 1.346543454326867319e-02
0.000000000000000000e+00 1.209625596275486865e-03 1.589323655477160036e-01 3.122396857363157352e+01 1.346543454326867319e-02
0.000000000000000000e+00 1.209625596275486865e-03 1.240360473549994502e+01 4.872376375226380674e+00 1.327813220791820648e+01
0.000000000000000000e+00 1.209625596275486865e-03 1.608544321020555046e+01 1.364132261068149177e+01 1.787183848493154315e-01
0.000000000000000000e+00 1.209625596275486865e-03 2.752208295370254021e+01 1.299002071090333589e-02 5.730000012387583830e-01
0.000000000000000000e+00 2.676677690172005295e-04 9.379414205530666848e+00 4.903728974480475067e+00 1.418571162790322404e+01
0.000000000000000000e+00 2.676677690172005295e-04 5.143047217921989045e+00 1.175133684021697711e+01 1.073702726353320891e+01
0.000000000000000000e+00 2.676677690172005295e-04 2.218018772016797424e+00 1.577793706106617400e+01 8.922030199100390746e+00
0.000000000000000000e+00 1.209625596275486865e-03 6.755433370697958573e+00 7.496711003829157782e+00 1.182617366333548858e+01
0.000000000000000000e+00 1.209625596275486865e-03 1.240360473549994502e+01 1.182643184875686515e+01 1.091679120313453266e+00
0.000000000000000000e+00 2.676677690172005295e-04 2.218018772016797424e+00 1.661686049237577834e+01 5.836480170555745417e+00
0.000000000000000000e+00 2.676677690172005295e-04 9.379414205530666848e+00 8.899142917336764214e+00 5.655031689367746139e+00
0.000000000000000000e+00 2.676677690172005295e-04 6.473193253466924091e+00 8.072819144326583540e+00 8.559207178741814914e+00
0.000000000000000000e+00 1.209625596275486865e-03 6.973275266693038432e+00 7.064553798006903307e+00 8.377709040708834820e+00
0.000000000000000000e+00 2.676677690172005295e-04 9.379414205530666848e+00 1.234871415518414217e+01 1.323845619395477846e-02
0.000000000000000000e+00 1.209625596275486865e-03 9.369416468192339309e+00 4.777039410018853793e+00 6.723462943208156517e+00
0.000000000000000000e+00 1.209625596275486865e-03 5.136292367970312966e+00 1.507115370996494086e+01 1.311659791473353612e-02
0.000000000000000000e+00 1.209625596275486865e-03 4.658676284025979442e+00 1.443570519192204316e+01 1.299002071090333589e-02
0.000000000000000000e+00 2.676677690172005295e-04 3.860450497125139879e+00 9.801532718332211402e+00 4.929244418082181944e+00
0.000000000000000000e+00 1.209625596275486865e-03 5.136292367970312966e+00 1.275792999805858052e+01 1.293805927207646207e-02
0.000000000000000000e+00 1.209625596275486865e-03 9.369416468192339309e+00 2.246498491099727879e+00 5.544142795975193216e+00
0.000000000000000000e+00 1.209625596275486865e-03 3.854788686985028523e+00 9.801532718332211402e+00 2.711174031383029259e+00
0.000000000000000000e+00 1.209625596275486865e-03 1.240360473549994502e+01 3.192354402762010768e+00 1.138489263898369297e-02
0.000000000000000000e+00 1.209625596275486865e-03 3.070817425612107723e-04 9.369416468192339309e+00 5.497333621631144140e+00
0.000000000000000000e+00 2.676677690172005295e-04 3.070817425612107723e-04 1.241549452996434688e+01 1.492346676708837583e+00
0.000000000000000000e+00 2.676677690172005295e-04 5.143047217921989045e+00 8.216956383445504386e+00 1.146854928559638831e-02
0.000000000000000000e+00 1.209625596275486865e-03 1.240360473549994502e+01 2.553108271104915783e-01 5.240252051540626732e-03
0.000000000000000000e+00 1.209625596275486865e-03 6.973275266693038432e+00 4.225758028756829709e+00 7.298194541384748213e-01
0.000000000000000000e+00 1.209625596275486865e-03 6.973275266693038432e+00 2.328757440314129568e+00 2.311247292582351065e+00
0.000000000000000000e+00 2.676677690172005295e-04 2.939522176379688378e+00 7.303380537191258348e+00 1.031407057634267987e+00
0.000000000000000000e+00 1.209625596275486865e-03 3.070817425612107723e-04 9.369416468192339309e+00 1.627980566300553544e+00
0.000000000000000000e+00 2.676677690172005295e-04 3.070817425612107723e-04 9.379414205530666848e+00 1.267502514926228674e+00
0.000000000000000000e+00 1.209625596275486865e-03 2.108667644080576054e+00 6.099162282565776749e+00 2.183942506504810144e+00
0.000000000000000000e+00 1.209625596275486865e-03 2.809062216672783219e+00 5.363534851038410878e+00 1.895824821859895204e+00
0.000000000000000000e+00 2.676677690172005295e-04 6.981491010788774432e+00 2.865018594198648572e+00 7.927406437763748551e-03
0.000000000000000000e+00 2.676677690172005295e-04 6.981491010788774432e+00 8.871796335766896080e-01 1.615629442135023242e+00
0.000000000000000000e+00 2.676677690172005295e-04 2.939522176379688378e+00 6.313751857512581722e+00 7.974479118403710043e-03
0.000000000000000000e+00 1.209625596275486865e-03 6.973275266693038432e+00 8.978085457351617782e-01 1.055346966469257408e+00
0.000000000000000000e+00 1.209625596275486865e-03 5.136292367970312966e+00 1.781431440280625500e+00 1.737307571823172303e+00
0.000000000000000000e+00 1.209625596275486865e-03 1.658602575822538006e+00 4.333351699236303034e+00 2.370202076059563012e+00
0.000000000000000000e+00 2.676677690172005295e-04 2.218018772016797424e+00 3.803146090041101157e+00 1.999091321180057834e+00
0.000000000000000000e+00 2.676677690172005295e-04 6.981491010788774432e+00 8.094446259220663409e-01 6.440800899423991012e-03
0.000000000000000000e+00 1.209625596275486865e-03 6.973275266693038432e+00 3.586738621447257414e-01 1.025346905893286809e-01
0.000000000000000000e+00 2.676677690172005295e-04 6.981491010788774432e+00 1.819460225185347280e-01 3.738920419228046119e-03
0.000000000000000000e+00 1.209625596275486865e-03 3.070817425612107723e-04 6.828047336029651859e+00 5.179627580265923001e-03
0.000000000000000000e+00 2.676677690172005295e-04 1.227399169728634609e+00 4.863490877788440692e+00 4.268092187589035413e-01
0.000000000000000000e+00 1.209625596275486865e-03 3.854788686985028523e+00 1.246041911953022829e+00 1.064155068508760404e+00
0.000000000000000000e+00 1.209625596275486865e-03 3.854788686985028523e+00 1.246041911953022829e+00 8.874928333374608735e-01
0.000000000000000000e+00 1.209625596275486865e-03 2.934780794300049234e+00 1.826923519430650122e+00 8.874969296650881967e-01
0.000000000000000000e+00 1.209625596275486865e-03 2.214044560469055511e+00 2.399239005855757778e+00 7.210807061089707926e-01
0.000000000000000000e+00 1.209625596275486865e-03 1.224683938001719374e+00 3.197921948969941308e+00 6.327159889495691525e-01
0.000000000000000000e+00 1.209625596275486865e-03 3.854788686985028523e+00 5.468591249549178412e-01 3.661538084097207824e-01
0.000000000000000000e+00 2.676677690172005295e-04 2.939522176379688378e+00 1.536467658103878087e+00 4.185579391561633847e-03
0.000000000000000000e+00 1.209625596275486865e-03 1.200685656143346325e+00 2.151657567926835934e+00 7.377700636686532754e-01
0.000000000000000000e+00 2.676677690172005295e-04 8.990174783201789754e-01 2.450140083547431402e+00 5.123575066837121605e-01
0.000000000000000000e+00 1.209625596275486865e-03 1.200685656143346325e+00 2.151657567926835934e+00 2.219238527705235664e-01
0.000000000000000000e+00 1.209625596275486865e-03 3.070817425612107723e-04 2.934780794300049234e+00 3.582654643457121035e-01
0.000000000000000000e+00 1.209625596275486865e-03 1.224683938001719374e+00 1.733748782009744360e+00 3.220723372595467923e-03
0.000000000000000000e+00 1.209625596275486865e-03 1.658602575822538006e+00 7.026071699970820594e-01 3.082275218110863690e-01
0.000000000000000000e+00 2.676677690172005295e-04 3.070817425612107723e-04 1.632811093457769092e+00 7.529095664753621131e-01
0.000000000000000000e+00 1.209625596275486865e-03 3.070817425612107723e-04 1.658602575822538006e+00 4.210009962837642505e-01
0.000000000000000000e+00 6.376412030290397048e-01 3.099326776073626274e-03 8.151375874823456064e-04 1.133333230700000360e+00
0.000000000000000000e+00 2.676677690172005295e-04 3.070817425612107723e-04 1.227399169728634609e+00 2.474258941529048628e-01
0.000000000000000000e+00 2.676677690172005295e-04 6.376412030290397048e-01 5.537252557803551412e-01 1.616005922997384254e-03
0.000000000000000000e+00 1.209625596275486865e-03 6.357498954572612382e-01 1.401978334134070803e-01 1.209943726501652994e-01
