1.873571374030287728e+01 4.247912317575200092e+01
1.873571374030287728e+01 4.247912317575200092e+01
1.873571374030287728e+01 4.247912317575200092e+01
1.873571374030287728e+01 4.247912317575200092e+01
1.873571374030287728e+01 4.247912317575200092e+01
1.873571374030287728e+01 4.247912317575200092e+01
1.873571374030287728e+01 4.247912317575200092e+01
1.886330329483354973e+01 3.933632171966110747e+01
1.891905937624422052e+01 3.788642433629354400e+01
1.902238086889650504e+01 3.752788021041260436e+01
1.923661334337421280e+01 3.697044526161020883e+01
1.932482853348938434e+01 3.589013144468431449e+01
1.967297975877658445e+01 3.437733036954063692e+01
1.990096278299076715e+01 3.265042983224668660e+01
2.074952351045129006e+01 3.131699867858161923e+01
3.663687474905258057e+01 3.062272235268713061e+01
3.454456687370934276e+01 3.033225073099054114e+01
3.939580867654235874e+01 2.972776135131467612e+01
3.702783183287908741e+01 3.026344027049549013e+01
4.111971037784466887e+01 2.920536071694917979e+01
2.087646304826476040e+01 2.120182340294266865e+01
2.079452599010150138e+01 2.068537393976334471e+01
2.099342607341314704e+01 1.943657222912684546e+01
2.085829756186017647e+01 1.771218079144781399e+01
2.105482666100138189e+01 1.570911704007976439e+01
2.122320190867138123e+01 1.434725159225954805e+01
2.092103891000410698e+01 1.328003464273034062e+01
2.115838449986464909e+01 1.173784324898826803e+01
2.089291808999325539e+01 1.046111808224351769e+01
2.103481860113402035e+01 8.247841386543099063e+00
2.162417092906546046e+01 7.475071179583866687e+00
2.141284096944145077e+01 5.840812289167660154e+00
2.130298960637431804e+01 4.362625802623444571e+00
2.181618678675151557e+01 2.879552692696964122e+00
2.208626682946563236e+01 1.485400972451440316e+00
