0.000000000000000000e+00 3.628876788826461246e-03 3.724867960637767261e+00 7.450181357511761471e-01 7.558902969872008271e+00 1.207511634739550255e+00 3.267766192553386961e+00 2.033855209821018306e+00 2.080504473586286451e+01 3.003812429992440247e+00 4.864241210897248674e-02 7.429619036279206355e-03 7.264299858770628671e-02
0.000000000000000000e+00 3.628876788826461246e-03 3.724867960637767261e+00 7.450181357511761471e-01 7.558902969872008271e+00 1.207511634739550255e+00 3.267766192553386961e+00 2.033855209821018306e+00 2.080504473586286451e+01 3.003812429992440247e+00 4.864241210897248674e-02 7.429619036279206355e-03 7.264299858770628671e-02
0.000000000000000000e+00 3.628876788826461246e-03 3.724867960637767261e+00 7.450181357511761471e-01 7.558902969872008271e+00 1.207511634739550255e+00 3.267766192553386961e+00 2.033855209821018306e+00 2.080504473586286451e+01 3.003812429992440247e+00 4.864241210897248674e-02 7.429619036279206355e-03 7.264299858770628671e-02
0.000000000000000000e+00 3.628876788826461246e-03 3.724867960637767261e+00 7.450181357511761471e-01 7.558902969872008271e+00 1.207511634739550255e+00 3.267766192553386961e+00 2.033855209821018306e+00 2.080504473586286451e+01 3.003812429992440247e+00 4.864241210897248674e-02 7.429619036279206355e-03 7.264299858770628671e-02
0.000000000000000000e+00 3.628876788826461246e-03 3.724867960637767261e+00 7.450181357511761471e-01 7.558902969872008271e+00 1.207511634739550255e+00 3.267766192553386961e+00 2.033855209821018306e+00 2.080504473586286451e+01 3.003812429992440247e+00 4.864241210897248674e-02 7.429619036279206355e-03 7.264299858770628671e-02
0.000000000000000000e+00 3.628876788826461246e-03 3.724867960637767261e+00 7.450181357511761471e-01 7.558902969872008271e+00 1.207511634739550255e+00 3.267766192553386961e+00 2.033855209821018306e+00 2.080504473586286451e+01 3.003812429992440247e+00 4.864241210897248674e-02 7.429619036279206355e-03 7.264299858770628671e-02
0.000000000000000000e+00 3.628876788826461246e-03 3.724867960637767261e+00 7.450181357511761471e-01 7.558902969872008271e+00 1.207511634739550255e+00 3.267766192553386961e+00 2.033855209821018306e+00 2.080504473586286451e+01 3.003812429992440247e+00 4.864241210897248674e-02 7.429619036279206355e-03 7.264299858770628671e-02
0.000000000000000000e+00 3.508093988962766602e-03 1.335800824654198408e-02 3.724926893593142552e+00 2.077101852930773318e-01 9.144794818503466871e+00 4.936004740201913599e+00 1.394393139778250124e+01 5.886643603536296787e+00 1.238051269276058797e+00 1.378100745974127073e-01 9.442905592236514045e-02 5.153578719371274160e-03
0.000000000000000000e+00 3.628876788826461246e-03 2.867887188115138208e+00 1.850041337873155944e+00 6.840051688327254631e+00 5.357482590493760632e-01 2.428153550529834614e+00 1.383205167369862210e+01 8.121212799375296498e+00 1.196550435888874997e+00 1.118204467563463367e-01 9.409432242516355127e-02 5.183757465662014799e-03
0.000000000000000000e+00 3.628876788826461246e-03 2.825980995572716203e+00 1.043444082285726271e+00 1.721356905652885461e+00 9.811437135681501331e+00 1.126143756451259081e+00 1.177545813853522638e+01 6.979617958189040294e+00 1.920962440360214352e+00 2.214211354687048439e-01 5.901430869942411034e-02 3.941447672707885236e-02
0.000000000000000000e+00 3.628876788826461246e-03 1.670202332814073154e+00 2.430738562376825396e+00 9.644398186863474720e+00 4.029669606772988466e+00 8.705877150980786183e+00 6.971209889105979052e+00 2.608340761339720704e+00 7.986907261076283682e-01 3.231397087144709246e-02 3.395869751319100655e-02 4.141650007526660737e-02
0.000000000000000000e+00 1.326776483887566645e-02 1.641296162580453855e+00 2.358124597045132109e+00 9.812172016018701370e+00 1.543798648582174637e+00 9.111232964322034888e+00 7.887511641056544676e+00 2.761962998738189512e+00 7.037021929063841386e-01 3.232268708239058319e-02 5.159808327224904394e-03 1.957996318620148710e-02
0.000000000000000000e+00 2.266101609752991380e-02 1.162316923629920229e+00 3.374541181379815846e+00 6.983440262236485729e+00 6.563774032610892206e+00 8.165809550405306538e+00 5.126872374588645975e+00 2.222767330203712088e+00 6.228027709190159245e-01 4.985255873756060802e-02 4.847164710050892028e-02 3.402072163124675308e-02
0.000000000000000000e+00 8.450625827177338234e-01 2.416074894089049518e+00 2.074368831259942869e+00 5.398795278046698343e+00 5.481012488022666496e+00 5.815545792473263198e+00 4.907597717761073675e+00 3.465595434213373682e+00 1.583764914065030061e+00 4.481430991061363667e-01 1.100583408230949994e-01 1.044104596686307312e-01
0.000000000000000000e+00 1.114033189009618452e+00 1.474020508712167610e+00 2.424390003922916481e+00 1.623905464389406639e+00 7.917053051549344467e+00 7.296840629520608523e+00 2.738993632250059207e+00 3.264569298161522415e+00 1.572074589143970913e+00 7.446434835162418775e-01 7.659881252947886576e-01 3.804867031109733788e-01
0.000000000000000000e+00 8.172708331250694291e-01 1.091288286983242317e+00 1.963601913452579950e+00 2.421732671942368853e+00 1.613311775055123576e+00 5.040988152733184791e+00 8.539397798162401187e+00 2.174610318277716114e+00 3.119123956683113263e+00 2.247598612109309446e+00 1.369622051417466846e+00 2.241759827455571952e-01
0.000000000000000000e+00 7.973569637461144222e-01 1.174939823625437141e+00 2.035669164389441121e+00 4.211528887759410367e+00 5.544062609106982009e+00 7.450334451631594135e+00 2.581103625646878452e+00 3.223332183281437224e+00 9.380048687566338028e-01 9.641867077787515949e-01 9.141574279062409936e-01 4.975740173616216011e-01
0.000000000000000000e+00 8.967863300172943530e-01 1.049257390590042194e+00 1.891018521259666185e+00 2.316182005045863246e+00 3.895615184022839017e+00 2.692609078658222632e+00 8.358793384420140526e+00 2.174610318277716114e+00 3.015317266990952927e+00 1.498843231377058993e+00 1.351722019436853550e+00 5.870066212180296006e-01
0.000000000000000000e+00 3.996353152373371409e-01 5.529730276373510112e-01 2.091912656156083017e+00 1.594055140963406947e+00 3.221323056722955602e+00 5.209196268353000647e+00 7.813182736159411945e+00 4.748916991094619178e+00 2.007861476140301527e+00 1.733931140551416616e+00 5.135122190335571490e-01 3.769402424460500667e-01
0.000000000000000000e+00 6.024151432343677337e-01 9.496801098026140808e-01 2.399243783636457295e+00 2.316182005045863246e+00 3.895615184022839017e+00 7.631634176970932160e+00 2.831804315820629192e+00 2.580318183733214976e+00 3.222930646375278929e+00 1.374201164708548140e+00 1.133103398954719898e+00 2.682326046437144007e-01
0.000000000000000000e+00 3.628876788826461246e-03 8.030033070516014258e-04 8.030033070516014258e-04 6.553329735879348528e-02 2.574868373465706739e+00 7.232711419846769019e+00 9.307534589315445972e-01 1.321274222586644953e+00 2.760768359392019367e+00 2.260623592291656436e+00 2.187637759077746824e-01 3.831292019758831380e+00
0.000000000000000000e+00 3.548116696229688949e-03 8.030033070516014258e-04 9.686913297549332516e-03 1.951327469739624204e-02 2.658296880464162903e+00 2.213077825551602373e+00 2.317049992429233818e+00 4.299394743854297873e-01 2.187176751352934989e+00 6.932884644028249888e+00 8.181769787768947144e-02 3.831579365675814586e+00
0.000000000000000000e+00 8.030033070516014258e-04 8.030033070516014258e-04 5.987304750148163962e-02 3.193577979109149534e-02 9.608498698084444456e-01 1.103074547327446142e+00 3.044525404521877920e+00 4.202881688792431625e+00 4.226337692046174155e+00 4.423884892664428081e-01 1.351369236287446540e+00 4.011730467169905445e+00
0.000000000000000000e+00 8.030033070516014258e-04 3.628876788826461246e-03 1.335800824654198408e-02 2.881628254838417696e-02 5.189747941519062824e-01 8.944844321612115401e-01 2.399832822982430169e+00 4.468578065609477790e+00 2.188416820989445455e+00 2.469183503853626671e-01 3.098467213064527659e+00 3.849902121212648076e+00
0.000000000000000000e+00 8.030033070516014258e-04 2.266101609752991380e-02 1.173388992343405157e-01 1.098531177336654202e-02 5.787173934584946000e-01 1.574768188008678349e+00 1.456624419276419502e+00 4.512830024970047482e+00 5.234420912445917118e+00 8.084596063459703608e-01 4.452744007316522534e-01 9.462338644302967783e-01
0.000000000000000000e+00 3.628876788826461246e-03 1.020030442984986435e-02 9.709603493148118158e-02 5.783111824069703255e-01 1.175095316385155853e+00 8.029314562285354562e-01 2.073934877343548422e+00 3.224241155238720680e+00 3.555443662721371023e+00 1.252617597445589093e+00 8.093942532687323776e-01 7.643568750707695481e-01
0.000000000000000000e+00 8.030033070516014258e-04 9.843568433492242559e-03 1.336896427258989564e-02 2.882619425567172627e-02 2.052624497978881468e+00 1.341895282972546566e+00 3.368347599836855277e+00 3.625719781210063442e+00 1.419964744788478006e+00 7.055089542720919260e-01 6.272677449497531255e-01 8.586430645286600993e-02
0.000000000000000000e+00 3.508093988962766602e-03 1.950331228083779234e-02 4.742411880230994886e-02 4.698168744069577268e-02 5.984178906061169423e-01 3.561154669665868688e+00 1.428460419883655241e+00 9.507388089146810994e-01 3.381898608374396709e+00 7.481902976088067314e-01 3.683182947811269314e-01 5.832470466408107290e-01
0.000000000000000000e+00 3.628876788826461246e-03 8.030033070516014258e-04 3.588378264466564240e-03 2.834092698022053214e-02 4.864331415659162161e-01 2.987808087823067282e+00 3.972351867726299224e-01 2.633902328342575760e+00 2.161846442876967700e+00 2.104065669983918307e-01 1.177763150356445632e+00 3.693619921669567541e-01
0.000000000000000000e+00 3.588378264466564240e-03 7.994961440095181950e-04 3.776477957816795909e-04 1.020030442984986435e-02 1.314434225230838027e-01 3.684570691588178737e-01 2.892185554200526476e-01 1.353214609151584424e+00 1.413743202156618306e+00 3.397149804452561206e+00 6.761796431179083466e-01 6.034692539283643686e-01
0.000000000000000000e+00 8.030033070516014258e-04 4.126703179950577671e-02 2.599664963565805897e-01 5.548665541801646173e-01 7.985223435378039358e-01 1.102567866435506749e+00 1.506873979301628363e+00 8.912498443428947814e-01 1.630635424411446710e+00 3.056009105117624136e-01 3.545343562363666434e-01 2.818336916315513502e-02
0.000000000000000000e+00 8.030033070516014258e-04 7.994961440095181950e-04 7.847906320345750253e-02 2.713427280772355843e-01 7.404356509539413711e-01 5.644013293351100025e-01 2.037167936562700454e+00 3.633078724941410376e-01 3.076016592086888157e-01 1.068921420391117261e+00 2.607016782583564951e-01 1.468504512318511146e-01
0.000000000000000000e+00 7.994961440095181950e-04 1.326776483887566645e-02 3.197497997456576202e-02 4.745188266765321128e-02 4.522471236929607175e-01 4.964950295223777288e-01 1.733970580964978581e+00 3.249687074912537832e-01 8.438870302098659681e-02 3.253532220620273807e-01 7.208323630386234138e-01 1.308759492051329021e-01
0.000000000000000000e+00 3.548116696229688949e-03 8.030033070516014258e-04 5.671142469046965007e-02 1.272725845658302934e-01 7.459199379189319912e-02 1.577799539198513623e-01 4.089594175311679902e-01 7.979907300734518927e-01 1.074531303311207914e-01 7.852586591259216320e-01 1.790645169454203323e-01 1.801191617185559646e-01
0.000000000000000000e+00 3.628876788826461246e-03 8.030033070516014258e-04 1.020030442984986435e-02 4.083718890269233404e-02 1.857494465395429228e-01 1.290546165021508873e-01 2.997630158496139563e-01 7.299301500161400891e-02 2.650018072481805653e-01 1.448998124521976572e-01 2.705617402527715765e-01 6.190814517694846753e-02
