3.967663855103260862e-02 3.043561241105485152e-03 6.736007734978056299e-04 3.892743465444811675e-05 5.666032452389749025e-05
4.288827743299764711e-02 2.598100010423393374e-03 7.739621800549794988e-04 4.177369913915336452e-05 5.751448101669149677e-05
3.982340403478187851e-02 3.064859219109671018e-03 6.726371668969700034e-04 3.883849685803211728e-05 5.673937998333768238e-05
3.936975190493285925e-02 3.060121769071619605e-03 6.703194087641434684e-04 3.867108273429890696e-05 5.635198727847056153e-05
3.687944125189251271e-02 3.269340912251036783e-03 6.453965513817400829e-04 3.730938146674592524e-05 5.396581934830344739e-05
4.082435339789060313e-02 3.493600385273397304e-03 6.795494660741410817e-04 3.884656144728095370e-05 5.598389570156751105e-05
4.055720149258054685e-02 3.564229403904862169e-03 6.802858815998835728e-04 3.882386627073873987e-05 5.560746589355870188e-05
4.004528941285871724e-02 3.221048703536220394e-03 6.884309450872695864e-04 3.899624829134489256e-05 5.597790861614815089e-05
4.025349053027384855e-02 3.229789843121282263e-03 6.907677635989297555e-04 3.906272483307643304e-05 5.614938569935131000e-05
4.001000224640029884e-02 3.157784423148780190e-03 6.996320296273908718e-04 3.993110748517486862e-05 5.636878319170831805e-05
4.107024504631522077e-02 3.173487358917712834e-03 6.873776489509253072e-04 3.905006814193401078e-05 5.765178565279299315e-05
4.069281518054310154e-02 3.155974249434476304e-03 6.820317413840642096e-04 3.918962822857094457e-05 5.734084320326687643e-05
4.084359319000191446e-02 3.172496922408885728e-03 6.925470884623062279e-04 3.963581937340898893e-05 5.732133612959184102e-05
4.094236461985787529e-02 3.176849188173506543e-03 6.922283821005455673e-04 3.953244853391660579e-05 5.735025467904548318e-05
4.132316017002697628e-02 3.330756061215679482e-03 6.850362986097183107e-04 3.883098470991159216e-05 5.748475271385779668e-05
4.161304544738753108e-02 3.177472081627763772e-03 7.099836554826348270e-04 4.044626160171380748e-05 5.785404299242224979e-05
4.302003990283542745e-02 3.245498421198337799e-03 7.312206317112212922e-04 4.071604703762292979e-05 5.891331618713681963e-05
3.809628466821600445e-02 3.508487943628469871e-03 7.962438308480023494e-04 4.279013202173436028e-05 4.904676989242279467e-05
4.431800499862667553e-02 3.408727009924314693e-03 9.528036646272652292e-04 5.549499482916749776e-05 5.352111556165719923e-05
4.353107065594531699e-02 3.587235360444637061e-03 1.061214695724184420e-03 5.976766960891178801e-05 5.208711131106960558e-05
5.107648058213486858e-02 3.550582483675048841e-03 1.224928949662814444e-03 7.300269993193012660e-05 5.732676415573684947e-05
3.527600660523072529e-02 3.459360672314419714e-03 8.242599437009960747e-04 4.383970265149330281e-05 5.429777645085784483e-05
3.294110334354885539e-02 3.299962579826213552e-03 8.546961397825261070e-04 4.569516043904503353e-05 4.741600821750867225e-05
3.334124608607094697e-02 3.235494150047642497e-03 8.715037411227333133e-04 4.631453459899542686e-05 4.794083100347756318e-05
3.241463041450025340e-02 3.430743290010565896e-03 8.633888609379603354e-04 4.574856661221767202e-05 4.677112986008330193e-05
3.276702758658173176e-02 3.389852557821457051e-03 8.732235821858771009e-04 4.620537884113689621e-05 4.719855206636547297e-05
3.385951071430556847e-02 3.338345779595400763e-03 8.448592774749334343e-04 4.594500914151311620e-05 4.796126733697511819e-05
3.243650795604052089e-02 3.227937271578750975e-03 8.795696659850907187e-04 4.637070464192180895e-05 4.904146735040822413e-05
3.257702134453773629e-02 3.259046730866857738e-03 8.549867862253314379e-04 4.586739542289006936e-05 4.766253015727206510e-05
3.071275894458047953e-02 3.222030162960434069e-03 7.873907637621322146e-04 3.593799798539059427e-05 4.693910487132784798e-05
3.277569367274129480e-02 3.314278244155312650e-03 8.623632508308164005e-04 4.591841198918075685e-05 4.802676407005033679e-05
3.271410152329481263e-02 3.297074795505555624e-03 8.634268166360435474e-04 4.598212380840858808e-05 4.807118966299979087e-05
3.221417556280940786e-02 3.198968992048683169e-03 8.879286467775812132e-04 4.668371613884298989e-05 4.863097454030404618e-05
3.422588963532966627e-02 2.709877061517400841e-03 9.345874226299381686e-04 4.732412727483702804e-05 4.779792856285451337e-05
3.306470919756483717e-02 2.804937877129490536e-03 9.597027100223183864e-04 4.775070102450749510e-05 4.769250214387477007e-05
3.154894240014929213e-02 3.254696577056189789e-03 8.792658205045462017e-04 4.633826782713108778e-05 4.798162548045876823e-05
3.207805773820896628e-02 3.218525123969612645e-03 8.603971601186651214e-04 4.596100934852546927e-05 4.771919143252751250e-05
3.067312425610798157e-02 3.219204715574049483e-03 7.868029519385430406e-04 3.586441414469213317e-05 4.711424503582439799e-05
3.223623969969260233e-02 3.230256432146368095e-03 8.685577541130464754e-04 4.620507128411989879e-05 4.786753270135798099e-05
3.154349695846455498e-02 3.202103599194548560e-03 8.786244161015815176e-04 4.639990474192311806e-05 4.806932793232357248e-05
3.145247507862422576e-02 3.172341706521574281e-03 8.866877181937722922e-04 4.658909488620145272e-05 4.802618492418001754e-05
3.252860701493606732e-02 3.322843884478946918e-03 8.852641783455329760e-04 4.666726066610363683e-05 4.693550312789811224e-05
3.168137976583288579e-02 3.220303697602894602e-03 8.821863645767887615e-04 4.649461001755478599e-05 4.781031915454851748e-05
3.157565849066941432e-02 3.201322018443205665e-03 8.898561119855097996e-04 4.670654329179997898e-05 4.777220516944464846e-05
3.159219159966950713e-02 3.174338510155017262e-03 8.979966693741348689e-04 4.698330490963818122e-05 4.747523328439565496e-05
3.084214979661256337e-02 3.107272492708512343e-03 8.285882482237654379e-04 3.692211095775774882e-05 4.761191554111404044e-05
3.494032655814705707e-02 2.723137306970549280e-03 9.839243839796989015e-04 4.854640514127984426e-05 4.765124206915068931e-05
3.160147320727691583e-02 3.169265728018326282e-03 8.321771323412636241e-04 3.701436276263201476e-05 4.772580314360831509e-05
3.244097241022366601e-02 3.220546986685219118e-03 9.098807582714241214e-04 4.736363436022726414e-05 4.767129573857313470e-05
3.112543260781631960e-02 3.222314034688299536e-03 8.344047408077508252e-04 3.710480793253392005e-05 4.726932091018720163e-05
3.411959385616290114e-02 3.236477353115016151e-03 9.598324827591307208e-04 4.876585238278793329e-05 4.747016397533656879e-05
3.314548152902115075e-02 3.310381032944778677e-03 9.311350924952838202e-04 4.801852272077301127e-05 4.721517189872713308e-05
3.188976891940157460e-02 3.285533363430691561e-03 9.252974246301446867e-04 4.807530141260426984e-05 4.715776927949428209e-05
3.233859999401476198e-02 3.545536706140222424e-03 9.206930219032596853e-04 4.777074613093862783e-05 4.656504873709122524e-05
3.198187649324830961e-02 3.239830766281161321e-03 8.736540407440743141e-04 3.862657106450567327e-05 4.712509728021382579e-05
3.342177786036931025e-02 3.325442743131499113e-03 9.322525405261265210e-04 4.810269764075907382e-05 4.707405374450887407e-05
3.355607758886880454e-02 3.328240229901750086e-03 9.384041085046826653e-04 4.828406812377769694e-05 4.701378139346329920e-05
3.359869628019850063e-02 3.207095033009448558e-03 9.845704011097124349e-04 4.950038775205613462e-05 4.733058100401668292e-05
3.274309050505822688e-02 3.435708582606344236e-03 9.316735897936878966e-04 4.805189569334982310e-05 4.679346686996956826e-05
3.303070071605899299e-02 3.336232456887279485e-03 8.950029108887279372e-04 3.889961169039917366e-05 4.690676082493400688e-05
3.178204619309404899e-02 3.380310971269551417e-03 8.890048448649210669e-04 3.872308119270182847e-05 4.682627232865973327e-05
3.257258276372004824e-02 3.363960792759527769e-03 8.846052907506400404e-04 3.860332804172645585e-05 4.665827780027461156e-05
3.270015557022918490e-02 3.316485090606954324e-03 9.303390190248812504e-04 4.003959821663105118e-05 4.717593579675869494e-05
3.347951442616962925e-02 3.347331850307783650e-03 9.619179043518582238e-04 4.894591695294320819e-05 4.695118902952023857e-05
3.544627565215337228e-02 3.380455264660597783e-03 1.020827197812445219e-03 5.064038793059611018e-05 4.684009500961752243e-05
3.369744779667502299e-02 3.410569020592334275e-03 9.834015951004518395e-04 4.959500535234489176e-05 4.683237752020592777e-05
3.487566961088484074e-02 3.331802990833145593e-03 1.010853506028529117e-03 5.041232662047930431e-05 4.702324863241194775e-05
3.311464949277623943e-02 3.378391851233678283e-03 9.230233327643882308e-04 3.965640685737580067e-05 4.679926722522994420e-05
3.339501226301111458e-02 3.361046956026596342e-03 9.329196546574398475e-04 4.007205415152217276e-05 4.683455397704441912e-05
3.363886357040032915e-02 3.423610870786822965e-03 9.488316985569501556e-04 4.071794874357495721e-05 4.669999544520995278e-05
3.791006125769155743e-02 2.867583451701567147e-03 1.145440503864056554e-03 5.324298085447925821e-05 4.661352961302876177e-05
3.394093659867682827e-02 3.571022855800278818e-03 9.770871992539054401e-04 4.125145785678569009e-05 4.695901382685219524e-05
3.870959749666080113e-02 2.883327187099714826e-03 1.160752845420375771e-03 5.375115740878463639e-05 4.663428536592863547e-05
3.573191527647774646e-02 3.492382606552560820e-03 1.037912612600043602e-03 4.448699029629043302e-05 4.662979049532962569e-05
3.532538137272463186e-02 3.705222676674833123e-03 9.944253979817727074e-04 4.174587991155052403e-05 4.622393843233585554e-05
3.662588914528764478e-02 3.628124892416473984e-03 1.082623676782580938e-03 5.258229022000229905e-05 4.646484990095018248e-05
3.558763593250740404e-02 3.620779537918901881e-03 1.029246247395510698e-03 4.277907210555175220e-05 4.651625475238172625e-05
4.058495983995321493e-02 3.065995977046098286e-03 1.246987074877631621e-03 5.626389650442139228e-05 4.639790313899770001e-05
3.697462585424610843e-02 3.721354176511199388e-03 1.075300398848696428e-03 4.409949249782264049e-05 4.637491691078916384e-05
3.905838130096752486e-02 4.017740447460626391e-03 1.152954685451231670e-03 5.464821872010289737e-05 4.620649016651031765e-05
3.930359709468948803e-02 3.878432449877976251e-03 1.181856271868994990e-03 5.544258256615397675e-05 4.624925843853521781e-05
3.942096929734933974e-02 3.908662285372782076e-03 1.166324073709446366e-03 4.663872645532810614e-05 4.626932892229517640e-05
4.077967816300179238e-02 4.115839507615353006e-03 1.247784052036673627e-03 5.726890324575535906e-05 4.631138868227740790e-05
4.155641650181995245e-02 4.221754056395506625e-03 1.277032436923641575e-03 5.822412285635427103e-05 4.632911751522647553e-05
4.314081847643572165e-02 4.586942286364569313e-03 1.290995385147568645e-03 5.014179395262604883e-05 4.612078984761140693e-05
4.901155422864290900e-02 4.398897703729264669e-03 1.471249841616034237e-03 5.699448087719079286e-05 4.674612057818737753e-05
4.798944508191442526e-02 5.087956221799413287e-03 1.484585316462743018e-03 6.409645977872543195e-05 4.620655102720975946e-05
