8.000000000000000444e-01 8.000000000000000444e-01 6.520000000000000240e-01 6.179999999999999938e-01 5.500000000000000444e-01 4.010000000000000231e-01 4.000000000000000222e-01 4.000000000000000222e-01 -1.999982612465329990e-01 -1.990253429792296636e-01 -1.999986292574777724e-01 -1.264280279235471816e-01 1.407169627938820167e-01 1.999989677210703420e-01 -1.999994439334084051e-01 -1.999985890465275640e-01
8.000000000000000444e-01 6.570000000000000284e-01 6.079999999999999849e-01 5.679999999999999494e-01 5.629999999999999449e-01 4.030000000000000249e-01 4.000000000000000222e-01 4.000000000000000222e-01 -1.999371474069725207e-01 -1.999999355613598373e-01 -1.253901910295243116e-01 1.491517369053535769e-01 -1.129149692959862950e-01 1.999997414588685629e-01 -1.999989488506717650e-01 -1.999967833962376096e-01
8.000000000000000444e-01 6.570000000000000284e-01 6.129999999999999893e-01 6.029999999999999805e-01 5.380000000000000338e-01 4.010000000000000231e-01 4.000000000000000222e-01 4.000000000000000222e-01 -1.999987056344488812e-01 -1.999970889376762873e-01 -1.204932884482254885e-01 -1.252153213967529821e-01 1.489620006679818476e-01 -1.999997171953225017e-01 1.999998437537231499e-01 -1.999985623003035506e-01
8.000000000000000444e-01 7.890000000000000346e-01 6.580000000000000293e-01 6.069999999999999840e-01 5.679999999999999494e-01 5.500000000000000444e-01 4.219999999999999862e-01 4.010000000000000231e-01 -1.999984008846778238e-01 1.999993285798661591e-01 -1.521104827459660858e-01 -1.317845122772697830e-01 1.454644968224290957e-01 -1.999984158245298460e-01 1.999997300697541058e-01 -1.999999730343468562e-01
8.000000000000000444e-01 7.970000000000000417e-01 6.740000000000000435e-01 5.679999999999999494e-01 5.629999999999999449e-01 5.260000000000000231e-01 4.050000000000000266e-01 4.010000000000000231e-01 -1.999939144881118791e-01 -1.993489059893705784e-01 -1.971792356129892232e-01 1.442134180245409625e-01 -1.192295659252476242e-01 -1.999997065650533645e-01 1.999989835559996820e-01 -1.999986769632144945e-01
8.000000000000000444e-01 7.930000000000000382e-01 6.860000000000000542e-01 6.270000000000000018e-01 5.789999999999999591e-01 5.580000000000000515e-01 5.140000000000000124e-01 4.000000000000000222e-01 -1.999974551659818855e-01 1.999989477250256886e-01 -1.546570406322963498e-01 -1.322184322141001789e-01 1.430082096870632924e-01 -1.999985157175861450e-01 1.999997142682891360e-01 -1.999998903533527772e-01
8.000000000000000444e-01 7.610000000000000098e-01 6.760000000000000453e-01 6.179999999999999938e-01 5.490000000000000435e-01 4.809999999999999831e-01 4.119999999999999774e-01 4.010000000000000231e-01 -1.999991530529370842e-01 1.999990384456424575e-01 -1.999974662706276163e-01 -1.284900014217182085e-01 1.385056834146699278e-01 1.999986509650409916e-01 -1.999979838410892719e-01 -1.999996704791369428e-01
8.000000000000000444e-01 7.089999999999999636e-01 6.600000000000000311e-01 5.629999999999999449e-01 5.130000000000000115e-01 4.099999999999999756e-01 4.000000000000000222e-01 4.000000000000000222e-01 -1.999939158841682052e-01 -1.485201899895948474e-01 -1.999980412582282596e-01 -1.177101215758892400e-01 1.438868637208654266e-01 -1.999969447053986660e-01 1.999999722268575864e-01 -1.999974356732984460e-01
8.000000000000000444e-01 7.069999999999999618e-01 6.610000000000000320e-01 5.729999999999999538e-01 5.280000000000000249e-01 4.979999999999999982e-01 4.050000000000000266e-01 4.010000000000000231e-01 -1.999998072536034455e-01 -1.528964679700422213e-01 -1.999995922709095764e-01 1.480302553677917687e-01 -1.999971372873945996e-01 -1.089638459841568568e-01 1.999996906387839779e-01 -1.999996698308032506e-01
8.000000000000000444e-01 7.830000000000000293e-01 6.959999999999999520e-01 6.460000000000000187e-01 5.969999999999999751e-01 5.620000000000000551e-01 4.989999999999999991e-01 4.079999999999999738e-01 -1.999986714584897907e-01 1.999993823032244211e-01 -1.514811811354681015e-01 -1.341572022629731187e-01 -1.999991083591245167e-01 1.454793262753660277e-01 1.999987656489189414e-01 -1.999995701145668159e-01
8.000000000000000444e-01 7.249999999999999778e-01 6.600000000000000311e-01 5.779999999999999583e-01 5.370000000000000329e-01 4.729999999999999760e-01 4.189999999999999836e-01 4.040000000000000258e-01 -1.999991084194094881e-01 -1.525616007892334758e-01 -1.999979232592041245e-01 -1.196954055116425109e-01 1.360499344623726237e-01 1.999990380535891787e-01 -1.999995622450492228e-01 1.999991633236520849e-01
8.000000000000000444e-01 7.700000000000000178e-01 6.959999999999999520e-01 6.380000000000000115e-01 5.779999999999999583e-01 5.360000000000000320e-01 4.829999999999999849e-01 4.089999999999999747e-01 -1.999963127767256099e-01 1.999998534303306930e-01 -1.999946315979563016e-01 -1.319602763057939054e-01 1.422610444402468699e-01 1.998373340309988477e-01 -1.999999670071985758e-01 -1.999998223626474891e-01
8.000000000000000444e-01 7.169999999999999707e-01 6.730000000000000426e-01 5.799999999999999600e-01 5.490000000000000435e-01 4.989999999999999991e-01 4.670000000000000262e-01 4.209999999999999853e-01 -1.999987087258329188e-01 -1.999981399577317187e-01 -1.499475156049496494e-01 -1.125548109861156526e-01 1.399571584910084820e-01 -1.999999051289725049e-01 -1.999998217307960569e-01 1.999999336698408958e-01
8.000000000000000444e-01 7.640000000000000124e-01 7.079999999999999627e-01 6.590000000000000302e-01 5.949999999999999734e-01 5.420000000000000373e-01 5.250000000000000222e-01 4.450000000000000067e-01 -1.999992297826421184e-01 1.999997455891723841e-01 -1.536097016147612015e-01 -1.999997006582231451e-01 -1.238606281723491770e-01 1.999983689331232273e-01 1.429622645287391969e-01 -1.999999696150260853e-01
8.000000000000000444e-01 7.510000000000000009e-01 6.959999999999999520e-01 6.580000000000000293e-01 5.729999999999999538e-01 5.570000000000000506e-01 5.260000000000000231e-01 4.540000000000000147e-01 -1.999931587731411109e-01 1.999999451873911982e-01 -1.999997923669065425e-01 -1.430714626786248334e-01 1.999935967539491488e-01 1.393777006784989447e-01 -1.125911298348345330e-01 -1.999998925281243900e-01
8.000000000000000444e-01 7.920000000000000373e-01 7.429999999999999938e-01 6.959999999999999520e-01 6.570000000000000284e-01 5.749999999999999556e-01 5.470000000000000417e-01 4.859999999999999876e-01 -1.999934851668650204e-01 1.999989988881990532e-01 1.999984338949230556e-01 -1.543978185212213361e-01 -1.514911209911977419e-01 1.512739414457695275e-01 1.545716029612242415e-01 -1.999996813191106115e-01
8.000000000000000444e-01 7.670000000000000151e-01 6.959999999999999520e-01 6.620000000000000329e-01 5.759999999999999565e-01 5.330000000000000293e-01 5.280000000000000249e-01 5.180000000000000160e-01 -1.999985892344862681e-01 1.999991828977896458e-01 -1.611963669480697137e-01 -1.420105639857081326e-01 1.379711970772042606e-01 -1.999995082507585176e-01 -1.999980540597082468e-01 1.999975234228360266e-01
8.000000000000000444e-01 7.790000000000000258e-01 7.069999999999999618e-01 6.590000000000000302e-01 5.749999999999999556e-01 5.480000000000000426e-01 5.280000000000000249e-01 5.250000000000000222e-01 -1.999950593535256282e-01 1.999970032594657054e-01 -1.597459096775483423e-01 -1.439441569936357745e-01 1.378871107577163413e-01 1.999978518180059728e-01 -1.999973832181945188e-01 -1.999996126922202744e-01
8.000000000000000444e-01 7.760000000000000231e-01 6.959999999999999520e-01 6.570000000000000284e-01 6.360000000000000098e-01 5.709999999999999520e-01 5.480000000000000426e-01 5.470000000000000417e-01 -1.999999571022993416e-01 1.999993522344467867e-01 -1.590051202289874399e-01 1.321287432391857197e-01 -1.359641285636480068e-01 1.999945931574102220e-01 -1.999996606628441365e-01 -1.999998258372370774e-01
8.000000000000000444e-01 7.920000000000000373e-01 7.660000000000000142e-01 7.069999999999999618e-01 6.580000000000000293e-01 5.739999999999999547e-01 5.420000000000000373e-01 5.410000000000000364e-01 -1.999988759190512166e-01 1.999982850590084904e-01 1.999992010081947935e-01 -1.555902188129147101e-01 -1.430984795399439513e-01 1.507079550692701497e-01 -1.999999600238254738e-01 1.649289978282625913e-01
8.000000000000000444e-01 8.000000000000000444e-01 7.980000000000000426e-01 7.159999999999999698e-01 6.850000000000000533e-01 5.949999999999999734e-01 5.560000000000000497e-01 5.550000000000000488e-01 -1.999986005474372330e-01 -1.999982090129667767e-01 1.999991899818988617e-01 -1.559220242131688083e-01 -1.508915794957170486e-01 1.409526614418005197e-01 -1.999998906065358628e-01 1.999991878633488596e-01
8.000000000000000444e-01 8.000000000000000444e-01 7.099999999999999645e-01 6.730000000000000426e-01 5.939999999999999725e-01 5.729999999999999538e-01 5.639999999999999458e-01 5.639999999999999458e-01 1.999995434743277456e-01 -1.999996963874069444e-01 -1.550372276202350297e-01 -1.436534398892788666e-01 1.436755728605930427e-01 1.999998416281621449e-01 -1.999964634156434773e-01 -1.999997687248263045e-01
8.000000000000000444e-01 7.940000000000000391e-01 7.570000000000000062e-01 6.959999999999999520e-01 6.380000000000000115e-01 5.889999999999999680e-01 5.629999999999999449e-01 5.620000000000000551e-01 -1.999977554996736073e-01 1.999998647664034124e-01 1.999990431204177466e-01 -1.523228649592737183e-01 -1.353126186462809966e-01 1.569446902637254559e-01 -1.999998914942321127e-01 1.600184758060191059e-01
8.000000000000000444e-01 8.000000000000000444e-01 7.690000000000000169e-01 7.600000000000000089e-01 6.850000000000000533e-01 6.450000000000000178e-01 5.919999999999999707e-01 5.699999999999999512e-01 -1.999849293759999591e-01 -1.999954258334953050e-01 1.999999235788561258e-01 1.999998383905978172e-01 -1.524159027134333599e-01 -1.349938301924384632e-01 1.538379039589768127e-01 -1.999997914866248616e-01
8.000000000000000444e-01 7.740000000000000213e-01 7.199999999999999734e-01 6.850000000000000533e-01 6.410000000000000142e-01 5.989999999999999769e-01 5.929999999999999716e-01 5.639999999999999458e-01 -1.999975179569192518e-01 1.999996949834940974e-01 -1.608767362791440336e-01 1.999994908331179655e-01 -1.404786996511098451e-01 1.462633696028998731e-01 1.407980149785498236e-01 -1.999997213017964404e-01
8.000000000000000444e-01 7.960000000000000409e-01 7.670000000000000151e-01 6.959999999999999520e-01 6.580000000000000293e-01 6.239999999999999991e-01 5.809999999999999609e-01 5.789999999999999591e-01 -1.999969725594787640e-01 1.999998585830205788e-01 1.999989068239282908e-01 -1.476704403350406758e-01 -1.419323819713941282e-01 1.552901409789547715e-01 -1.999999769795537952e-01 1.603813382238523377e-01
8.000000000000000444e-01 8.000000000000000444e-01 7.710000000000000187e-01 6.730000000000000426e-01 6.219999999999999973e-01 6.209999999999999964e-01 6.059999999999999831e-01 5.989999999999999769e-01 -1.999977697125373821e-01 -1.997908192892496049e-01 1.999987575453080757e-01 -1.459500266821655012e-01 1.997632981742303304e-01 -1.285598181372741844e-01 1.408754288883275474e-01 -1.999999941400465719e-01
8.000000000000000444e-01 7.950000000000000400e-01 7.580000000000000071e-01 7.069999999999999618e-01 6.590000000000000302e-01 6.139999999999999902e-01 5.819999999999999618e-01 5.799999999999999600e-01 -1.999978930687385248e-01 1.999994342496942967e-01 1.999977018965328202e-01 -1.484335152514394685e-01 -1.421043660061749592e-01 1.539106136378717571e-01 -1.999999284355380713e-01 1.580074847597174037e-01
8.000000000000000444e-01 7.720000000000000195e-01 7.179999999999999716e-01 6.740000000000000435e-01 6.440000000000000169e-01 6.049999999999999822e-01 6.039999999999999813e-01 5.849999999999999645e-01 -1.999986716704022505e-01 1.999984214816941941e-01 1.999999336568665520e-01 -1.452434716991693742e-01 -1.390430128022730472e-01 1.439761681565078222e-01 1.500966645549917100e-01 -1.999993900407317504e-01
8.000000000000000444e-01 7.600000000000000089e-01 6.969999999999999529e-01 6.400000000000000133e-01 6.209999999999999964e-01 6.109999999999999876e-01 5.959999999999999742e-01 5.949999999999999734e-01 -1.999929723616883648e-01 1.999994718659051374e-01 -1.549843927724516013e-01 1.999997464903392752e-01 -1.304520123983395619e-01 1.410957819327193774e-01 -1.999992655221046467e-01 -1.999991500521071941e-01
8.000000000000000444e-01 7.680000000000000160e-01 6.959999999999999520e-01 6.500000000000000222e-01 6.109999999999999876e-01 6.099999999999999867e-01 6.019999999999999796e-01 6.019999999999999796e-01 -1.999992219958315054e-01 1.999994209558393354e-01 -1.543421234659318741e-01 -1.369938903676868602e-01 1.385465455041409999e-01 -1.999995635718381792e-01 1.941848760054018241e-01 -1.999999796130857155e-01
8.000000000000000444e-01 8.000000000000000444e-01 7.980000000000000426e-01 7.459999999999999964e-01 7.079999999999999627e-01 6.770000000000000462e-01 6.049999999999999822e-01 5.969999999999999751e-01 -1.987201183745052890e-01 -1.999987815695518090e-01 1.995158126011029320e-01 1.999998836979892669e-01 -1.498650095359195800e-01 -1.445074825743306035e-01 1.529403177380966317e-01 -1.999999414847090928e-01
8.000000000000000444e-01 7.760000000000000231e-01 7.500000000000000000e-01 6.979999999999999538e-01 6.740000000000000435e-01 6.570000000000000284e-01 6.159999999999999920e-01 5.959999999999999742e-01 -1.999988636769479133e-01 1.999999985746697961e-01 1.999982977977909360e-01 -1.505073333915766531e-01 -1.407184260131527087e-01 1.452333485091572840e-01 1.487232114913785430e-01 -1.999997707980323558e-01
8.000000000000000444e-01 7.800000000000000266e-01 7.339999999999999858e-01 6.979999999999999538e-01 6.570000000000000284e-01 6.179999999999999938e-01 6.099999999999999867e-01 6.019999999999999796e-01 -1.999973291987930113e-01 1.999983042528777621e-01 1.999998618958558905e-01 -1.484648936838402489e-01 -1.423690258507899209e-01 1.462766831000893164e-01 1.498392432178808631e-01 -1.999995058660718750e-01
8.000000000000000444e-01 7.890000000000000346e-01 7.510000000000000009e-01 7.009999999999999565e-01 6.730000000000000426e-01 6.189999999999999947e-01 6.169999999999999929e-01 6.089999999999999858e-01 -1.999977431007809170e-01 1.999999018034643306e-01 1.999987413435364014e-01 -1.471293393519641224e-01 -1.419731673046180642e-01 1.516484353031136711e-01 1.560096803952543965e-01 -1.999997491501143698e-01
8.000000000000000444e-01 8.000000000000000444e-01 8.000000000000000444e-01 7.199999999999999734e-01 6.730000000000000426e-01 6.229999999999999982e-01 6.219999999999999973e-01 6.219999999999999973e-01 -1.999920315415014971e-01 1.999996766319976083e-01 -1.999980088678066092e-01 1.999978624101887426e-01 -1.440181306619884305e-01 -1.999999516437268865e-01 1.475525914971788366e-01 -1.292553531565665548e-01
8.000000000000000444e-01 7.670000000000000151e-01 6.959999999999999520e-01 6.630000000000000338e-01 6.430000000000000160e-01 6.199999999999999956e-01 6.199999999999999956e-01 6.199999999999999956e-01 -1.999980142392257798e-01 1.999986811489536387e-01 -1.487013218791647939e-01 -1.371221330305343045e-01 1.999996180731969941e-01 1.427964741392464820e-01 -1.999999608351839819e-01 -1.999997599207656018e-01
8.000000000000000444e-01 7.950000000000000400e-01 7.560000000000000053e-01 6.959999999999999520e-01 6.570000000000000284e-01 6.530000000000000249e-01 6.199999999999999956e-01 6.199999999999999956e-01 -1.999986156272876292e-01 1.999987075266640435e-01 1.999991396614184680e-01 -1.470335125030723389e-01 -1.383165534695358079e-01 1.478651470661880574e-01 -1.999994512151638537e-01 1.581693511164002364e-01
8.000000000000000444e-01 7.610000000000000098e-01 6.959999999999999520e-01 6.800000000000000488e-01 6.380000000000000115e-01 6.270000000000000018e-01 6.250000000000000000e-01 6.250000000000000000e-01 -1.999981216520200222e-01 1.999992875460388508e-01 -1.439242686032909391e-01 -1.441186369296972303e-01 1.387879509547720880e-01 -1.999982731876963626e-01 1.985637503789920710e-01 -1.999994474340448247e-01
8.000000000000000444e-01 8.000000000000000444e-01 7.329999999999999849e-01 6.969999999999999529e-01 6.730000000000000426e-01 6.450000000000000178e-01 6.260000000000000009e-01 6.260000000000000009e-01 1.999988410826710195e-01 -1.999975495564474681e-01 -1.505560580257367664e-01 1.999982180639286733e-01 -1.399004056885236325e-01 -1.999997201212075915e-01 -1.999993740326224678e-01 1.464491661186401450e-01
8.000000000000000444e-01 7.900000000000000355e-01 7.690000000000000169e-01 6.959999999999999520e-01 6.590000000000000302e-01 6.390000000000000124e-01 6.350000000000000089e-01 6.340000000000000080e-01 -1.999716817055177676e-01 1.999982540251901697e-01 1.999990072423106502e-01 -1.447684435642964951e-01 1.516653821722831197e-01 -1.320194939237174236e-01 -1.999996445115301558e-01 1.537125400267104758e-01
8.000000000000000444e-01 7.830000000000000293e-01 7.409999999999999920e-01 7.159999999999999698e-01 6.750000000000000444e-01 6.680000000000000382e-01 6.380000000000000115e-01 6.300000000000000044e-01 -1.999968584829603935e-01 1.999996281731890035e-01 1.999997839679551748e-01 -1.494314421506256763e-01 -1.421836455760431273e-01 1.450892517837531204e-01 1.438657301145689349e-01 -1.999998424891751558e-01
8.000000000000000444e-01 8.000000000000000444e-01 7.590000000000000080e-01 7.159999999999999698e-01 6.870000000000000551e-01 6.580000000000000293e-01 6.330000000000000071e-01 6.330000000000000071e-01 1.999999023254036556e-01 -1.999997205898443042e-01 1.999984964626379536e-01 -1.469267545846789647e-01 -1.434352694823072538e-01 1.503265237134224497e-01 1.550504627980006656e-01 -1.999999387279998708e-01
8.000000000000000444e-01 7.920000000000000373e-01 7.469999999999999973e-01 7.069999999999999618e-01 6.570000000000000284e-01 6.470000000000000195e-01 6.400000000000000133e-01 6.400000000000000133e-01 -1.999951941145626522e-01 1.999994411942441763e-01 -1.594174082748923138e-01 1.999998624521680257e-01 -1.365227048310031499e-01 1.455235118834770358e-01 -1.999997392022207221e-01 -1.999977550305302165e-01
8.000000000000000444e-01 7.780000000000000249e-01 7.660000000000000142e-01 7.249999999999999778e-01 6.909999999999999476e-01 6.570000000000000284e-01 6.480000000000000204e-01 6.410000000000000142e-01 -1.999988950916447850e-01 1.999997956447689684e-01 1.999993331859247769e-01 -1.497975944227771250e-01 -1.429104621157976096e-01 1.483587464950933965e-01 1.485808535549424936e-01 -1.999998443683465577e-01
8.000000000000000444e-01 7.540000000000000036e-01 7.159999999999999698e-01 6.870000000000000551e-01 6.640000000000000346e-01 6.570000000000000284e-01 6.430000000000000160e-01 6.430000000000000160e-01 -1.999988696391825083e-01 1.999999927588426429e-01 -1.489223592087232373e-01 1.999975759903341588e-01 1.342279476852835385e-01 -1.385716421978146484e-01 -1.999998818534215184e-01 1.343442535048076925e-01
8.000000000000000444e-01 8.000000000000000444e-01 7.720000000000000195e-01 7.459999999999999964e-01 6.959999999999999520e-01 6.730000000000000426e-01 6.510000000000000231e-01 6.480000000000000204e-01 -1.999977617159295895e-01 -1.999969676092843429e-01 1.999982348377300490e-01 1.999996080130558296e-01 -1.463449702119232199e-01 -1.370445093491094168e-01 1.445692594363180428e-01 -1.999995415388344244e-01
8.000000000000000444e-01 8.000000000000000444e-01 7.690000000000000169e-01 7.339999999999999858e-01 6.860000000000000542e-01 6.570000000000000284e-01 6.540000000000000258e-01 6.530000000000000249e-01 1.999987509193868751e-01 -1.999999500233505534e-01 1.999981450173604625e-01 -1.495755051167779459e-01 1.508646801677091254e-01 -1.999997791457253371e-01 -1.361646159152717639e-01 1.522313727667381766e-01
8.000000000000000444e-01 7.650000000000000133e-01 7.259999999999999787e-01 6.979999999999999538e-01 6.850000000000000533e-01 6.580000000000000293e-01 6.520000000000000240e-01 6.520000000000000240e-01 -1.999980122775636970e-01 1.999991578357254163e-01 1.999992918240095507e-01 -1.440182226772371843e-01 1.319538738516624343e-01 -1.363983218192504066e-01 1.381459364119075051e-01 -1.999999635831429257e-01
8.000000000000000444e-01 8.000000000000000444e-01 7.960000000000000409e-01 7.329999999999999849e-01 6.989999999999999547e-01 6.730000000000000426e-01 6.630000000000000338e-01 6.620000000000000329e-01 -1.999993221490170836e-01 -1.999968282348398019e-01 1.999992796043215948e-01 -1.501759492559504860e-01 1.999996639758592487e-01 -1.393104984415965697e-01 1.428990861932289691e-01 -1.999992324755064665e-01
8.000000000000000444e-01 8.000000000000000444e-01 7.650000000000000133e-01 7.339999999999999858e-01 6.850000000000000533e-01 6.640000000000000346e-01 6.640000000000000346e-01 6.630000000000000338e-01 1.999990818781495761e-01 -1.999994735971157012e-01 -1.599873198950263198e-01 1.999996018452604440e-01 -1.379371617731548483e-01 1.432542565670592849e-01 1.473542316663402629e-01 -1.999998963677336872e-01
8.000000000000000444e-01 8.000000000000000444e-01 7.720000000000000195e-01 7.159999999999999698e-01 6.850000000000000533e-01 6.730000000000000426e-01 6.630000000000000338e-01 6.620000000000000329e-01 1.997493473654076424e-01 -1.999968148256549560e-01 1.999984568898431347e-01 -1.462158978703698153e-01 -1.415496174765046300e-01 1.534311188693653905e-01 1.501048437016877513e-01 -1.999999798928297212e-01
8.000000000000000444e-01 8.000000000000000444e-01 7.980000000000000426e-01 7.570000000000000062e-01 7.159999999999999698e-01 6.740000000000000435e-01 6.650000000000000355e-01 6.650000000000000355e-01 -1.999999307769086687e-01 -1.999997944132258509e-01 1.999980550563086046e-01 1.999993373118992002e-01 -1.470176477132927595e-01 -1.375647553588984773e-01 -1.999999558496364516e-01 1.510586179834084442e-01
8.000000000000000444e-01 7.720000000000000195e-01 7.399999999999999911e-01 7.169999999999999707e-01 6.959999999999999520e-01 6.730000000000000426e-01 6.630000000000000338e-01 6.600000000000000311e-01 -1.999976335095036695e-01 1.999994822710651210e-01 1.999989371304159158e-01 -1.472022159882076797e-01 -1.435443410659516805e-01 1.397212048186564914e-01 1.436275765833128493e-01 -1.999998629391973315e-01
8.000000000000000444e-01 8.000000000000000444e-01 7.459999999999999964e-01 7.129999999999999671e-01 6.959999999999999520e-01 6.730000000000000426e-01 6.680000000000000382e-01 6.670000000000000373e-01 1.999986632151246890e-01 -1.999957695581650874e-01 1.997410091069267424e-01 -1.399154645778346862e-01 1.387650706066027306e-01 -1.999989513874534663e-01 1.460032552917714666e-01 -1.367632200217535898e-01
8.000000000000000444e-01 7.580000000000000071e-01 7.249999999999999778e-01 6.959999999999999520e-01 6.850000000000000533e-01 6.660000000000000364e-01 6.660000000000000364e-01 6.660000000000000364e-01 -1.999984309429304608e-01 1.999993958477728484e-01 -1.499406526741987600e-01 -1.405297415664994720e-01 1.999953041650225083e-01 -1.999994877392224923e-01 -1.999996364941146743e-01 1.349038397497567543e-01
8.000000000000000444e-01 7.670000000000000151e-01 7.399999999999999911e-01 7.159999999999999698e-01 6.969999999999999529e-01 6.730000000000000426e-01 6.670000000000000373e-01 6.650000000000000355e-01 -1.999984149124934829e-01 1.999999519470720688e-01 1.999996888337499112e-01 -1.532209644516167590e-01 -1.406910437218554244e-01 1.404822099309737393e-01 1.427991953222260413e-01 -1.999996872801685366e-01
8.000000000000000444e-01 7.660000000000000142e-01 7.169999999999999707e-01 6.959999999999999520e-01 6.730000000000000426e-01 6.720000000000000417e-01 6.710000000000000409e-01 6.710000000000000409e-01 -1.999968063935722018e-01 1.999978955703807793e-01 -1.493551603181584031e-01 1.999971123028622400e-01 -1.999997369966006466e-01 -1.348219477676509959e-01 -1.998515843518719470e-01 1.373985647914482133e-01
8.000000000000000444e-01 7.840000000000000302e-01 7.550000000000000044e-01 7.159999999999999698e-01 7.049999999999999600e-01 6.850000000000000533e-01 6.730000000000000426e-01 6.710000000000000409e-01 -1.999994261955498343e-01 1.999998326312782404e-01 1.999998016124821809e-01 -1.464767708838760063e-01 -1.433363787434098480e-01 1.439221587940568425e-01 1.467011489629692078e-01 -1.999988392425332273e-01
8.000000000000000444e-01 7.570000000000000062e-01 7.159999999999999698e-01 6.959999999999999520e-01 6.850000000000000533e-01 6.800000000000000488e-01 6.740000000000000435e-01 6.730000000000000426e-01 -1.999964593903953980e-01 1.999995246416793604e-01 -1.452680602943236254e-01 -1.414750023519588673e-01 1.408356267755948299e-01 1.357629301830972357e-01 -1.998451642380469073e-01 -1.999995223390199639e-01
8.000000000000000444e-01 7.940000000000000391e-01 7.640000000000000124e-01 7.169999999999999707e-01 6.959999999999999520e-01 6.820000000000000506e-01 6.770000000000000462e-01 6.770000000000000462e-01 -1.999959857062760527e-01 1.999996116225305209e-01 1.999996700950207873e-01 -1.447906724057863304e-01 -1.418904392257202551e-01 1.462174791358392401e-01 -1.999995923363959427e-01 1.462829990672944447e-01
8.000000000000000444e-01 7.680000000000000160e-01 7.289999999999999813e-01 7.079999999999999627e-01 7.019999999999999574e-01 6.850000000000000533e-01 6.810000000000000497e-01 6.770000000000000462e-01 -1.999957643735804647e-01 1.999998274336684256e-01 -1.502518709274459352e-01 1.999957482620780547e-01 -1.398299222639409756e-01 -1.999996939849312538e-01 -1.999982733287712089e-01 1.386462767090399784e-01
8.000000000000000444e-01 7.720000000000000195e-01 7.570000000000000062e-01 7.159999999999999698e-01 6.969999999999999529e-01 6.810000000000000497e-01 6.790000000000000480e-01 6.780000000000000471e-01 -1.999989282089219833e-01 1.999999423056368075e-01 1.999984828068637477e-01 -1.438843113273328422e-01 -1.413423220101354960e-01 1.431246468438398256e-01 1.382558865247870972e-01 -1.999999415736898323e-01
8.000000000000000444e-01 8.000000000000000444e-01 7.660000000000000142e-01 7.339999999999999858e-01 7.069999999999999618e-01 6.889999999999999458e-01 6.850000000000000533e-01 6.800000000000000488e-01 -1.994238071598947448e-01 -1.999941604919953375e-01 1.999998399770379076e-01 1.998842595268360001e-01 -1.420427832592671136e-01 1.372987662665034747e-01 -1.378109704195549512e-01 -1.999984628960627675e-01
8.000000000000000444e-01 8.000000000000000444e-01 7.530000000000000027e-01 7.349999999999999867e-01 7.069999999999999618e-01 6.850000000000000533e-01 6.840000000000000524e-01 6.820000000000000506e-01 -1.950192191937363817e-01 -1.999987576934928735e-01 1.999985980102318706e-01 1.999992949521832153e-01 -1.430741658772624048e-01 1.358416761739019429e-01 -1.387799924416725783e-01 -1.999998034774148614e-01
8.000000000000000444e-01 7.980000000000000426e-01 7.780000000000000249e-01 7.329999999999999849e-01 6.969999999999999529e-01 6.879999999999999449e-01 6.879999999999999449e-01 6.879999999999999449e-01 -1.999986688794068990e-01 1.999995995884676081e-01 1.999997156199458115e-01 -1.416337510660504728e-01 -1.395668951309502470e-01 1.488846955276417472e-01 1.508039898608860008e-01 -1.999998383510601663e-01
8.000000000000000444e-01 7.910000000000000364e-01 7.520000000000000018e-01 7.249999999999999778e-01 7.069999999999999618e-01 6.989999999999999547e-01 6.870000000000000551e-01 6.840000000000000524e-01 -1.999997350412549835e-01 1.999989344241482336e-01 1.999990072428886045e-01 -1.449559924229594787e-01 1.378981812368011151e-01 -1.390680204227996153e-01 1.433624811577506875e-01 -1.999996799036777850e-01
8.000000000000000444e-01 7.770000000000000240e-01 7.399999999999999911e-01 7.069999999999999618e-01 6.959999999999999520e-01 6.919999999999999485e-01 6.919999999999999485e-01 6.889999999999999458e-01 -1.999997757743876281e-01 1.999993335530886873e-01 1.999999825522554842e-01 1.372129138371404322e-01 1.352803894242453620e-01 -1.379972180546794602e-01 -1.388097506361980760e-01 -1.999994221246909065e-01
8.000000000000000444e-01 7.750000000000000222e-01 7.570000000000000062e-01 7.329999999999999849e-01 7.159999999999999698e-01 6.969999999999999529e-01 6.929999999999999494e-01 6.870000000000000551e-01 -1.999986232002595177e-01 1.999991493597149117e-01 1.999998606352351438e-01 -1.453690206529684448e-01 -1.457128408367709960e-01 1.412206164944671272e-01 1.409851108157240129e-01 -1.999993363384275358e-01
8.000000000000000444e-01 8.000000000000000444e-01 7.870000000000000329e-01 7.339999999999999858e-01 7.069999999999999618e-01 7.039999999999999591e-01 6.989999999999999547e-01 6.979999999999999538e-01 -1.998647859996120768e-01 -1.983551900337782725e-01 1.999995539897909957e-01 1.999995213644590319e-01 -1.402733648262753652e-01 -1.999999786875441832e-01 -1.381469525830790190e-01 1.400068759327464385e-01
8.000000000000000444e-01 7.910000000000000364e-01 7.740000000000000213e-01 7.349999999999999867e-01 7.159999999999999698e-01 6.959999999999999520e-01 6.949999999999999512e-01 6.949999999999999512e-01 -1.999999116901692020e-01 1.999976361264761970e-01 1.999990368794979656e-01 -1.475946550477299224e-01 -1.423855860745933954e-01 -1.999993399514559955e-01 1.451649197825964355e-01 1.425042384009827245e-01
8.000000000000000444e-01 8.000000000000000444e-01 7.720000000000000195e-01 7.399999999999999911e-01 7.179999999999999716e-01 7.179999999999999716e-01 7.069999999999999618e-01 6.959999999999999520e-01 -1.999996261074371839e-01 1.995688891285320732e-01 1.999969960779716394e-01 -1.448644003856132123e-01 1.366971585717932092e-01 1.417027874973426360e-01 -1.429279401297446905e-01 -1.999990559877121710e-01
8.000000000000000444e-01 8.000000000000000444e-01 7.800000000000000266e-01 7.459999999999999964e-01 7.159999999999999698e-01 6.999999999999999556e-01 6.999999999999999556e-01 6.999999999999999556e-01 -1.999943930073103671e-01 -1.999985895800749092e-01 1.999994690560420729e-01 -1.490941664743591633e-01 1.999982734799858886e-01 -1.999995950803470646e-01 -1.378515526121494583e-01 1.331865850935597118e-01
8.000000000000000444e-01 7.970000000000000417e-01 7.520000000000000018e-01 7.329999999999999849e-01 7.239999999999999769e-01 7.039999999999999591e-01 7.039999999999999591e-01 7.039999999999999591e-01 -1.999964614573659372e-01 1.999965529689367860e-01 1.999998631899604917e-01 1.304651248451073053e-01 -1.407827306444981164e-01 -1.999986592785274464e-01 -1.402374406232484438e-01 1.391530052083944091e-01
8.000000000000000444e-01 7.710000000000000187e-01 7.479999999999999982e-01 7.419999999999999929e-01 7.159999999999999698e-01 7.069999999999999618e-01 7.019999999999999574e-01 7.019999999999999574e-01 -1.999999283713344844e-01 1.999989688656341746e-01 -1.490132180871439616e-01 1.999990951123172267e-01 -1.441571270133784610e-01 1.357127693075436403e-01 1.325488683990467265e-01 -1.999992270291349739e-01
8.000000000000000444e-01 7.970000000000000417e-01 7.750000000000000222e-01 7.329999999999999849e-01 7.119999999999999662e-01 7.119999999999999662e-01 7.109999999999999654e-01 7.109999999999999654e-01 -1.999999718313170693e-01 1.999984866082867851e-01 1.999993047667838753e-01 -1.456133630445015370e-01 -1.999984189155579184e-01 -1.999994658833349759e-01 1.419769615947020780e-01 -1.401918694921653330e-01
8.000000000000000444e-01 7.830000000000000293e-01 7.510000000000000009e-01 7.329999999999999849e-01 7.109999999999999654e-01 7.109999999999999654e-01 7.099999999999999645e-01 7.099999999999999645e-01 -1.999984572857794185e-01 1.999997251153002586e-01 -1.486393057214349112e-01 1.999961132521101692e-01 -1.999996677978785053e-01 -1.998643564730936684e-01 1.321923220629085405e-01 -1.397766400570203960e-01
8.000000000000000444e-01 7.720000000000000195e-01 7.580000000000000071e-01 7.329999999999999849e-01 7.219999999999999751e-01 7.109999999999999654e-01 7.109999999999999654e-01 7.109999999999999654e-01 -1.998679808255653667e-01 1.999991131783610820e-01 1.999993185545609342e-01 -1.458678103422955952e-01 1.308244964228748308e-01 -1.999999203587237429e-01 -1.411023090098959265e-01 1.354509963529370309e-01
8.000000000000000444e-01 7.940000000000000391e-01 7.830000000000000293e-01 7.469999999999999973e-01 7.249999999999999778e-01 7.219999999999999751e-01 7.199999999999999734e-01 7.169999999999999707e-01 -1.999984861429454641e-01 1.999988741518396174e-01 1.999994676613353617e-01 -1.464304397226496302e-01 1.383953301319453821e-01 -1.418501393161381852e-01 1.405672489210258724e-01 -1.999993177379191522e-01
8.000000000000000444e-01 8.000000000000000444e-01 7.850000000000000311e-01 7.510000000000000009e-01 7.399999999999999911e-01 7.249999999999999778e-01 7.169999999999999707e-01 7.169999999999999707e-01 -1.996817533263499644e-01 -1.999715592945290610e-01 1.999956993758413293e-01 -1.487997020299929030e-01 1.999981461748183142e-01 -1.433425114210546691e-01 1.321889256333025620e-01 -1.999996205829753237e-01
8.000000000000000444e-01 8.000000000000000444e-01 7.990000000000000435e-01 7.990000000000000435e-01 7.530000000000000027e-01 7.329999999999999849e-01 7.259999999999999787e-01 7.249999999999999778e-01 1.999993091402033629e-01 -1.999980320971944947e-01 1.999986769930441333e-01 -1.994852605483705410e-01 -1.479633970950813560e-01 1.388751784289947444e-01 -1.999996429666540121e-01 -1.425203025892384234e-01
8.000000000000000444e-01 8.000000000000000444e-01 7.860000000000000320e-01 7.510000000000000009e-01 7.329999999999999849e-01 7.329999999999999849e-01 7.269999999999999796e-01 7.269999999999999796e-01 -1.999998582617449339e-01 -1.962648726808122468e-01 1.999991846461625089e-01 -1.481778347375944660e-01 1.999968607619168615e-01 -1.463475762848927553e-01 -1.999998277744703401e-01 1.303495607971386361e-01
8.000000000000000444e-01 7.910000000000000364e-01 7.880000000000000338e-01 7.610000000000000098e-01 7.459999999999999964e-01 7.329999999999999849e-01 7.309999999999999831e-01 7.299999999999999822e-01 -1.999985910164607528e-01 1.999994427131888963e-01 1.999964634150254716e-01 1.205166909563055722e-01 -1.441813438245067025e-01 -1.999997224276515440e-01 -1.430973609560306781e-01 1.380885877881113943e-01
8.000000000000000444e-01 7.960000000000000409e-01 7.710000000000000187e-01 7.500000000000000000e-01 7.399999999999999911e-01 7.369999999999999885e-01 7.349999999999999867e-01 7.349999999999999867e-01 -1.999999155298677611e-01 1.999990464877474672e-01 -1.519086146296934892e-01 1.999992735487281237e-01 1.257848725566492465e-01 1.296864135494501247e-01 -1.999996130560094121e-01 -1.449823738924169159e-01
8.000000000000000444e-01 8.000000000000000444e-01 7.920000000000000373e-01 7.740000000000000213e-01 7.570000000000000062e-01 7.459999999999999964e-01 7.399999999999999911e-01 7.379999999999999893e-01 -1.974105691684370778e-01 -1.980023511349927878e-01 1.999982877948410509e-01 1.999996943035144414e-01 -1.467860853366649287e-01 -1.999992208905464475e-01 -1.435129600392272553e-01 1.344636001443547113e-01
8.000000000000000444e-01 7.920000000000000373e-01 7.750000000000000222e-01 7.570000000000000062e-01 7.510000000000000009e-01 7.459999999999999964e-01 7.449999999999999956e-01 7.449999999999999956e-01 -1.999994359154149970e-01 1.999982770066539572e-01 -1.516012130393029622e-01 1.997501874403249111e-01 -1.493452188999591090e-01 -1.999996097134909834e-01 -1.999998277478278463e-01 1.246858108085819039e-01
8.000000000000000444e-01 8.000000000000000444e-01 7.910000000000000364e-01 7.860000000000000320e-01 7.710000000000000187e-01 7.570000000000000062e-01 7.530000000000000027e-01 7.530000000000000027e-01 -1.688979074039124451e-01 -1.999995814145233974e-01 1.999994571024908130e-01 -5.123546631596904988e-02 1.108174911261845530e-01 1.935032833625094373e-01 -1.416656910416561332e-01 -1.999998703275529255e-01
8.000000000000000444e-01 7.970000000000000417e-01 7.940000000000000391e-01 7.710000000000000187e-01 7.640000000000000124e-01 7.640000000000000124e-01 7.640000000000000124e-01 7.640000000000000124e-01 -1.999993748184548947e-01 -1.622757721924878715e-01 -5.229986858885524864e-02 1.999988425937648251e-01 -1.485188319686464586e-01 1.999942532658172956e-01 1.114143527241462095e-01 -1.999998749856674030e-01
8.000000000000000444e-01 8.000000000000000444e-01 8.000000000000000444e-01 7.890000000000000346e-01 7.860000000000000320e-01 7.820000000000000284e-01 7.820000000000000284e-01 7.820000000000000284e-01 -1.598517348752608591e-01 -5.220576363118131086e-02 -1.999992845276287456e-01 -5.635787821138728282e-02 1.980033124145265111e-01 -1.999993518358025579e-01 1.996396391176019913e-01 -1.422691321093526029e-01
