1.170043301296061244e+01 5.915109562804437360e+01
1.165586938696718278e+01 5.337511617962518073e+01
1.171632457956356888e+01 5.246251638129740513e+01
1.171175117430395218e+01 4.918925809879083033e+01
1.193679490636962015e+01 4.797923646428792210e+01
1.180125129289615060e+01 4.484154010768270382e+01
1.181004498385972390e+01 4.414925551250753699e+01
1.181864779039860736e+01 4.244027739242139319e+01
1.183377889466943600e+01 4.132175601609016269e+01
1.176316953991699421e+01 4.080515824882096609e+01
1.184669111958785948e+01 4.089456543435086644e+01
1.178714582438154324e+01 3.997044864179640911e+01
1.180065594761940240e+01 3.954027870832494074e+01
1.181211345488410203e+01 3.859649436027620339e+01
1.190826354459470693e+01 3.784749740980277011e+01
1.184210066427388597e+01 3.688780789283558903e+01
1.197602946906785171e+01 3.670973475023939159e+01
1.230329479583368979e+01 3.595226323190951945e+01
1.249385524201400877e+01 3.519103845359688876e+01
1.302467192935735696e+01 3.449045978143739433e+01
1.310898038701080992e+01 3.370596932848647498e+01
1.252245502209326489e+01 3.268474806640983132e+01
1.262241634417272351e+01 3.223769997312854230e+01
1.262891734412722400e+01 3.140016463909333666e+01
1.264972966664808496e+01 3.072476941999125444e+01
1.265533477446362554e+01 2.959544769512987017e+01
1.265718794219639065e+01 2.905622723811963581e+01
1.278063791741003641e+01 2.847379612260174753e+01
1.264596000042880952e+01 2.771955469442712428e+01
1.266223719319782148e+01 2.695316668291616580e+01
1.269332219439132459e+01 2.613165318837710061e+01
1.268913346415337529e+01 2.528822011386212765e+01
1.278285947546177681e+01 2.449936456917246375e+01
1.268477077649577467e+01 2.385799421214763427e+01
1.272149613406765134e+01 2.324660642972963132e+01
1.273708072768926769e+01 2.212810931504206380e+01
1.271456705088687400e+01 2.166716722882531343e+01
1.272845159346993249e+01 2.084866235102514409e+01
1.275240702992448938e+01 2.012159337131783587e+01
1.275989985550706152e+01 1.947366329355168446e+01
1.278466253701249400e+01 1.863369490235404768e+01
1.286242749336862801e+01 1.788769498003961900e+01
1.281504771413034760e+01 1.692976261023913409e+01
1.283128369999502816e+01 1.634072074692836196e+01
1.287472448050518281e+01 1.574942836650012801e+01
1.286489588090550740e+01 1.495453442179685588e+01
1.293242381371937810e+01 1.409647431462205525e+01
1.290647811648845078e+01 1.348817673116811555e+01
1.293388392908893536e+01 1.260821213227559490e+01
1.293294950891765183e+01 1.192215383089293823e+01
1.310402887973040187e+01 1.166751972204844812e+01
1.305510166246543946e+01 1.131746565446160169e+01
1.303593681065567367e+01 1.097086790305439052e+01
1.314500328281270214e+01 1.070124536069893217e+01
1.305910706125072451e+01 1.049203254724681322e+01
1.306822060467888669e+01 1.009929055416338528e+01
1.308879474692032119e+01 9.845805991738686203e+00
1.316675395040271113e+01 9.564262334746604921e+00
1.312437219419846990e+01 9.289614246848147516e+00
1.317915190163654060e+01 8.910570821520344964e+00
1.319061079606150599e+01 8.578899536938520143e+00
1.314763737236313546e+01 8.361383203173550882e+00
1.327370476178886349e+01 8.085238746965583090e+00
1.317758356336686276e+01 7.704345311204385816e+00
1.333466692532613607e+01 7.463192010783715524e+00
1.326627632113140187e+01 7.122337890325181498e+00
1.329121378755502292e+01 6.839747880719048823e+00
1.328065298080611711e+01 6.522955968072194466e+00
1.329098429136040593e+01 6.249672749837710484e+00
1.335369079030108885e+01 5.995620993408974364e+00
1.343545464526574307e+01 5.615424479113261924e+00
1.353232204975309116e+01 5.325161733172879330e+00
1.345726576843822997e+01 5.040882042187837975e+00
1.358247253406141652e+01 4.792244864811427973e+00
1.361290904033674920e+01 4.471122809984918511e+00
1.363032459093656357e+01 4.168346705727607571e+00
1.365711632156310174e+01 3.885521558481041637e+00
1.375497728168105382e+01 3.574698293312026376e+00
1.380701072939382712e+01 3.288055410418677660e+00
1.401990151591513722e+01 2.963871156817288188e+00
1.401061010881199209e+01 2.647850417586977478e+00
1.410533690471711310e+01 2.358376329076813605e+00
1.429305003090535919e+01 2.048261594700662602e+00
1.441108963632862228e+01 1.767217877215026878e+00
1.467580368780160605e+01 1.492005845641715345e+00
1.492277180677190351e+01 1.180199149168132289e+00
1.525033762228091661e+01 8.833972650236540103e-01
