0.000000000000000000e+00 0.000000000000000000e+00 2.773715078435508374e+01 6.898409001219055980e+00 1.260805874134734239e+01 1.018461171254495845e+01 2.816931821451420376e-02 0.000000000000000000e+00
0.000000000000000000e+00 2.296993662757882859e+01 9.941824737051010885e+00 7.416505141969022219e+00 5.759401039264691047e-01 1.415922892425887625e+01 8.450795464353974551e-02 0.000000000000000000e+00
0.000000000000000000e+00 2.296993662757882859e+01 8.927352825107025325e+00 1.854126285492251114e+00 1.205182085569965977e+01 7.164714578401837564e+00 2.816931821451420376e-02 0.000000000000000000e+00
0.000000000000000000e+00 1.549778163340822523e-01 2.104238949799180602e+01 1.034761350182857420e+01 7.231092513419809187e+00 2.073384374135268438e+00 8.749196638964798822e+00 4.733385423145838322e-01
0.000000000000000000e+00 4.226667718202243434e-02 1.693091927565329513e+01 2.150680453321234964e+01 5.759401039264691047e-01 3.274321688734857627e+00 4.741139994360981547e+00 9.015972234563532361e-02
0.000000000000000000e+00 9.862224675805235374e-02 1.247972988153443374e+01 1.197076856093896247e+01 9.689475235046735691e+00 2.418948436491145326e+00 3.893787954171195498e+00 3.439485131363499093e+00
0.000000000000000000e+00 7.987547725398453924e-01 1.170022876772787157e+01 1.176787417855016038e+01 1.279347136989656342e+01 4.648010714450055758e+00 1.232773053806050179e+00 2.479392364504943713e-01
0.000000000000000000e+00 7.277666696321060336e+00 7.870817445813715452e+00 1.968075509171320547e+01 4.424759038830892166e+00 3.107604987109128469e+00 2.253993058640872682e-01 0.000000000000000000e+00
0.000000000000000000e+00 7.437615414921527446e+00 7.388930663416943823e+00 1.785470565021404354e+01 5.183460935338178643e+00 1.568915601109894142e+00 2.151984674838300915e+00 9.015972234563532361e-02
0.000000000000000000e+00 2.395111706981271071e-01 8.504648577580702806e+00 9.370659048768599675e+00 9.941824737050991345e+00 5.283458443907912638e+00 5.575196388926938695e+00 2.105705434519198338e+00
0.000000000000000000e+00 4.086894917613917322e+00 1.044088028526309841e+01 1.663733935588126300e+01 4.722708852197006202e+00 3.347019949034438557e+00 7.710661590984518865e-01 3.380989587961319986e-01
0.000000000000000000e+00 5.061278806748891190e-01 7.233839020011169296e+00 1.086996449657156205e+01 1.217366294332776278e+01 4.837896872982296870e+00 2.771750895294145423e+00 1.322104434516632843e+00
0.000000000000000000e+00 5.428031741002311783e+00 6.056589009176785332e+00 1.886917756215800779e+01 3.570828644344072877e+00 3.417654937095627954e+00 7.404678451056505573e-01 6.568341355283117133e-01
0.000000000000000000e+00 6.073534568098660769e-01 4.478564120812966287e+00 7.870817445813715452e+00 1.298524047288292671e+01 8.000665643631993618e+00 1.162002678612516160e+00 3.134638012800647910e+00
0.000000000000000000e+00 1.229498708579787714e+00 5.376501974332626332e+00 6.103899243692267440e+00 1.724602250304764084e+01 1.843008332564676222e+00 2.743350604075160959e+00 2.821174211520582009e+00
0.000000000000000000e+00 1.127111391520598249e-01 1.845024105439134976e+00 4.594465323520608102e+00 6.264528171157841996e+00 1.663733935588126300e+01 3.225264581988195545e+00 4.169539023256665367e+00
0.000000000000000000e+00 5.567406687423777090e-01 6.940575275956663681e+00 5.461383533829920367e+00 1.744891688543643937e+01 4.953084893767591979e+00 2.614859335183143951e-01 5.229718670366314548e-01
0.000000000000000000e+00 2.958667402741570474e-01 5.758153869616670306e+00 7.710188518348124020e+00 1.704312812065884941e+01 3.110076561202905765e+00 1.367061974838249094e+00 1.568915601109907298e-01
0.000000000000000000e+00 3.381570501985289856e-01 7.820366508120178750e+00 6.264528171157841996e+00 4.260782030164722123e+00 1.312116438079246805e+01 2.649324478061731991e+00 8.849518077661605586e-02
0.000000000000000000e+00 1.127111391520598249e-01 4.386441632515704625e-01 4.718487198713658515e+00 7.870817445813715452e+00 1.704312812065884941e+01 3.686016665129363545e+00 6.835309874191428103e-02
0.000000000000000000e+00 0.000000000000000000e+00 2.817778478801495623e-02 5.362633768219156494e+00 3.615622675958567456e+00 1.826049441499161574e+01 5.887282266068824654e+00 8.849518077661605586e-02
0.000000000000000000e+00 0.000000000000000000e+00 7.197692337020827225e+00 5.093040757716844169e+00 1.602865620871486030e+01 3.170075066344758774e+00 1.036692187067636661e+00 0.000000000000000000e+00
0.000000000000000000e+00 8.453335436404486869e-02 7.577929893326749156e-01 5.963029462441636674e+00 1.086996449657156205e+01 9.941824737051000227e+00 3.924854844045896130e+00 1.151880207852797044e-01
0.000000000000000000e+00 0.000000000000000000e+00 5.229988100307192411e-01 1.843280244322705319e-01 8.747474216028811256e+00 7.496527239014883826e+00 1.075340226660617482e+01 3.321031021884988554e+00
0.000000000000000000e+00 3.663368043817389896e-01 3.531490530290662733e+00 4.082154634146771599e+00 8.246179962916372119e+00 8.521564060329424706e+00 1.112475771295364790e+00 4.377722710666565042e+00
0.000000000000000000e+00 5.635556957602991246e-02 4.892569513190588859e-01 6.940575275956663681e+00 6.103899243692267440e+00 6.898409001219055980e+00 8.680154898062705016e+00 3.019119110804535655e-01
0.000000000000000000e+00 0.000000000000000000e+00 4.086064356565546896e-01 1.348967552043921536e+01 1.034761350182857420e+01 2.018640673968122579e-01 3.027961010952106236e+00 1.297888399844577378e+00
0.000000000000000000e+00 7.044446197003738364e-02 7.577929893326726951e-01 4.078692324311806949e+00 7.710188518348124020e+00 9.130247207495807871e+00 5.933204113575231808e+00 3.019119110804535655e-01
0.000000000000000000e+00 3.945165585649504369e-01 3.531490530290656515e+00 6.056589009176785332e+00 5.622395429261166200e+00 7.912880913163040653e+00 1.854126285492304349e-01 3.522839942435280314e+00
0.000000000000000000e+00 8.192356641434295206e-01 6.158538625144646339e+00 1.068255131559620352e+01 3.854993265387119727e+00 2.018640673968064458e+00 2.781189428238385553e+00 1.854126285492304349e-01
0.000000000000000000e+00 5.398697393865474758e-01 7.038329857308169402e+00 8.621006324867108717e+00 7.912880913163021113e+00 2.018640673968122579e-01 1.483301028393807952e+00 0.000000000000000000e+00
0.000000000000000000e+00 0.000000000000000000e+00 2.817778478801495623e-02 1.603197659923579987e+00 3.039025653408794270e+00 4.267142256465454864e+00 1.460839553199329544e+01 1.483301028393807952e+00
0.000000000000000000e+00 3.381570501985289856e-01 8.015988299617884394e-01 5.083238230278113612e+00 3.303594005005513701e+00 2.730691766914960183e+00 8.318669677940642160e+00 3.708252570984502228e+00
0.000000000000000000e+00 2.817778478801495345e-01 2.084175483042805421e+00 3.519164928654074931e+00 6.585786026089023082e+00 7.912880913163040653e+00 1.614912539174459427e+00 1.483301028393807952e+00
0.000000000000000000e+00 1.549778163340822523e-01 9.534887944088150658e-01 4.887729067575113717e+00 3.854193005839768205e+00 1.095629664899495737e+01 4.037281347936245157e-01 1.614912539174459427e+00
0.000000000000000000e+00 0.000000000000000000e+00 0.000000000000000000e+00 5.231837822652831704e+00 6.469538259802474656e+00 1.014471911943979343e+01 2.018640673967930232e-01 0.000000000000000000e+00
0.000000000000000000e+00 5.567406687423777090e-01 6.940575275956663681e+00 5.300754606364330712e+00 3.748263619507450350e+00 4.666570794942304090e+00 0.000000000000000000e+00 0.000000000000000000e+00
0.000000000000000000e+00 7.044446197003738364e-02 9.785806047879925806e-01 5.865274881090141612e+00 6.264528171157841996e+00 7.496527239014901811e-01 6.695514618830275211e+00 0.000000000000000000e+00
0.000000000000000000e+00 7.987547725398453924e-01 6.354047787847646234e+00 2.202396003336991370e+00 7.871353600965637298e+00 2.231838206276770542e+00 4.037281347936052533e-01 0.000000000000000000e+00
0.000000000000000000e+00 0.000000000000000000e+00 3.035646899214519578e+00 3.519164928654084701e+00 3.303594005005513701e+00 5.247569067310411839e+00 3.854993265387119727e+00 0.000000000000000000e+00
0.000000000000000000e+00 1.408889239400747673e-01 3.542895164724234047e-01 7.136084438659665352e+00 5.943270316226676009e+00 3.748263619507450350e+00 8.115775295551842516e-01 2.028943823887815467e-01
0.000000000000000000e+00 2.395111706981271071e-01 1.581449233233544804e+00 1.634949319579013682e+00 5.643639758551085350e+00 1.124402492259102049e+00 5.622395429261166200e+00 1.623155059110368503e+00
0.000000000000000000e+00 0.000000000000000000e+00 8.397165557470159802e-01 2.812112829675898595e+00 3.382356696864459611e+00 4.658238896502014725e+00 5.072359559719886946e+00 0.000000000000000000e+00
0.000000000000000000e+00 1.127111391520598249e-01 1.387382590318480213e+00 3.198974372009261380e+00 8.031446373279290896e+00 1.874131809753734057e+00 1.420260676721567306e+00 0.000000000000000000e+00
0.000000000000000000e+00 3.099556326681645047e-01 2.024511522699559973e-01 2.234169221628941493e+00 3.965521644599729445e+00 5.461383533829920367e+00 1.686718628778357099e+00 1.420260676721567306e+00
0.000000000000000000e+00 1.154223277442250062e+00 2.485122965760095060e+00 3.382356696864459611e+00 3.694465331708487454e+00 1.311892266827602960e+00 2.623784533655224127e+00 0.000000000000000000e+00
0.000000000000000000e+00 0.000000000000000000e+00 3.945165585649504369e-01 8.015988299617884394e-01 4.887729067575113717e+00 3.165944254796946744e+00 4.123089981458186060e+00 5.622395429261131117e-01
0.000000000000000000e+00 0.000000000000000000e+00 5.229988100307192411e-01 1.585785693619526482e+00 5.598383498258426627e+00 4.658238896501998738e+00 5.622395429261309863e-01 1.874131809753591116e-01
0.000000000000000000e+00 5.904825274540378421e-01 2.125185357159239175e+00 2.737128277842056256e+00 1.516228864111655028e+00 4.336981041570832751e+00 1.124479085852226223e+00 0.000000000000000000e+00
0.000000000000000000e+00 0.000000000000000000e+00 5.635556957602991246e-02 2.854414248515144692e+00 3.323655765951084806e+00 3.578893505422634291e+00 1.606289274655857913e+00 1.874131809753769862e-01
0.000000000000000000e+00 0.000000000000000000e+00 5.904825274540378421e-01 1.404553042920152039e+00 5.715016487805480772e+00 3.373207476777306368e+00 0.000000000000000000e+00 1.874131809753769862e-01
0.000000000000000000e+00 0.000000000000000000e+00 3.945165585649504369e-01 3.662286475856980417e+00 3.615622675958567456e+00 1.651797002502763512e+00 1.606289274655857913e+00 1.874131809753769862e-01
0.000000000000000000e+00 0.000000000000000000e+00 2.817778478801495623e-02 8.397165557470179786e-01 2.681316884109574694e+00 5.781289508759653195e+00 1.445660347190267592e+00 0.000000000000000000e+00
0.000000000000000000e+00 3.945165585649504369e-01 1.204913701511269863e+00 1.504153374012689337e+00 2.052846208381551740e+00 3.165944254796946744e+00 1.606289274655857913e+00 5.622395429261131117e-01
0.000000000000000000e+00 0.000000000000000000e+00 1.664859108382177544e+00 2.639153856907634932e+00 1.661827882975542403e+00 3.165944254796946744e+00 8.031446373279214068e-01 1.606289274655904042e-01
0.000000000000000000e+00 8.601974473506023289e-01 1.798233763750122671e+00 2.834882859193569971e+00 1.282962885017547405e+00 3.051949621846141270e+00 0.000000000000000000e+00 0.000000000000000000e+00
0.000000000000000000e+00 5.567406687423777090e-01 1.016645935650136057e+00 1.569551346795851510e+00 1.857337045678542520e+00 3.303594005005513701e+00 9.637735647935117278e-01 3.212578549311654874e-01
0.000000000000000000e+00 5.736115980982078311e-01 3.204500666374858753e+00 2.052846208381551740e+00 3.165944254796946744e+00 1.606289274655750554e-01 1.606289274655904042e-01 0.000000000000000000e+00
0.000000000000000000e+00 2.254222783041196498e-01 7.276625009962000012e-01 2.550520938543257010e+00 1.075300394866523623e+00 2.332659790941009170e+00 1.651797002502763512e+00 3.212578549311654874e-01
0.000000000000000000e+00 8.806783389541884555e-01 2.681316884109574694e+00 1.955091627030047130e+00 1.282962885017547405e+00 6.882487510428082489e-01 9.637735647935271599e-01 1.606289274655904042e-01
0.000000000000000000e+00 8.453335436404486869e-02 5.061278806748891190e-01 3.073704720808541069e+00 2.052846208381551740e+00 1.927096502919871224e+00 6.882487510428212385e-01 0.000000000000000000e+00
0.000000000000000000e+00 5.398697393865474758e-01 2.125185357159239175e+00 1.679461545304864023e+00 5.865274881090094539e-01 1.982760822299859171e+00 5.505990008342545039e-01 5.505990008342545039e-01
0.000000000000000000e+00 3.945165585649504369e-01 3.072133740537863478e-01 2.681316884109574694e+00 1.857337045678542520e+00 2.202396003337004693e+00 2.752995004171206461e-01 1.376497502085669011e-01
0.000000000000000000e+00 0.000000000000000000e+00 5.736115980982078311e-01 1.449861205594996871e+00 2.159307701106249588e+00 2.099393811846912428e+00 5.505990008342415143e-01 6.882487510428082489e-01
0.000000000000000000e+00 0.000000000000000000e+00 1.179315087821430019e+00 8.155469281471834364e-01 2.239282060406483144e+00 2.565925770035105913e+00 1.376497502085537450e-01 2.752995004171338023e-01
0.000000000000000000e+00 2.817778478801495623e-02 2.817778478801495345e-01 2.038867320367961256e+00 3.519164928654084701e+00 1.049696905923461765e+00 0.000000000000000000e+00 0.000000000000000000e+00
0.000000000000000000e+00 1.268000315460673100e-01 9.785806047879950231e-01 1.471282170341011053e+00 1.439538467404171573e+00 7.820366508120187854e-01 1.399595874564589781e+00 4.129492506256874917e-01
0.000000000000000000e+00 3.240445250621719619e-01 1.393181467372407223e+00 2.639153856907642925e+00 1.075300394866523623e+00 4.665319581882040323e-01 0.000000000000000000e+00 3.498989686411502209e-01
0.000000000000000000e+00 3.522469272901332382e-01 3.686560488645452827e-01 1.087395904196243102e+00 1.111765537313729624e+00 1.857337045678542520e+00 4.665319581882040323e-01 8.258985012513622159e-01
0.000000000000000000e+00 0.000000000000000000e+00 1.831556011220971947e-01 2.401332621766714581e+00 2.159307701106249588e+00 2.932637440545047269e-01 4.887729067575140585e-01 1.166329895470426259e-01
0.000000000000000000e+00 1.268000315460673100e-01 2.395279105572917233e-01 1.767018344318901146e+00 1.242561482880047530e+00 1.955091627030047130e+00 1.166329895470426259e-01 0.000000000000000000e+00
0.000000000000000000e+00 0.000000000000000000e+00 3.945165585649504369e-01 1.204913701511269863e+00 1.438755401229527386e+00 0.000000000000000000e+00 8.797179523025526748e-01 1.075300394866523623e+00
0.000000000000000000e+00 0.000000000000000000e+00 2.817778478801495345e-01 1.048244623796185326e+00 1.961939183494811001e+00 1.564073301624037571e+00 0.000000000000000000e+00 0.000000000000000000e+00
0.000000000000000000e+00 4.226667718202243434e-02 1.129131467063070104e+00 8.608550908220282682e-01 5.885817550484457872e-01 1.955091627030047130e+00 0.000000000000000000e+00 0.000000000000000000e+00
0.000000000000000000e+00 4.086064356565546896e-01 7.091066572738903284e-01 2.259213190333656807e-01 1.700347292362169416e+00 7.197692337020857867e-01 4.887729067575047326e-01 0.000000000000000000e+00
0.000000000000000000e+00 4.226667718202243434e-02 3.099772960153174828e-01 1.902942832343431201e+00 1.679461545304864023e+00 0.000000000000000000e+00 7.997435930023347184e-02 0.000000000000000000e+00
0.000000000000000000e+00 2.395111706981271071e-01 8.029379321337400954e-01 8.155469281471834364e-01 1.759435904605097800e+00 0.000000000000000000e+00 9.775458135149531214e-02 0.000000000000000000e+00
0.000000000000000000e+00 3.945165585649504369e-01 2.867324824501999991e-01 1.132704066871087933e+00 7.193777006147700215e-01 8.797179523025450143e-01 0.000000000000000000e+00 0.000000000000000000e+00
0.000000000000000000e+00 8.453335436404486869e-02 1.549778163340822523e-01 1.109906072254786213e+00 1.198822509166748373e+00 1.961939183494862127e-01 1.307959455663177673e-01 2.399230779006926717e-01
0.000000000000000000e+00 0.000000000000000000e+00 2.113333859101121648e-01 8.531215528920976787e-01 4.141890848944993486e-01 8.173789835227833755e-01 5.231837822652838366e-01 0.000000000000000000e+00
0.000000000000000000e+00 0.000000000000000000e+00 1.408889239400747811e-02 0.000000000000000000e+00 1.154223277442250062e+00 9.061632534968685482e-01 3.814435256439702715e-01 6.539797278315571949e-02
0.000000000000000000e+00 0.000000000000000000e+00 1.972444935161047075e-01 8.782133632712775251e-01 8.155469281471834364e-01 0.000000000000000000e+00 3.269515934091166143e-01 0.000000000000000000e+00
0.000000000000000000e+00 1.268000315460673100e-01 4.226667718202243434e-02 5.529840732968157591e-01 4.624608634394933859e-01 5.890061147729641622e-01 1.089838644697073006e-01 5.449193223485365029e-02
0.000000000000000000e+00 5.635556957602991246e-02 3.522469272901332382e-01 6.474452088152926610e-01 3.765355317222711107e-01 1.359244880245298326e-01 9.061632534968953878e-02 0.000000000000000000e+00
0.000000000000000000e+00 0.000000000000000000e+00 1.127111391520598249e-01 2.536177876488959759e-01 3.481751572609589895e-01 3.391379665222949424e-01 2.259213190333619337e-01 9.061632534968953878e-02
0.000000000000000000e+00 1.127111391520598249e-01 2.395279105572902245e-01 3.686560488645452827e-01 1.505508622750749981e-01 1.541536211464988593e-01 3.765355317222823794e-02 0.000000000000000000e+00
0.000000000000000000e+00 0.000000000000000000e+00 1.268000315460673100e-01 7.044446197003738364e-02 2.113481563740802205e-01 2.867324824502021086e-01 1.003672415167175119e-01 0.000000000000000000e+00
0.000000000000000000e+00 4.226667718202243434e-02 4.226667718202243434e-02 3.240671731069232342e-01 1.180965054908072187e-01 0.000000000000000000e+00 0.000000000000000000e+00 0.000000000000000000e+00
0.000000000000000000e+00 0.000000000000000000e+00 0.000000000000000000e+00 1.549778163340822523e-01 4.226667718202243434e-02 5.635556957602991246e-02 0.000000000000000000e+00 0.000000000000000000e+00
