0.000000000000000000e+00 1.209625596275486865e-03 1.931002194289397877e+01 7.432511711423532841e-01 1.454871959804337855e+01 1.460379042118660486e-01 2.439883060606643639e+01 3.024780090086886218e-03
0.000000000000000000e+00 1.995768250049388334e-02 3.794285999291798612e-04 2.004522181790931867e+01 1.944501693344682369e-01 1.473018190819767703e+01 1.838190039299320944e+01 3.024780090086886218e-03
0.000000000000000000e+00 7.577572960642146860e-02 1.830140272698828241e+01 5.991840595548506565e-01 1.454871959804337855e+01 5.525090940211851986e-01 1.838190039299320944e+01 3.024780090086886218e-03
0.000000000000000000e+00 1.209625596275486865e-03 1.240470293063422247e+01 6.067106434331278386e+00 1.164454865705596731e+01 6.877312452119819230e-01 1.838185100027560992e+01 2.108205685491198675e-03
0.000000000000000000e+00 1.209625596275486865e-03 1.608544321020555046e+01 1.670467882798367942e-01 2.298051633441312511e-02 1.706856280942316317e+01 2.603300607189055871e+00 1.203069290725962937e+01
0.000000000000000000e+00 2.926069035148181133e-02 1.559190364521944261e+01 1.708979632393539561e+01 3.018510318553125238e+00 9.041354430302982692e+00 6.768991923018682910e-02 3.024780090086886218e-03
0.000000000000000000e+00 3.856369820246974278e-02 1.198428305535350447e+01 1.872336109401016913e+01 4.210773091871567786e+00 9.165962801453813924e+00 2.420356593052449060e-02 2.108205685491198675e-03
0.000000000000000000e+00 1.209625596275486865e-03 9.370406538542967567e+00 1.999389561060273834e+01 1.460019913241383527e-01 6.378572336743809856e+00 6.548083083925974712e+00 2.108205685491198675e-03
0.000000000000000000e+00 1.995768250049388334e-02 1.198432031646320972e+01 1.872337213250394328e+01 5.525090940211851986e-01 5.509870871165031048e+00 4.528701139346217985e+00 3.024780090086886218e-03
0.000000000000000000e+00 1.995768250049388334e-02 9.193648085023959027e+00 4.488921725373939964e+00 1.273376085045791228e+01 7.868839767110424432e+00 6.497005358264152264e+00 3.024780090086886218e-03
0.000000000000000000e+00 4.153969300877937698e-01 9.041645653679182715e+00 1.781588650703089982e+01 1.365315195631250145e+00 3.025930440858796810e+00 9.228282501377448099e+00 2.108205685491198675e-03
0.000000000000000000e+00 8.990174783201789754e-01 7.570464549535113719e+00 5.060403558239523036e+00 1.164464896562136609e+01 5.565492354320853430e+00 9.228313530073881665e+00 2.108205685491198675e-03
0.000000000000000000e+00 1.107407760436768029e+00 7.570474610095153878e+00 3.192354402762010768e+00 1.527470045610111526e+01 3.641359030023615162e+00 8.729778882975754328e+00 2.420356593052449060e-02
0.000000000000000000e+00 6.376412030290397048e-01 5.923999641883095357e+00 9.422845846174231710e+00 8.195972731119036681e+00 7.868826347418626632e+00 6.545100384966683116e+00 2.108205685491198675e-03
0.000000000000000000e+00 6.209250856757788650e-01 8.305911561945686472e+00 1.690839075217413523e+01 2.178269551385579650e+00 5.302274539185287239e+00 4.528701139346217985e+00 3.024780090086886218e-03
0.000000000000000000e+00 1.545565431838038961e+00 6.834858956443603972e+00 3.624530929729383288e+00 1.527466388639186690e+01 5.094677810821980124e+00 4.490056731478542673e+00 2.345414613217278871e-02
0.000000000000000000e+00 1.574647319044615967e+00 6.729632133210242451e+00 1.727137598974631416e+01 3.533224814880707942e+00 4.661180511317462027e+00 2.937565776354559066e+00 2.108205685491198675e-03
0.000000000000000000e+00 2.813803598752421919e+00 5.363534851038410878e+00 1.327841695302072011e+01 5.656883509370805641e+00 4.160400952571497335e+00 3.176503890624757798e+00 1.502719476530904874e+00
0.000000000000000000e+00 1.661892980664346098e+00 4.333675215092790189e+00 4.488921725373939964e+00 1.255226271242492686e+01 6.238851272873658260e+00 4.305057236106970109e+00 1.610377311060250838e+00
0.000000000000000000e+00 2.939522176379688378e+00 7.303468193634659933e+00 1.128185590687997930e+01 5.323807997025590488e+00 3.121868723329862760e+00 3.741788722607925610e+00 7.781480615796890765e-01
0.000000000000000000e+00 2.112641855628317522e+00 3.715149599167383965e+00 6.073573319191251763e+00 1.091869589420430486e+01 4.752457860274541090e+00 4.973639802564423285e+00 1.159810997456258930e+00
0.000000000000000000e+00 1.209625596275486865e-03 6.190337781040003984e-01 2.003694753069150458e+00 6.328652011066068894e+00 1.763429955656776116e+01 3.226140745342033433e+00 2.871717596664540295e+00
0.000000000000000000e+00 1.209625596275486865e-03 4.137843488630679745e-01 9.356611870934301578e+00 1.654538343761439734e+01 1.229774002778293074e+00 3.001168649142224698e+00 1.689768038199984668e+00
0.000000000000000000e+00 2.676677690172005295e-04 1.632811093457769092e+00 8.911401455708464425e+00 4.389192356158709174e+00 1.255203934722087311e+01 3.848963836090428803e+00 6.548888268807376289e-02
0.000000000000000000e+00 2.676677690172005295e-04 7.795342620464495997e-01 8.200629187547384902e+00 1.763437793569098133e+01 9.541273761606766657e-01 5.525323835876833067e-01 2.603300607189055871e+00
0.000000000000000000e+00 2.676677690172005295e-04 1.155404324153514795e+00 6.939606542305559067e+00 2.126435588772813645e+01 1.084253691506231188e-01 8.189916271382283175e-03 1.191979877516336495e-01
0.000000000000000000e+00 1.209625596275486865e-03 9.015960788939956672e+00 1.042955727585799508e+01 8.740416212722943001e+00 7.572139084501837251e-03 1.735847097024974528e-01 6.879264862154678140e-01
0.000000000000000000e+00 2.676677690172005295e-04 6.376412030290397048e-01 2.741264092755312376e+01 7.388155894491158643e-03 1.326704981926372581e-02 3.890415891714557595e-01 1.354952936535707905e-02
0.000000000000000000e+00 2.676677690172005295e-04 2.112641855628317522e+00 6.099088513476748297e+00 6.906029865640890719e+00 9.647990726093349068e+00 1.907327429020825305e+00 1.046208636797974378e+00
0.000000000000000000e+00 1.209625596275486865e-03 2.676677690172005295e-04 8.768504988951595358e-01 7.675318996507291658e+00 1.291542634683345270e+01 5.338043933204721370e+00 1.460496141102484435e-01
0.000000000000000000e+00 1.209625596275486865e-03 5.136292367970312966e+00 5.447514228776092260e+00 1.237083564445061334e+01 2.336685845669558503e+00 8.187355520403651887e-01 2.037992387388018120e-02
0.000000000000000000e+00 1.209625596275486865e-03 5.076590357477271276e+00 5.571295351892501024e+00 1.327832633461552625e+01 1.008747537547094897e+00 3.392478961500209889e-01 1.280301058343648150e-02
0.000000000000000000e+00 1.209625596275486865e-03 2.934780794300049234e+00 1.080978399685196401e+01 3.818854610693829255e+00 3.760374965569469596e-01 2.099328968399365447e-01 6.348765148333460395e+00
0.000000000000000000e+00 1.209625596275486865e-03 2.676677690172005295e-04 4.963941186442863973e+00 5.695242790359714036e+00 3.718045458879391418e+00 9.466615369261273116e+00 1.267211383909788540e-02
0.000000000000000000e+00 1.209625596275486865e-03 1.209625596275486865e-03 1.224683938001719374e+00 2.091713451451508554e+00 5.200190865677422281e+00 1.454883121000706936e+01 1.787677133993594847e-01
0.000000000000000000e+00 1.209625596275486865e-03 3.654623501488528436e+00 2.830956426114874525e+00 3.097417570288826472e+00 1.200783936838464783e+01 1.254899934487907834e-02 5.235138238240304442e-01
0.000000000000000000e+00 2.676677690172005295e-04 1.632811093457769092e+00 9.158723165684129697e+00 5.563668603993646045e+00 4.928972502400368327e+00 1.941142495342765839e-01 1.886099459861056427e-01
0.000000000000000000e+00 1.209625596275486865e-03 2.676677690172005295e-04 2.934780794300049234e+00 6.808393828777560053e+00 2.904198691853444814e+00 7.288720212510944485e+00 9.110915302178509423e-01
0.000000000000000000e+00 1.209625596275486865e-03 5.016888346984228697e+00 5.695162837070549600e+00 5.731453290255563715e+00 5.730000012387583830e-01 2.548789037703789617e+00 5.550902324686706191e-01
0.000000000000000000e+00 1.209625596275486865e-03 2.934780794300049234e+00 3.184456027626824337e+00 4.903628329137317721e+00 4.053508994229222395e+00 4.021464623865419696e+00 3.746148987965750576e-01
0.000000000000000000e+00 1.209625596275486865e-03 4.422895982433514561e-01 4.722569183476839072e+00 7.064453490364145161e+00 5.473738832181124891e+00 9.161229329344733330e-01 1.331123955783650344e-02
0.000000000000000000e+00 2.676677690172005295e-04 6.042089683225179142e-01 4.359639220034623897e+00 7.081983423914190112e+00 4.912914967150187273e+00 9.154383361607186798e-01 1.324239668836430309e-02
0.000000000000000000e+00 2.676677690172005295e-04 2.897615983837266374e+00 1.963329280603607563e+00 3.963384007969278588e+00 6.067039218777925846e+00 1.117494415337708435e+00 9.206320359443307400e-01
0.000000000000000000e+00 1.209625596275486865e-03 1.200685656143346325e+00 1.352940649236685999e+00 6.561039860617382757e+00 5.731453290255563715e+00 9.204807108758090717e-01 5.729109542032982949e-01
0.000000000000000000e+00 2.676677690172005295e-04 1.389829458016242081e-01 4.360498307094924364e+00 5.200448005117013217e+00 3.885838297372948169e+00 6.827554564725786257e-01 1.480637686872023240e+00
0.000000000000000000e+00 2.676677690172005295e-04 2.676677690172005295e-04 2.024199221810145388e-01 4.002215309573679214e+00 8.360915410391193348e+00 2.375616603618578626e+00 1.283184049435758846e-02
0.000000000000000000e+00 2.676677690172005295e-04 1.209625596275486865e-03 2.218018772016797424e+00 8.169074579172386663e+00 2.327936638536383551e+00 1.200607090616760297e+00 1.793599409144343848e-01
0.000000000000000000e+00 2.676677690172005295e-04 2.676677690172005295e-04 3.860450497125139879e+00 4.312588164928934376e+00 3.751315062986504412e+00 5.299850547374442833e-01 1.033302615852058626e+00
0.000000000000000000e+00 1.209625596275486865e-03 2.214044560469055511e+00 2.326369378610752214e+00 4.334576370942928136e+00 2.183870580794239125e+00 8.504468356200710621e-01 6.976947802422736045e-01
0.000000000000000000e+00 2.676677690172005295e-04 2.676677690172005295e-04 1.661892980664346098e+00 1.673950260560392200e+00 3.472014784730137915e+00 3.912648614374297118e+00 1.201111855025730479e+00
0.000000000000000000e+00 2.676677690172005295e-04 1.661892980664346098e+00 4.333227331616622102e+00 2.729044937103152435e+00 7.432963724425091234e-01 2.188239874367940541e+00 1.155055808486064872e-02
0.000000000000000000e+00 2.676677690172005295e-04 3.660285311628640237e+00 1.527714402304906072e+00 1.370477958873935975e+00 2.865014914340399343e+00 1.882236850259106475e+00 1.146854928559638831e-02
0.000000000000000000e+00 1.209625596275486865e-03 9.658956890203081180e-03 1.200694222579935966e+00 4.863428780829953446e+00 2.988720000858734238e+00 1.895752896149324407e+00 1.140342014996428496e-02
0.000000000000000000e+00 1.209625596275486865e-03 3.423363873480162346e-04 2.934780794300049234e+00 2.665002462557560126e+00 1.896170846456705972e+00 3.192354402762010768e+00 1.138489263898369297e-02
0.000000000000000000e+00 2.676677690172005295e-04 1.995768250049388334e-02 6.023271481130169080e-01 3.851206681413013921e+00 2.631427604159509048e+00 3.192363164243817941e+00 1.944825990479432942e-01
0.000000000000000000e+00 2.676677690172005295e-04 1.661892980664346098e+00 4.333227331616622102e+00 2.493905661019397257e+00 8.704782313982172282e-01 7.298169371764365865e-01 9.701744519348567616e-03
0.000000000000000000e+00 2.676677690172005295e-04 1.227399169728634609e+00 4.863428780829953446e+00 2.865016415898899105e+00 1.535582271657687792e-01 7.265379651248519144e-01 9.597765221560462107e-03
0.000000000000000000e+00 1.209625596275486865e-03 1.483595361511509114e-01 1.617109383504179432e+00 4.068156011443505804e+00 2.976493504581207095e+00 7.432821575696660910e-01 9.652115900620745689e-03
0.000000000000000000e+00 1.209625596275486865e-03 1.224683938001719374e+00 1.002758848840718864e+00 1.818315560077586879e+00 2.328757440314129568e+00 2.472060191149724417e+00 4.418286428679927269e-01
0.000000000000000000e+00 2.676677690172005295e-04 2.676677690172005295e-04 1.603729206251192307e+00 4.510002760241983211e+00 1.998703617946423483e+00 5.000613773157954745e-01 2.975385242269149577e-01
0.000000000000000000e+00 2.676677690172005295e-04 3.185437929498536355e-04 2.676677690172005295e-04 1.227399169728634609e+00 2.091918403481568323e+00 5.091660299545081259e+00 1.670677848522516828e-01
0.000000000000000000e+00 1.209625596275486865e-03 2.676677690172005295e-04 8.768504988951595358e-01 3.778735638327772595e+00 2.328757440314129568e+00 1.366062947427886032e+00 9.499384843311449791e-03
0.000000000000000000e+00 1.209625596275486865e-03 2.676677690172005295e-04 9.665481758140425511e-03 6.190397450961452330e-01 5.835384719590299696e+00 1.488064265005048403e+00 1.316072421506566670e-01
0.000000000000000000e+00 1.209625596275486865e-03 8.370227601372496329e-01 1.753371773170753212e+00 2.566070396667108344e+00 2.370202076059563012e+00 1.534531749090333186e-01 2.301550466440289641e-02
0.000000000000000000e+00 1.209625596275486865e-03 1.200685656143346325e+00 3.343091892993464320e+00 7.121577139729154959e-01 1.067717616921379564e+00 1.118550292596563800e+00 1.977921255976987369e-02
0.000000000000000000e+00 2.676677690172005295e-04 2.982894634335928608e-01 9.608237119821985139e-01 2.689609008320483774e+00 2.538928653636027377e+00 5.027179970301614009e-01 1.317013881537008602e-01
0.000000000000000000e+00 2.676677690172005295e-04 1.603729206251192307e+00 1.733684423983429035e+00 1.947557859932397051e+00 1.267502514926228674e+00 1.435051379089723467e-01 1.435010699478124208e-01
0.000000000000000000e+00 1.209625596275486865e-03 2.676677690172005295e-04 8.967643682741144318e-01 1.049280150012030788e+00 3.184641768644973059e+00 7.524556595265216030e-01 6.383367282492631301e-01
0.000000000000000000e+00 1.209625596275486865e-03 9.602106710608576332e-03 8.768576073581864083e-01 1.603262341352304388e+00 2.566133343844936743e+00 1.172802307610190331e+00 1.980541736520861559e-02
0.000000000000000000e+00 2.676677690172005295e-04 1.995768250049388334e-02 5.521812123029149477e-01 1.426422663900087207e+00 1.963481784296669419e+00 2.013497454251378382e+00 1.981252838841337030e-02
0.000000000000000000e+00 1.209625596275486865e-03 1.209625596275486865e-03 2.012236831339762055e-01 2.904291374525259428e+00 1.382659275104364927e+00 8.978085457351617782e-01 2.270223494219482663e-01
0.000000000000000000e+00 2.676677690172005295e-04 3.302946413878863978e-04 1.209625596275486865e-03 8.768504988951595358e-01 1.653369775136821040e+00 2.576533143799146330e+00 2.166007273350712969e-01
0.000000000000000000e+00 1.209625596275486865e-03 2.676677690172005295e-04 1.661892980664346098e+00 1.733736298526987962e+00 7.291178985159355586e-01 8.978085457351617782e-01 1.684902538011394738e-02
0.000000000000000000e+00 1.209625596275486865e-03 9.332917736949986054e-02 4.352148151250535002e-01 1.384491870382360545e+00 1.963481784296669419e+00 8.976685666614553361e-01 1.684902538011394738e-02
0.000000000000000000e+00 2.676677690172005295e-04 1.209625596275486865e-03 8.768504988951595358e-01 1.653298882762170630e+00 1.391269842616408736e+00 2.792611070434932174e-01 2.689651853023935502e-01
0.000000000000000000e+00 1.209625596275486865e-03 1.152689092426599560e+00 5.282815573614985105e-01 1.375551828065842308e+00 7.377700636686532754e-01 2.703099423316301930e-01 1.025345962771079811e-01
0.000000000000000000e+00 1.209625596275486865e-03 2.676677690172005295e-04 2.968917048321723651e-01 1.371254401881697227e+00 1.375594827315921531e+00 7.377700636686532754e-01 1.025332674173042996e-01
0.000000000000000000e+00 1.209625596275486865e-03 1.209625596275486865e-03 4.280369735532097430e-01 1.090250721635881881e+00 8.027419205402048785e-01 1.246041911953022829e+00 5.207514437156160123e-03
0.000000000000000000e+00 1.209625596275486865e-03 2.676677690172005295e-04 8.768504988951595358e-01 6.687708877215801095e-01 1.136786785343754325e+00 5.925323191053575300e-01 1.163762598753347380e-02
0.000000000000000000e+00 2.676677690172005295e-04 6.209250856757788650e-01 9.146501959986960140e-01 1.263032735468549550e+00 1.568537657679404396e-01 4.059749361861170018e-03 4.081956775444574304e-03
0.000000000000000000e+00 2.676677690172005295e-04 8.990174783201789754e-01 3.501728379165416349e-01 1.002783708011482977e+00 2.483490724897087498e-01 6.302509129654122744e-02 8.423456178350646750e-02
0.000000000000000000e+00 1.209625596275486865e-03 2.676677690172005295e-04 8.768504988951595358e-01 5.985196101292604709e-01 8.027419205402048785e-01 6.924304101058333105e-02 9.543965136312603306e-03
0.000000000000000000e+00 2.676677690172005295e-04 1.601286045947543368e-01 5.981869683847395036e-01 6.336736827842391895e-01 3.000001602926843369e-01 3.529132529450980660e-01 3.091257930130048535e-03
0.000000000000000000e+00 2.676677690172005295e-04 1.918470927844495022e-01 3.349886978698685125e-01 8.795533913714022045e-01 3.000001602926843369e-01 5.258112356126902476e-02 7.979743566336149063e-03
0.000000000000000000e+00 1.209625596275486865e-03 2.676677690172005295e-04 4.137843488630679745e-01 5.289026052882153106e-01 6.274636279000070371e-02 3.527198452121427796e-01 1.323753901229960672e-01
0.000000000000000000e+00 1.209625596275486865e-03 1.209625596275486865e-03 7.472316166752410171e-02 5.020678538145497694e-01 3.129599896529857150e-01 2.824623508506678426e-01 5.566541989853747950e-03
0.000000000000000000e+00 2.676677690172005295e-04 2.024199221810145388e-01 1.288336605740813545e-01 3.194139783365942953e-01 1.717463429262289232e-01 5.945155237411538923e-02 1.264140862602356917e-03
